958.1355132469862,0.044837245034562705
958.2355132469862,0.04668581308154217
958.3355132469862,0.048594551441124664
958.4355132469863,0.05056463450593415
958.5355132469863,0.05259722251352215
958.6355132469863,0.05469345941018208
958.7355132469863,0.05685447065595758
958.8355132469864,0.05908136097291356
958.9355132469864,0.06137521203895594
959.0355132469864,0.06373708012970385
959.1355132469864,0.06616799371113988
959.2355132469864,0.06866895098598544
959.3355132469865,0.07124091739697175
959.4355132469865,0.07388482309039905
959.5355132469865,0.0766015603435994
959.6355132469865,0.0793919809601398
959.7355132469866,0.08225689363681997
959.8355132469866,0.08519706130673665
959.9355132469866,0.08821319846289781
960.0355132469866,0.09130596846707897
960.1355132469866,0.09447598084881707
960.2355132469867,0.0977237885996339
960.3355132469867,0.10104988546777292
960.4355132469867,0.10445470325891494
960.5355132469867,0.10793860914851404
960.6355132469868,0.11150190301156046
960.7355132469868,0.11514481477573206
960.8355132469868,0.11886750180404236
960.9355132469868,0.12267004631322491
961.0355132469869,0.12655245283421637
961.1355132469869,0.1305146457212067
961.2355132469869,0.13455646671582128
961.3355132469869,0.13867767257307662
961.435513246987,0.142877932755818
961.535513246987,0.1471568272043933
961.635513246987,0.15151384418835062
961.735513246987,0.15594837824696092
961.835513246987,0.16045972822536306
961.9355132469871,0.1650470954131077
962.0355132469871,0.16970958179183532
962.1355132469871,0.17444618839876502
962.2355132469871,0.17925581381258882
962.3355132469871,0.1841372527682707
962.4355132469872,0.1890891949071259
962.5355132469872,0.19411022366842046
962.6355132469872,0.1991988153285663
962.7355132469872,0.20435333819380957
962.8355132469873,0.2095720519521061
962.9355132469873,0.21485310718965656
963.0355132469873,0.2201945450773309
963.1355132469873,0.2255942972319487
963.2355132469874,0.23105018575709838
963.3355132469874,0.23655992346787724
963.4355132469874,0.24212111430361113
963.5355132469874,0.247731253932271
963.6355132469874,0.25338773054994806
963.7355132469875,0.2590878258783697
963.8355132469875,0.264828716363046
963.9355132469875,0.2706074745742298
964.0355132469875,0.27642107081244544
964.1355132469876,0.2822663749199053
964.2355132469876,0.2881401582986809
964.3355132469876,0.29403909613603046
964.4355132469876,0.2999597698368119
964.5355132469876,0.30589866966242274
964.6355132469877,0.3118521975752175
964.7355132469877,0.3178166702868504
964.8355132469877,0.32378832250848694
964.9355132469877,0.3297633104003134
965.0355132469878,0.3357377152172622
965.1355132469878,0.3417075471473535
965.2355132469878,0.34766874933853775
965.3355132469878,0.3536172021094086
965.4355132469879,0.3595487273386462
965.5355132469879,0.36545909302754087
965.6355132469879,0.37134401802944866
965.7355132469879,0.3771991769395368
965.835513246988,0.38302020513769297
965.935513246988,0.38880270397699995
966.035513246988,0.39454224610971805
966.135513246988,0.4002343809422704
966.235513246988,0.40587464021029807
966.3355132469881,0.4114585436644376
966.4355132469881,0.4169816048570809
966.5355132469881,0.4224393370200016
966.6355132469881,0.4278272590223836
966.7355132469881,0.43314090139845396
966.8355132469882,0.43837581243361984
966.9355132469882,0.44352756429773027
967.0355132469882,0.4485917592138288
967.1355132469882,0.45356403565054043
967.2355132469883,0.4584400745260365
967.3355132469883,0.4632156054113604
967.4355132469883,0.4678864127207538
967.5355132469883,0.4724483418765256
967.6355132469884,0.47689730543592623
967.7355132469884,0.4812292891674565
967.8355132469884,0.4854403580640264
967.9355132469884,0.48952666228041075
968.0355132469884,0.4934844429825035
968.1355132469885,0.49731003809597
968.2355132469885,0.5009998879420197
968.3355132469885,0.5045505407481847
968.4355132469885,0.5079586580221829
968.5355132469886,0.5112210197771704
968.6355132469886,0.5143345295969494
968.7355132469886,0.517296219529988
968.8355132469886,0.5201032548014328
968.9355132469886,0.5227529383326476
969.0355132469887,0.5252427150581974
969.1355132469887,0.5275701760306092
969.2355132469887,0.5297330623036788
969.3355132469887,0.5317292685855656
969.4355132469888,0.5335568466534042
969.5355132469888,0.5352140085216832
969.6355132469888,0.5366991293571769
969.7355132469888,0.5380107501337799
969.8355132469889,0.5391475800211705
969.9355132469889,0.5401084985018313
970.0355132469889,0.5408925572115644
970.1355132469889,0.5414989814992694
970.235513246989,0.5419271717023971
970.335513246989,0.5421767041351316
970.435513246989,0.5422467638634887
970.535513246989,0.5420765177768327
970.635513246989,0.5416253107706998
970.7355132469891,0.540893844474654
970.8355132469891,0.5398832554948577
970.9355132469891,0.5385951124710109
971.0355132469891,0.5370314120189791
971.1355132469891,0.5351945735738007
971.2355132469892,0.5330874331517168
971.3355132469892,0.5307132360537371
971.4355132469892,0.5280756285370167
971.5355132469892,0.5251786484839625
971.6355132469893,0.522026715102489
971.7355132469893,0.5186246176941963
971.8355132469893,0.5149775035304217
971.9355132469893,0.5110908648791146
972.0355132469894,0.5069705252282903
972.1355132469894,0.50262262475441
972.2355132469894,0.49805360508641294
972.3355132469894,0.4932701934182802
972.4355132469894,0.48827938602491694
972.5355132469895,0.48308843123781836
972.6355132469895,0.47770481193840386
972.7355132469895,0.47213622762807705
972.8355132469895,0.46639057613498247
972.9355132469896,0.4604759350180911
973.0355132469896,0.45440054272964436
973.1355132469896,0.44817277959713425
973.2355132469896,0.44180114868588527
973.3355132469896,0.4352942566029469
973.4355132469897,0.42866079430239834
973.5355132469897,0.4219095179513255
973.6355132469897,0.41504922991465165
973.7355132469897,0.4080887599157074
973.8355132469898,0.4010369464279071
973.9355132469898,0.39390261835118556
974.0355132469898,0.38669457702493437
974.1355132469898,0.3794215786270902
974.2355132469899,0.37209231700676343
974.3355132469899,0.36471540699538624
974.4355132469899,0.35729936823880154
974.5355132469899,0.34985260959003517
974.63551324699,0.34238341409970147
974.73551324699,0.33489992463810364
974.83551324699,0.3274101301801204
974.93551324699,0.31992185278093654
975.03551324699,0.3124427352675885
975.1355132469901,0.30498022966817473
975.2355132469901,0.2975415863974426
975.3355132469901,0.29013384421431615
975.4355132469901,0.28276382096379427
975.5355132469901,0.27543810511253797
975.6355132469902,0.2681630480843902
975.7355132469902,0.26094475739904965
975.8355132469902,0.253789090614161
975.9355132469902,0.24670165006819822
976.0355132469903,0.23968777841872374
976.1355132469903,0.23275255496790373
976.2355132469903,0.2259007927645698
976.3355132469903,0.21913703646963958
976.4355132469904,0.2124655609693578
976.5355132469904,0.20589037071859906
976.6355132469904,0.19941519979439043
976.7355132469904,0.1930435126378735
976.8355132469904,0.18677850546113411
976.9355132469905,0.1806231082936884
977.0355132469905,0.17457998764192967
977.1355132469905,0.1686515497335096
977.2355132469905,0.16283994431745902
977.3355132469906,0.15714706898983719
977.4355132469906,0.15157457401384364
977.5355132469906,0.146123867602625
977.6355132469906,0.14079612163246158
977.7355132469906,0.1355922777536235
977.8355132469907,0.1305130538659344
977.9355132469907,0.12555895092597733
978.0355132469907,0.12073026005290806
978.1355132469907,0.11602706990000668
978.2355132469908,0.11144927425939291
978.3355132469908,0.10699657986774304
978.4355132469908,0.10266851438137771
978.5355132469908,0.09846443448972549
978.6355132469909,0.09438353413690617
978.7355132469909,0.09042485282200954
978.8355132469909,0.08658728394956197
978.9355132469909,0.0828695832026697
979.035513246991,0.07927037691239347
979.135513246991,0.07578817039803842
979.235513246991,0.07242135625422583
979.335513246991,0.06916822256184534
979.435513246991,0.0660269610012551
979.5355132469911,0.06299567484740119
979.6355132469911,0.06007238682785193
979.7355132469911,0.05725504682608957
979.8355132469911,0.054541539413754475
979.9355132469911,0.05192969119689626
980.0355132469912,0.049417277962642704
980.1355132469912,0.047002031614044176
980.2355132469912,0.044681646882184636
980.3355132469912,0.04245378780596404
980.4355132469913,0.0403160939712459
980.5355132469913,0.038266186502322386
980.6355132469913,0.036301673799876366
980.7355132469913,0.03442015702080683
980.8355132469914,0.03261923529643199
980.9355132469914,0.030896510686687178
981.0355132469914,0.029249592868990076
981.1355132469914,0.027676103561453235
981.2355132469914,0.026173680681078178
981.3355132469915,0.02473998223846843
981.4355132469915,0.02337268997144589
981.5355132469915,0.02206951272074876
981.6355132469915,0.02082818955172498
981.7355132469916,0.019646492626616836
981.8355132469916,0.0185222298326566
981.9355132469916,0.017453247171761603
982.0355132469916,0.016437430918131324
982.1355132469916,0.015472709550507368
982.2355132469917,0.014557055466262864
982.3355132469917,0.013688486484841457
982.4355132469917,0.012865067148367864
982.5355132469917,0.012084909827505671
982.6355132469918,0.011346175640843437
982.7355132469918,0.010647075196250667
982.8355132469918,0.009985869162761528
982.9355132469918,0.00936086868161942
983.0355132469919,0.00877043562515142
983.1355132469919,0.008212982712140337
983.2355132469919,0.007686973488326098
983.3355132469919,0.007190922180600235
983.435513246992,0.0067233934333582115
983.535513246992,0.006283001935348778
983.635513246992,0.005868411945207657
983.735513246992,0.005478336723688477
983.835513246992,0.005111537880408378
983.9355132469921,0.004766824642711863
984.0355132469921,0.0044430530540261635
984.1355132469921,0.004139125108836826
984.2355132469921,0.003853987831155619
984.3355132469922,0.0035866323030856826
984.4355132469922,0.003336092649813935
984.5355132469922,0.0031014449870785544
984.6355132469922,0.002881806336873192
984.7355132469922,0.002676333516859467
984.8355132469923,0.002484222008668144
984.9355132469923,0.0023047048099775675
985.0355132469923,0.0021370512749675384
985.1355132469923,0.00198056594745853
985.2355132469924,0.0018345873907613967
985.3355132469924,0.0016984870179825343
985.4355132469924,0.0015716679262545337
985.5355132469924,0.0014535637380938776
985.6355132469924,0.0013436374528256118
985.7355132469925,0.0012413803107610456
985.8355132469925,0.001146310672568895
985.9355132469925,0.001057972916043287
986.0355132469925,0.0009759363522442843
986.1355132469926,0.000899794162768193
986.2355132469926,0.0008291623596962762
986.3355132469926,0.0007636787695717569
986.4355132469926,0.000703002042566282
986.5355132469927,0.0006468106878183701
986.6355132469927,0.0005948021357578951
986.7355132469927,0.0005466918280721512
986.8355132469927,0.000502212335820608
986.9355132469927,0.00046111250606682084
987.0355132469928,0.00042315663726699454
987.1355132469928,0.00038812368353525
987.2355132469928,0.00035580648779537084
987.3355132469928,0.00032601104372758456
987.4355132469929,0.00029855578632633216
987.5355132469929,0.00027327091080084684
987.6355132469929,0.00024999771947423286
987.7355132469929,0.00022858799626839066
987.835513246993,0.00020890340830115897
987.935513246993,0.000190814934068119
988.035513246993,0.0001742023176342624
988.135513246993,0.00015895354821980712
988.235513246993,0.00014496436452948397
988.3355132469931,0.0001321377831452817
988.4355132469931,0.0001203836502785205
988.5355132469931,0.00010961821615793749
988.6355132469931,9.976373131581199e-05
988.7355132469932,9.074806402373523e-05
988.8355132469932,8.250433812309041e-05
988.9355132469932,7.497059049233956e-05
989.0355132469932,6.808944739352097e-05
989.1355132469932,6.180781894362888e-05
989.2355132469933,5.6076610962500145e-05
989.3355132469933,5.085045345721399e-05
989.4355132469933,4.6087445013532746e-05
989.5355132469933,4.17489123773589e-05
989.6355132469934,3.779918452330203e-05
989.7355132469934,3.420538052303465e-05
989.8355132469934,3.0937210542951467e-05
989.9355132469934,2.7966789318549638e-05
990.0355132469934,2.5268461471728912e-05
990.1355132469935,2.281863805671243e-05
990.2355132469935,2.0595643740347434e-05
990.3355132469935,1.8579574043024513e-05
990.4355132469935,1.6752162087221434e-05
990.5355132469936,1.5096654321609318e-05
990.6355132469936,1.3597694709651617e-05
990.7355132469936,1.2241216892577312e-05
990.8355132469936,1.1014343857432345e-05
990.9355132469937,9.905294661525486e-06
991.0355132469937,8.903297784919101e-06
991.1355132469937,7.998510702607156e-06
991.2355132469937,7.181945287618615e-06
991.3355132469937,6.4453986754367926e-06
991.4355132469938,5.781389238796014e-06
991.5355132469938,5.1830973400687076e-06
991.6355132469938,4.644310546065571e-06
991.7355132469938,4.15937300711335e-06
991.8355132469939,3.7231387187328733e-06
991.9355132469939,3.3309284001025044e-06
992.0355132469939,2.9784897387498937e-06
992.1355132469939,2.6619607655635293e-06
992.235513246994,2.3778361382550136e-06
992.335513246994,2.1229361248337364e-06
992.435513246994,1.8943780914842253e-06
992.535513246994,1.689550311468902e-06
992.635513246994,1.5060879233255944e-06
992.7355132469941,1.3418508777006555e-06
992.8355132469941,1.194903722668362e-06
992.9355132469941,1.0634970873491141e-06
993.0355132469941,9.4605073306888e-07
993.1355132469942,8.411380502161097e-07
993.2355132469942,7.474718873674452e-07
993.3355132469942,6.638916071874667e-07
993.4355132469942,5.89351271078583e-07
993.5355132469942,5.229088615833093e-07
993.6355132469943,4.637164581410816e-07
993.7355132469943,4.1101128799389166e-07
993.8355132469943,3.641075798379579e-07
993.9355132469943,3.223891532504474e-07
994.0355132469944,2.8530268199915983e-07
994.1355132469944,2.5235157408658667e-07
994.2355132469944,2.230904158053734e-07
994.3355132469944,1.971199312067322e-07
994.4355132469944,1.7408241222323002e-07
994.5355132469945,1.5365757825861e-07
994.6355132469945,1.355588273752384e-07
994.7355132469945,1.195298442892704e-07
994.8355132469945,1.0534153323903589e-07
994.9355132469946,9.278924643708621e-08
995.0355132469946,8.169028126404168e-08
995.1355132469946,7.188162162530318e-08
995.2355132469946,6.321790098184654e-08
995.3355132469947,5.556956649507369e-08
995.4355132469947,4.882122550386506e-08
995.5355132469947,4.287015718981433e-08
995.6355132469947,3.762497379384201e-08
995.7355132469947,3.3004417133136195e-08
995.8355132469948,2.893627744032839e-08
995.9355132469948,2.535642271511146e-08
996.0355132469948,2.220792784982233e-08
996.1355132469948,1.9440293772045972e-08
996.2355132469949,1.7008747745788504e-08
996.3355132469949,1.4873616794554796e-08
996.4355132469949,1.2999766960654677e-08
996.5355132469949,1.1356101800772893e-08
996.635513246995,9.915114143434319e-09
996.735513246995,8.652485704262393e-09
996.835513246995,7.546729674346105e-09
996.935513246995,6.578871869735347e-09
997.035513246995,5.732166459938192e-09
997.1355132469951,4.991842683860433e-09
997.2355132469951,4.344879316219693e-09
997.3355132469951,3.779803969137336e-09
997.4355132469951,3.286514605189741e-09
997.5355132469952,2.8561209022953205e-09
997.6355132469952,2.480803349824957e-09
997.7355132469952,2.1536881714713125e-09
997.8355132469952,1.868736365727744e-09
997.9355132469952,1.6206453311878047e-09
998.0355132469953,1.404761702995534e-09
998.1355132469953,1.217004170234399e-09
998.2355132469953,1.053795173281163e-09
998.3355132469953,9.120004964923375e-10
998.4355132469954,7.888758762446519e-10
998.5355132469954,6.820198384200911e-10
998.6355132469954,5.893320639194853e-10
998.7355132469954,5.089766566245563e-10
998.8355132469954,4.3934975624395746e-10
998.9355132469955,3.7905099943638437e-10
999.0355132469955,3.268583871954128e-10
999.1355132469955,2.817061653362442e-10
999.2355132469955,2.4266536861479937e-10
999.3355132469956,2.0892671805280127e-10
999.4355132469956,1.7978559590783096e-10
999.5355132469956,1.5462885383974687e-10
999.6355132469956,1.3292323756849915e-10
999.7355132469957,1.1420523604054211e-10
999.8355132469957,9.807218513526192e-11
999.9355132469957,8.417447553188808e-11
1000.0355132469957,7.220873177627941e-11
1000.1355132469957,6.191184506528498e-11
1000.2355132469958,5.305575601076619e-11
1000.3355132469958,4.5442895841572655e-11
1000.4355132469958,3.890220531672168e-11
1000.5355132469958,3.328566020652944e-11
1000.6355132469959,2.846524068490487e-11
1000.7355132469959,2.4330289485847693e-11
1000.8355132469959,2.0785210318261037e-11
1000.9355132469959,1.7747463901991453e-11
1001.035513246996,1.5145824170833703e-11
1001.135513246996,1.2918861762160954e-11
1001.235513246996,1.101362594667902e-11
1001.335513246996,9.384499706931861e-12
1001.435513246996,7.992205804311341e-12
1001.5355132469961,6.802944430168056e-12
1001.6355132469961,5.787645460545126e-12
1001.7355132469961,4.921320464613722e-12
1001.8355132469961,4.182501488345446e-12
1001.9355132469962,3.5527552777284597e-12
1002.0355132469962,3.0162630469144104e-12
1002.1355132469962,2.55945715999896e-12
1002.2355132469962,2.1707072018902763e-12
1002.3355132469962,1.840048882673104e-12
1002.4355132469963,1.5589500676323162e-12
1002.5355132469963,1.3201089663333164e-12
1002.6355132469963,1.1172801618299285e-12
1002.7355132469963,9.451247266238248e-13
1002.8355132469964,7.99081165525323e-13
1002.9355132469964,6.752543559566857e-13
1003.0355132469964,5.703200313307836e-13
1003.1355132469964,4.814426798231548e-13
1003.2355132469964,4.0620501519882936e-13
1003.3355132469965,3.425474236850564e-13
1003.4355132469965,2.8871600587742513e-13
1003.5355132469965,2.432180194373021e-13
