958.1355132469862,2.650954575247796e-15
958.2355132469862,3.1475278289264606e-15
958.3355132469862,3.735416671384114e-15
958.4355132469863,4.431091400989193e-15
958.5355132469863,5.253933186409118e-15
958.6355132469863,6.226737597370416e-15
958.7355132469863,7.376303281369618e-15
958.8355132469864,8.734119840723943e-15
958.9355132469864,1.0337171225081323e-14
959.0355132469864,1.2228873568933149e-14
959.1355132469864,1.44601694254943e-14
959.2355132469864,1.7090803839116438e-14
959.3355132469865,2.0190811728777816e-14
959.4355132469865,2.3842250706013775e-14
959.5355132469865,2.8141218814515497e-14
959.6355132469865,3.3200202861453944e-14
959.7355132469866,3.915081013355939e-14
959.8355132469866,4.6146944492538343e-14
959.9355132469866,5.436849728271248e-14
960.0355132469866,6.402563433934415e-14
960.1355132469866,7.536377286491141e-14
960.2355132469867,8.866935627750046e-14
960.3355132469867,1.0427655159797828e-13
960.4355132469867,1.2257501283554732e-13
960.5355132469867,1.4401887550134956e-13
960.6355132469868,1.691371722215501e-13
960.7355132469868,1.9854588788317733e-13
960.8355132469868,2.3296190533730736e-13
960.9355132469868,2.732191299834418e-13
961.0355132469869,3.2028712422233284e-13
961.1355132469869,3.7529263153624853e-13
961.2355132469869,4.3954442567930147e-13
961.3355132469869,5.145619840910088e-13
961.435513246987,6.021085572650463e-13
961.535513246987,7.042292886353126e-13
961.635513246987,8.232951339654696e-13
961.735513246987,9.620534368082788e-13
961.835513246987,1.1236861391012545e-12
961.9355132469871,1.3118767453750848e-12
962.0355132469871,1.5308873176161075e-12
962.1355132469871,1.7856469580721331e-12
962.2355132469871,2.081853442071526e-12
962.3355132469871,2.4260898954442545e-12
962.4355132469872,2.8259586749973345e-12
962.5355132469872,3.290234909759428e-12
962.6355132469872,3.829042499924404e-12
962.7355132469872,4.454055754704981e-12
962.8355132469873,5.178730285388949e-12
962.9355132469873,6.018567262207445e-12
963.0355132469873,6.991415700378182e-12
963.1355132469873,8.117818069951201e-12
963.2355132469874,9.42140523488562e-12
963.3355132469874,1.092934752922374e-11
963.4355132469874,1.2672869683584572e-11
963.5355132469874,1.4687838336081168e-11
963.6355132469874,1.701543201222853e-11
963.7355132469875,1.9702904754153835e-11
963.8355132469875,2.2804456037912798e-11
963.9355132469875,2.6382221258446747e-11
964.0355132469875,3.0507398906343785e-11
964.1355132469876,3.5261532633210994e-11
964.2355132469876,4.073796872991606e-11
964.3355132469876,4.704351215397818e-11
964.4355132469876,5.430030717202242e-11
964.5355132469876,6.26479719670976e-11
964.6355132469877,7.22460202394186e-11
964.7355132469877,8.327660694772051e-11
964.8355132469877,9.594763994669815e-11
964.9355132469877,1.1049630442904318e-10
965.0355132469878,1.2719305283925198e-10
965.1355132469878,1.4634611935789877e-10
965.2355132469878,1.6830662523369607e-10
965.3355132469878,1.9347434924818407e-10
965.4355132469879,2.2230424652457983e-10
965.5355132469879,2.5531380883745207e-10
965.6355132469879,2.9309137065279085e-10
965.7355132469879,3.36305477448965e-10
965.835513246988,3.8571544656995935e-10
965.935513246988,4.4218326608831666e-10
966.035513246988,5.066869940652824e-10
966.135513246988,5.803358393643671e-10
966.235513246988,6.643871259926704e-10
966.3355132469881,7.602653660212282e-10
966.4355132469881,8.69583691699722e-10
966.5355132469881,9.94167925682308e-10
966.6355132469881,1.1360835995926505e-09
966.7355132469881,1.29766626577533e-09
966.8355132469882,1.48155548533219e-09
966.9355132469882,1.6907329177790523e-09
967.0355132469882,1.928564984265751e-09
967.1355132469882,2.1988506276981493e-09
967.2355132469883,2.505874749740025e-09
967.3355132469883,2.854467967047752e-09
967.4355132469883,3.2500733977375795e-09
967.5355132469883,3.6988212645827643e-09
967.6355132469884,4.207612184414028e-09
967.7355132469884,4.7842101043307546e-09
967.8355132469884,5.437345945354783e-09
967.9355132469884,6.176833123866661e-09
968.0355132469884,7.0136962414094886e-09
968.1355132469885,7.960314365147922e-09
968.2355132469885,9.0305804654225e-09
968.3355132469885,1.0240078734504959e-08
968.4355132469885,1.1606281682987635e-08
968.5355132469886,1.3148769098453541e-08
968.6355132469886,1.4889471156496444e-08
968.7355132469886,1.6852938198197966e-08
968.8355132469886,1.906663993233776e-08
968.9355132469886,2.156129708651915e-08
969.0355132469887,2.4371248820767862e-08
969.1355132469887,2.7534859531834964e-08
969.2355132469887,3.1094969018369234e-08
969.3355132469887,3.509939034839546e-08
969.4355132469888,3.960146017336125e-08
969.5355132469888,4.466064666973694e-08
969.6355132469888,5.034322076226093e-08
969.7355132469888,5.672299679505385e-08
969.8355132469889,6.388214937074926e-08
969.9355132469889,7.19121136764656e-08
970.0355132469889,8.091457726193979e-08
970.1355132469889,9.100257193275333e-08
970.235513246989,1.0230167517369568e-07
970.335513246989,1.1495133132754341e-07
970.435513246989,1.2910630362665155e-07
970.535513246989,1.4493826911266737e-07
970.635513246989,1.6263756948753687e-07
970.7355132469891,1.824151320210141e-07
970.8355132469891,2.04504575800607e-07
970.9355132469891,2.291645198538601e-07
971.0355132469891,2.566811110049432e-07
971.1355132469891,2.8737079075255713e-07
971.2355132469892,3.2158332197934106e-07
971.3355132469892,3.5970509792945935e-07
971.4355132469892,4.02162757626289e-07
971.5355132469892,4.4942713375157323e-07
971.6355132469893,5.020175609766685e-07
971.7355132469893,5.605065748312773e-07
971.8355132469893,6.255250334211624e-07
971.9355132469893,6.977676966694082e-07
972.0355132469894,7.779993002618907e-07
972.1355132469894,8.670611641324346e-07
972.2355132469894,9.658783781323955e-07
972.3355132469894,1.0754676104990936e-06
972.4355132469894,1.1969455878728842e-06
972.5355132469895,1.3315382989194427e-06
972.6355132469895,1.4805909770972149e-06
972.7355132469895,1.6455789217748112e-06
972.8355132469895,1.8281192207543804e-06
972.9355132469896,2.029983441298709e-06
973.0355132469896,2.25311136099627e-06
973.1355132469896,2.499625814232473e-06
973.2355132469896,2.771848734670597e-06
973.3355132469896,3.0723184789837056e-06
973.4355132469897,3.403808522121544e-06
973.5355132469897,3.769347619643471e-06
973.6355132469897,4.172241538101303e-06
973.7355132469897,4.616096460111315e-06
973.8355132469898,5.1048441766118635e-06
973.9355132469898,5.642769184857418e-06
974.0355132469898,6.234537816946777e-06
974.1355132469898,6.885229530116325e-06
974.2355132469899,7.600370496640563e-06
974.3355132469899,8.385969637961857e-06
974.4355132469899,9.2485572546079e-06
974.5355132469899,1.0195226410536012e-05
974.63551324699,1.1233677237751118e-05
974.73551324699,1.2372264334363188e-05
974.83551324699,1.3620047436657651e-05
974.93551324699,1.4986845553229176e-05
975.03551324699,1.6483294756745793e-05
975.1355132469901,1.8120909836443622e-05
975.2355132469901,1.991215002196689e-05
975.3355132469901,2.1870488996632248e-05
975.4355132469901,2.4010489425572168e-05
975.5355132469901,2.6347882231460792e-05
975.6355132469902,2.889965085759924e-05
975.7355132469902,3.1684120764993556e-05
975.8355132469902,3.472105441664278e-05
975.9355132469902,3.803175200851372e-05
976.0355132469903,4.1639158212553084e-05
976.1355132469903,4.556797520251792e-05
976.2355132469903,4.9844782238319765e-05
976.3355132469903,5.449816208891368e-05
976.4355132469904,5.955883457743875e-05
976.5355132469904,6.505979753526134e-05
976.6355132469904,7.103647545369915e-05
976.7355132469904,7.752687612342899e-05
976.8355132469904,8.457175555181726e-05
976.9355132469905,9.221479144756377e-05
977.0355132469905,0.00010050276556002146
977.1355132469905,0.00010948575515725021
977.2355132469905,0.0001192173339221709
977.3355132469906,0.00012975478254001764
977.4355132469906,0.00014115930924251706
977.5355132469906,0.00015349628056475153
977.6355132469906,0.0001668354625593789
977.7355132469906,0.00018125127269967418
977.8355132469907,0.00019682304268759876
977.9355132469907,0.00021363529236570426
978.0355132469907,0.000231778014912002
978.1355132469907,0.0002513469734748746
978.2355132469908,0.00027244400938057037
978.3355132469908,0.0002951773620186723
978.4355132469908,0.0003196620004810943
978.5355132469908,0.0003460199669975012
978.6355132469909,0.0003743807321745025
978.7355132469909,0.00040488156200741495
978.8355132469909,0.0004376678965917708
978.9355132469909,0.000472893740416964
979.035513246991,0.0005107220640764259
979.135513246991,0.0005513252171774372
979.235513246991,0.0005948853521790587
979.335513246991,0.0006415948588286902
979.435513246991,0.0006916568088063919
979.5355132469911,0.0007452854101213278
979.6355132469911,0.0008027064707365313
979.7355132469911,0.0008641578708266659
979.8355132469911,0.0009298900429985846
979.9355132469911,0.0010001664597263712
980.0355132469912,0.001075264127171226
980.1355132469912,0.0011554740844721548
980.2355132469912,0.0012411019075060498
980.3355132469912,0.0013324682160255636
980.4355132469913,0.0014299091829903397
980.5355132469913,0.0015337770448118854
980.6355132469913,0.0016444406111348487
980.7355132469913,0.0017622857726779825
980.8355132469914,0.0018877160055568553
980.9355132469914,0.0020211528704078274
981.0355132469914,0.0021630365045291026
981.1355132469914,0.0023138261051503825
981.2355132469914,0.0024740004018378877
981.3355132469915,0.0026440581159371214
981.4355132469915,0.002824518404851642
981.5355132469915,0.003015921288853241
981.6355132469915,0.0032188280580175933
981.7355132469916,0.0034338216567800987
981.8355132469916,0.003661507043510082
981.9355132469916,0.0039025115224081094
982.0355132469916,0.004157485044941683
982.1355132469916,0.0044271004779496154
982.2355132469917,0.004712053835465413
982.3355132469917,0.005013064471236173
982.4355132469917,0.005330875228845795
982.5355132469917,0.005666252546291298
982.6355132469918,0.006019986511808556
982.7355132469918,0.006392890867700397
982.8355132469918,0.006785802958885621
982.9355132469918,0.007199583622863796
983.0355132469919,0.007635117017777396
983.1355132469919,0.008093310385251655
983.2355132469919,0.008575093744703235
983.3355132469919,0.009081419515833118
983.435513246992,0.009613262066056635
983.535513246992,0.010171617179676209
983.635513246992,0.010757501445669226
983.735513246992,0.011371951561047035
983.835513246992,0.01201602354683998
983.9355132469921,0.01269079187387959
984.0355132469921,0.013397348495682675
984.1355132469921,0.014136801785892758
984.2355132469921,0.014910275377903863
984.3355132469922,0.015718906904478983
984.4355132469922,0.01656384663538185
984.5355132469922,0.017446256011265728
984.6355132469922,0.018367306072306452
984.7355132469922,0.01932817578033023
984.8355132469923,0.020330050233467643
984.9355132469923,0.021374118772666015
985.0355132469923,0.022461572979710288
985.1355132469923,0.023593604566739326
985.2355132469924,0.02477140315759843
985.3355132469924,0.025996153961739515
985.4355132469924,0.027269035341767597
985.5355132469924,0.02859121627613472
985.6355132469924,0.02996385371889899
985.7355132469925,0.031388089858897426
985.8355132469925,0.0328650492811231
985.9355132469925,0.034395836033551765
986.0355132469925,0.03598153060312557
986.1355132469926,0.03762318680507388
986.2355132469926,0.03932182859022902
986.3355132469926,0.04107844677547773
986.4355132469926,0.042893995702975765
986.5355132469927,0.04476938983424025
986.6355132469927,0.046705500285721145
986.7355132469927,0.04870315131293695
986.8355132469927,0.05076311675073883
986.9355132469927,0.052886116417738833
987.0355132469928,0.05507281249340002
987.1355132469928,0.05732380587673667
987.2355132469928,0.059639632536008895
987.3355132469928,0.062020759859215166
987.4355132469929,0.0644675830155869
987.5355132469929,0.06698042133866759
987.6355132469929,0.06955951474191448
987.7355132469929,0.07220502017808797
987.835513246993,0.07491700815399448
987.935513246993,0.07769545931241587
988.035513246993,0.08054026109329342
988.135513246993,0.08345120448643294
988.235513246993,0.08642798088815856
988.3355132469931,0.0894701790744623
988.4355132469931,0.09257728230327658
988.5355132469931,0.09574866555852964
988.6355132469931,0.09898359294863303
988.7355132469932,0.10228121527199327
988.8355132469932,0.10564056776202957
988.9355132469932,0.10906056802402556
989.0355132469932,0.11254001417593298
989.1355132469932,0.11607758320498582
989.2355132469933,0.11967182955167176
989.3355132469933,0.12332118393224162
989.4355132469933,0.12702395241052053
989.5355132469933,0.13077831572931273
989.6355132469934,0.13458232891116814
989.7355132469934,0.1384339211377041
989.8355132469934,0.14233089591604722
989.9355132469934,0.14627093154028406
990.0355132469934,0.15025158185508322
990.1355132469935,0.15427027732787765
990.2355132469935,0.15832432643517816
990.3355132469935,0.16241091736772612
990.4355132469935,0.16652712005829232
990.5355132469936,0.1706698885349863
990.6355132469936,0.17483606360196594
990.7355132469936,0.17902237584842734
990.8355132469936,0.18322544898571946
990.9355132469937,0.18744180351136447
991.0355132469937,0.19166786069768157
991.1355132469937,0.19589994690161075
991.2355132469937,0.2001342981912186
991.3355132469937,0.20436706528324494
991.4355132469938,0.20859431878491969
991.5355132469938,0.21281205473215414
991.6355132469938,0.21701620041508443
991.7355132469938,0.2212026204808327
991.8355132469939,0.22536712330225256
991.9355132469939,0.22950546760034266
992.0355132469939,0.233613369306958
992.1355132469939,0.23768650865341934
992.235513246994,0.2417205374696271
992.335513246994,0.24571108667733102
992.435513246994,0.2496537739602929
992.535513246994,0.2535442115932149
992.635513246994,0.2573780144104922
992.7355132469941,0.2611508078950919
992.8355132469941,0.2648582363671612
992.9355132469941,0.2684959712513372
993.0355132469941,0.27205971940116186
993.1355132469942,0.27554523145851473
993.2355132469942,0.27894831022555033
993.3355132469942,0.2822648190262884
993.4355132469942,0.28549069003473654
993.5355132469942,0.2886219325462424
993.6355132469943,0.2916546411686737
993.7355132469943,0.2945850039100057
993.8355132469943,0.29740931013896854
993.9355132469943,0.3001239583955604
994.0355132469944,0.30272546402847705
994.1355132469944,0.3052104666368353
994.2355132469944,0.307575737293985
994.3355132469944,0.30981818553170215
994.4355132469944,0.311934866063641
994.5355132469945,0.3139229852275878
994.6355132469945,0.31577990712680426
994.7355132469945,0.3175031594515731
994.8355132469945,0.31909043896295436
994.9355132469946,0.3205396166217322
995.0355132469946,0.321848742346566
995.1355132469946,0.3230160493864649
995.2355132469946,0.32403995829386145
995.3355132469947,0.32491908048578005
995.4355132469947,0.32565222138186045
995.5355132469947,0.32623838310930997
995.6355132469947,0.3266767667662111
995.7355132469947,0.3269667742359984
995.8355132469948,0.3271080095473365
995.9355132469948,0.3271018216271361
996.0355132469948,0.3269557816954591
996.1355132469948,0.3266710922895975
996.2355132469949,0.3262481157035305
996.3355132469949,0.3256873898257275
996.4355132469949,0.32498962699927847
996.5355132469949,0.324155712513849
996.635513246995,0.3231867027339284
996.735513246995,0.3220838228689117
996.835513246995,0.320848464391603
996.935513246995,0.31948218211275564
997.035513246995,0.31798669092025644
997.1355132469951,0.31636386219252816
997.2355132469951,0.31461571989664855
997.3355132469951,0.31274443638257243
997.4355132469951,0.31075232788568935
997.5355132469952,0.30864184975074593
997.6355132469952,0.30641559139091556
997.7355132469952,0.30407627099649404
997.8355132469952,0.30162673000834844
997.9355132469952,0.29906992737183635
998.0355132469953,0.2964089335874438
998.1355132469953,0.29364692457486696
998.2355132469953,0.29078717536767384
998.3355132469953,0.2878330536560361
998.4355132469954,0.28478801319530983
998.5355132469954,0.28165558709847244
998.6355132469954,0.2784393810305859
998.7355132469954,0.27514306632355884
998.8355132469954,0.2717703730295167
998.9355132469955,0.2683250829310673
999.0355132469955,0.2648110225266628
999.1355132469955,0.26123205600911203
999.2355132469955,0.25759207825509595
999.3355132469956,0.25389500784327224
999.4355132469956,0.2501447801182399
999.5355132469956,0.24634534031726085
999.6355132469956,0.24250063677621253
999.7355132469957,0.23861461423077082
999.8355132469957,0.23469120722830367
999.9355132469957,0.23073433366539012
1000.0355132469957,0.2267478884652741
1000.1355132469957,0.22273573740891714
1000.2355132469958,0.21870171113263565
1000.3355132469958,0.21464959930459393
1000.4355132469958,0.21058314499168584
1000.5355132469958,0.20650603922756908
1000.6355132469959,0.20242191579182686
1000.7355132469959,0.19833434620942644
1000.8355132469959,0.19424683497881604
1000.9355132469959,0.19016281503617005
1001.035513246996,0.18608564346244552
1001.135513246996,0.1820185974390642
1001.235513246996,0.1779648704571824
1001.335513246996,0.1739275687846604
1001.435513246996,0.1699097081939973
1001.5355132469961,0.16591421095365805
1001.6355132469961,0.16194390308439197
1001.7355132469961,0.1580015118813271
1001.8355132469961,0.1540896637018264
1001.9355132469962,0.15021088201831193
1002.0355132469962,0.14636758573450528
1002.1355132469962,0.14256208776279725
1002.2355132469962,0.13879659385975168
1002.3355132469962,0.13507320171606665
1002.4355132469963,0.13139390029666562
1002.5355132469963,0.12776056942597103
1002.6355132469963,0.12417497961282635
1002.7355132469963,0.12063879210897917
1002.8355132469964,0.11715355919452199
1002.9355132469964,0.11372072468320576
1003.0355132469964,0.11034162464009771
1003.1355132469964,0.10701748830364977
1003.2355132469964,0.10374943920387583
1003.3355132469965,0.10053849646800786
1003.4355132469965,0.09738557630470929
1003.5355132469965,0.09429149365767431
