958.1355132469862,1.06456126882028
958.2355132469862,1.0664098368672599
958.3355132469862,1.068318575226843
958.4355132469863,1.070288658291653
958.5355132469863,1.072321246299242
958.6355132469863,1.0744174831959028
958.7355132469863,1.0765784944416796
958.8355132469864,1.078805384758637
958.9355132469864,1.081099235824681
959.0355132469864,1.0834611039154307
959.1355132469864,1.085892017496869
959.2355132469864,1.0883929747717171
959.3355132469865,1.0909649411827065
959.4355132469865,1.0936088468761376
959.5355132469865,1.0963255841293422
959.6355132469865,1.0991160047458877
959.7355132469866,1.1019809174225736
959.8355132469866,1.1049210850924973
959.9355132469866,1.1079372222486668
960.0355132469866,1.1110299922528575
960.1355132469866,1.114200004634607
960.2355132469867,1.1174478123854372
960.3355132469867,1.1207739092535918
960.4355132469867,1.124178727044752
960.5355132469867,1.1276626329343726
960.6355132469868,1.1312259267974443
960.7355132469868,1.1348688385616452
960.8355132469868,1.1385915255899899
960.9355132469868,1.1423940700992128
961.0355132469869,1.1462764766202513
961.1355132469869,1.1502386695072966
961.2355132469869,1.1542804905019755
961.3355132469869,1.1584016963593058
961.435513246987,1.1626019565421346
961.535513246987,1.1668808509908122
961.635513246987,1.1712378679748885
961.735513246987,1.1756724020336375
961.835513246987,1.1801837520122014
961.9355132469871,1.1847711192001342
962.0355132469871,1.1894336055790808
962.1355132469871,1.1941702121862652
962.2355132469871,1.1989798376003853
962.3355132469871,1.2038612765564114
962.4355132469872,1.2088132186956664
962.5355132469872,1.2138342474574253
962.6355132469872,1.21892283911811
962.7355132469872,1.2240773619839782
962.8355132469873,1.2292960757429994
962.9355132469873,1.2345771309813898
963.0355132469873,1.239918568870037
963.1355132469873,1.2453183210257812
963.2355132469874,1.2507742095522343
963.3355132469874,1.256283947264521
963.4355132469874,1.2618451381019986
963.5355132469874,1.2674552777326733
963.6355132469874,1.2731117543526782
963.7355132469875,1.2788118496837872
963.8355132469875,1.284552740171565
963.9355132469875,1.2903314983863265
964.0355132469875,1.2961450946286674
964.1355132469876,1.3019903987408814
964.2355132469876,1.3078641821251336
964.3355132469876,1.3137631199687885
964.4355132469876,1.3196837936768269
964.5355132469876,1.3256226935107853
964.6355132469877,1.331576221433178
964.7355132469877,1.3375406941558416
964.8355132469877,1.343512346390149
964.9355132469877,1.3494873342965243
965.0355132469878,1.3554617391301698
965.1355132469878,1.3614315710794143
965.2355132469878,1.367392773292559
965.3355132469878,1.3733412260885975
965.4355132469879,1.379272751346665
965.5355132469879,1.3851831170685693
965.6355132469879,1.3910680421082546
965.7355132469879,1.3969232010615569
965.835513246988,1.402744229309123
965.935513246988,1.4085267282048979
966.035513246988,1.4142662704021196
966.135513246988,1.4199584053083207
966.235513246988,1.4255986646603998
966.3355132469881,1.4311825682104176
966.4355132469881,1.4367056295123792
966.5355132469881,1.4421633617998841
966.6355132469881,1.4475512839441818
966.7355132469881,1.4528649264818347
966.8355132469882,1.4580998377008898
966.9355132469882,1.4632515897741778
967.0355132469882,1.4683157849281083
967.1355132469882,1.4732880616351056
967.2355132469883,1.4781641008176258
967.3355132469883,1.4829396320515429
967.4355132469883,1.4876104397565417
967.5355132469883,1.4921723693610613
967.6355132469884,1.496621333429253
967.7355132469884,1.5009533177373813
967.8355132469884,1.505164387287087
967.9355132469884,1.5092506922429585
968.0355132469884,1.5132084737819143
968.1355132469885,1.517034069841999
968.2355132469885,1.5207239207583148
968.3355132469885,1.524274574773978
968.4355132469885,1.5276826934141792
968.5355132469886,1.530945056711654
968.6355132469886,1.534058568272135
968.7355132469886,1.537020260168641
968.8355132469886,1.5398272976537872
968.9355132469886,1.5424769836796592
969.0355132469887,1.544966763215161
969.1355132469887,1.5472942273511832
969.2355132469887,1.5494571171843625
969.3355132469887,1.5514533274706706
969.4355132469888,1.5532809100405789
969.5355132469888,1.5549380769680443
969.6355132469888,1.5564232034861123
969.7355132469888,1.5577348306424912
969.8355132469889,1.5588716676890344
969.9355132469889,1.5598325941996596
970.0355132469889,1.5606166619118562
970.1355132469889,1.561223096287556
970.235513246989,1.561651297789787
970.335513246989,1.5619008428721775
970.435513246989,1.561970916755507
970.535513246989,1.5618006865008165
970.635513246989,1.5613494971939839
970.7355132469891,1.5606180506755005
970.8355132469891,1.5596074837851481
970.9355132469891,1.5583193654212453
971.0355132469891,1.5567556924858046
971.1355132469891,1.5549188847303062
971.2355132469892,1.5528117785207534
971.3355132469892,1.5504376195445495
971.4355132469892,1.547800054485489
971.5355132469892,1.5449031216968108
971.6355132469893,1.5417512409057645
971.7355132469893,1.5383492019864857
971.8355132469893,1.5347021528411697
971.9355132469893,1.5308155864325257
972.0355132469894,1.5266953270133052
972.1355132469894,1.5223475156012887
972.2355132469894,1.5177785947505056
972.3355132469894,1.5129952926716053
972.4355132469894,1.5080046067562194
972.5355132469895,1.5028137865618318
972.6355132469895,1.4974303163150955
972.7355132469895,1.4918618969927135
972.8355132469895,1.4861164280399177
972.9355132469896,1.4802019887872468
973.0355132469896,1.4741268196267199
973.1355132469896,1.4678993030086631
973.2355132469896,1.4615279443203346
973.3355132469896,1.4550213527071405
973.4355132469897,1.448388221896635
973.5355132469897,1.4416373110846596
973.6355132469897,1.4347774259419044
973.7355132469897,1.427817399797882
973.8355132469898,1.4207660750577982
973.9355132469898,1.413632284906085
974.0355132469898,1.4064248353484659
974.1355132469898,1.399152487642335
974.2355132469899,1.3918239411629747
974.3355132469899,1.3844478167507388
974.4355132469899,1.3770326405817708
974.5355132469899,1.3695868286021602
974.63551324699,1.3621186715626539
974.73551324699,1.3546363206881527
974.83551324699,1.3471477740132716
974.93551324699,1.3396608634122043
975.03551324699,1.3321832423480597
975.1355132469901,1.3247223743637258
975.2355132469901,1.3172855223331792
975.3355132469901,1.3098797384890273
975.4355132469901,1.3025118552389343
975.5355132469901,1.295188476780484
975.6355132469902,1.2879159715209623
975.7355132469902,1.2807004653055292
975.8355132469902,1.2735478354542922
975.9355132469902,1.2664637056059214
976.0355132469903,1.2594534413626508
976.1355132469903,1.2525221467288208
976.2355132469903,1.2456746613325227
976.3355132469903,1.2389155584174432
976.4355132469904,1.2322491435896499
976.5355132469904,1.225679454301849
976.6355132469904,1.2192102600555588
976.7355132469904,1.2128450632997114
976.8355132469904,1.2065871010024005
976.9355132469905,1.2004393468708505
977.0355132469905,1.1944045141932043
977.1355132469905,1.1884850592743814
977.2355132469905,1.1826831854370958
977.3355132469906,1.1770008475580918
977.4355132469906,1.1714397571088007
977.5355132469906,1.1660013876689044
977.6355132469906,1.1606869808807356
977.7355132469906,1.1554975528120377
977.8355132469907,1.1504339006943365
977.9355132469907,1.1454966100040576
978.0355132469907,1.1406860618535346
978.1355132469907,1.1360024406591962
978.2355132469908,1.1314457420544881
978.3355132469908,1.1270157810154764
978.4355132469908,1.1227122001675733
978.5355132469908,1.1185344782424376
978.6355132469909,1.1144819386547953
978.7355132469909,1.1105537581697316
978.8355132469909,1.1067489756318682
978.9355132469909,1.1030665007288012
979.035513246991,1.0995051227621846
979.135513246991,1.0960635194009305
979.235513246991,1.0927402653921194
979.335513246991,1.0895338412063886
979.435513246991,1.086442641595776
979.5355132469911,1.083464984043237
979.6355132469911,1.080599117084303
979.7355132469911,1.077843228482631
979.8355132469911,1.0751954532424677
979.9355132469911,1.0726538814423372
980.0355132469912,1.0702165658755285
980.1355132469912,1.067881529484231
980.2355132469912,1.0656467725754053
980.3355132469912,1.063510279807704
980.4355132469913,1.0614700269399509
980.5355132469913,1.0595239873328488
980.6355132469913,1.0576701381967257
980.7355132469913,1.0559064665791993
980.8355132469914,1.0542309750877035
980.9355132469914,1.0526416873428095
981.0355132469914,1.0511366531592337
981.1355132469914,1.049713953452318
981.2355132469914,1.0483717048686307
981.3355132469915,1.04710806414012
981.4355132469915,1.0459212321620122
981.5355132469915,1.0448094577953166
981.6355132469915,1.043771041395457
981.7355132469916,1.0428043380691114
981.8355132469916,1.0419077606618812
981.9355132469916,1.0410797824798843
982.0355132469916,1.0403189397487875
982.1355132469916,1.0396238338141717
982.2355132469917,1.038993133087443
982.3355132469917,1.0384255747417923
982.4355132469917,1.0379199661629281
982.5355132469917,1.0374751861595115
982.6355132469918,1.0370901859383665
982.7355132469918,1.0367639898496657
982.8355132469918,1.0364956959073617
982.9355132469918,1.0362844760901977
983.0355132469919,1.0361295764286433
983.1355132469919,1.0360303168831067
983.2355132469919,1.035986091018744
983.3355132469919,1.035996365482148
983.435513246992,1.0360606792851295
983.535513246992,1.0361786429007396
983.635513246992,1.0363499371765914
983.735513246992,1.03657431207045
983.835513246992,1.036851585212963
983.9355132469921,1.037181640302306
984.0355132469921,1.0375644253354235
984.1355132469921,1.0379999506804443
984.2355132469921,1.038488286994774
984.3355132469922,1.0390295629932793
984.4355132469922,1.0396239630709103
984.5355132469922,1.040271724784059
984.6355132469922,1.0409731361948942
984.7355132469922,1.0417285330829043
984.8355132469923,1.0425382960278504
984.9355132469923,1.043402847368358
985.0355132469923,1.0443226480403924
985.1355132469923,1.0452981942999124
985.2355132469924,1.0463300143340744
985.3355132469924,1.0474186647654367
985.4355132469924,1.0485647270537368
985.5355132469924,1.049768803799943
985.6355132469924,1.0510315149574392
985.7355132469925,1.0523534939553731
985.8355132469925,1.0537353837394066
985.9355132469925,1.0551778327353096
986.0355132469925,1.0566814907410844
986.1355132469926,1.0582470047535566
986.2355132469926,1.05987501473564
986.3355132469926,1.061566149330764
986.4355132469926,1.0633210215312567
986.5355132469927,1.0651402243077732
986.6355132469927,1.0670243262071937
986.7355132469927,1.0689738669267237
986.8355132469927,1.070989352872274
986.9355132469927,1.0730712527095203
987.0355132469928,1.0752199929163817
987.1355132469928,1.0774359533459865
987.2355132469928,1.0797194628095188
987.3355132469928,1.0820707946886574
987.4355132469929,1.0844901625876278
987.5355132469929,1.086977716035183
987.6355132469929,1.0895335362471033
987.7355132469929,1.092157631960071
987.835513246993,1.0948499353480101
987.935513246993,1.0976102980321987
988.035513246993,1.1004384871966422
988.135513246993,1.1033341818203672
988.235513246993,1.1062969690384026
988.3355132469931,1.1093263406433223
988.4355132469931,1.1124216897392696
988.5355132469931,1.115582307560402
988.6355132469931,1.1188073804656635
988.7355132469932,1.1220959871217315
988.8355132469932,1.1254470958858673
988.9355132469932,1.1288595624002324
989.0355132469932,1.132332127409041
989.1355132469932,1.135863414809644
989.2355132469933,1.1394519299483488
989.3355132469933,1.1430960581714134
989.4355132469933,1.1467940636412486
989.5355132469933,1.1505440884274047
989.6355132469934,1.154344151881406
989.7355132469934,1.1581921503039418
989.8355132469934,1.1620858569123047
989.9355132469934,1.166022922115317
990.0355132469934,1.1700008741022696
990.1355132469935,1.174017119751649
990.2355132469935,1.1780689458646332
990.3355132469935,1.1821535207274838
990.4355132469935,1.1862678960060942
990.5355132469936,1.1904090089750226
990.6355132469936,1.1945736850823903
990.7355132469936,1.1987586408510345
990.8355132469936,1.2029604871152915
990.9355132469937,1.2071757325917405
991.0355132469937,1.211400787781181
991.1355132469937,1.215631969198028
991.2355132469937,1.2198655039222208
991.3355132469937,1.224097534467635
991.4355132469938,1.228324123959873
991.5355132469938,1.2325412616152087
991.6355132469938,1.2367448685113451
991.7355132469938,1.2409308036395543
991.8355132469939,1.245094870226686
991.9355132469939,1.2492328223144573
992.0355132469939,1.2533403715824114
992.1355132469939,1.2574131943998994
992.235513246994,1.26144693909148
992.335513246994,1.2654372333991704
992.435513246994,1.269379692124099
992.535513246994,1.273269924929241
992.635513246994,1.27710354428413
992.7355132469941,1.2808761735316843
992.8355132469941,1.2845834550565984
992.9355132469941,1.2882210585341392
993.0355132469941,1.2917846892376095
993.1355132469942,1.2952700963822794
993.2355132469942,1.2986730814831522
993.3355132469942,1.3019895067036102
993.4355132469942,1.3052153031717222
993.5355132469942,1.3083464792408186
993.6355132469943,1.3113791286708465
993.7355132469943,1.3143094387070082
993.8355132469943,1.317133698032263
993.9355132469943,1.3198483045704283
994.0355132469944,1.3224497731168736
994.1355132469944,1.324934742774124
994.2355132469944,1.3272999841701154
994.3355132469944,1.329542406437348
994.4355132469944,1.3316590639317678
994.5355132469945,1.3336471626708808
994.6355132469945,1.3355040664713462
994.7355132469945,1.337227302767132
994.8355132469945,1.3388145680902022
994.9355132469946,1.3402637331966933
995.0355132469946,1.341572847822562
995.1355132469946,1.342740145053801
995.2355132469946,1.343764045297477
995.3355132469947,1.344643159841061
995.4355132469947,1.3453762939888005
995.5355132469947,1.3459624497651816
995.6355132469947,1.3464008281768995
995.7355132469947,1.34669083102613
995.8355132469948,1.3468320622693284
995.9355132469948,1.3468258707692735
996.0355132469948,1.3466798276891014
996.1355132469948,1.3463951355156059
996.2355132469949,1.345972156497993
996.3355132469949,1.345411428485059
996.4355132469949,1.34471366378476
996.5355132469949,1.3438797476556654
996.635513246995,1.342910736434757
996.735513246995,1.341807855307112
996.835513246995,1.3405724957240472
996.935513246995,1.339206212477342
997.035513246995,1.3377107204381375
997.1355132469951,1.3360878909700853
997.2355132469951,1.3343397480272423
997.3355132469951,1.332468463948091
997.4355132469951,1.3304763549579186
997.5355132469952,1.3283658763925814
997.6355132469952,1.3261396176574336
997.7355132469952,1.3238002969358968
997.8355132469952,1.3213507556627995
997.9355132469952,1.3187939527781962
998.0355132469953,1.31613295877792
998.1355132469953,1.3133709495775858
998.2355132469953,1.3105112002071837
998.3355132469953,1.3075570783537511
998.4355132469954,1.3045120377699002
998.5355132469954,1.3013796115662069
998.6355132469954,1.2981634054056326
998.7355132469954,1.29486709061825
998.8355132469954,1.291494397254581
998.9355132469955,1.2880491070958329
999.0355132469955,1.2845350466392358
999.1355132469955,1.2809560800765327
999.2355132469955,1.2773161022834758
999.3355132469956,1.2736190318379135
999.4355132469956,1.26986880408374
999.5355132469956,1.2660693642576044
999.6355132469956,1.2622246606948504
999.7355132469957,1.2583386381306907
999.8355132469957,1.2544152311120904
999.9355132469957,1.2504583575352792
1000.0355132469957,1.2464719123231975
1000.1355132469957,1.2424597612565436
1000.2355132469958,1.238425734971406
1000.3355132469958,1.2343736231357514
1000.4355132469958,1.2303071688163025
1000.5355132469958,1.2262300630465692
1000.6355132469959,1.2221459396060066
1000.7355132469959,1.2180583700194714
1000.8355132469959,1.2139708587853157
1000.9355132469959,1.209886838839632
1001.035513246996,1.2058096672633059
1001.135513246996,1.2017426212376976
1001.235513246996,1.1976888942539106
1001.335513246996,1.1936515925797595
1001.435513246996,1.1896337319877042
1001.5355132469961,1.1856382347461756
1001.6355132469961,1.1816679268758943
1001.7355132469961,1.177725535671963
1001.8355132469961,1.1738136874917235
1001.9355132469962,1.1699349058075792
1002.0355132469962,1.166091609523236
1002.1355132469962,1.1622861115510712
1002.2355132469962,1.158520617647637
1002.3355132469962,1.1547972255036214
1002.4355132469963,1.151117924083939
1002.5355132469963,1.1474845932130058
1002.6355132469963,1.143899003399658
1002.7355132469963,1.140362815895639
1002.8355132469964,1.1368775829810356
1002.9355132469964,1.1334447484695955
1003.0355132469964,1.1300656484263827
1003.1355132469964,1.1267415120898459
1003.2355132469964,1.1234734629899967
1003.3355132469965,1.120262520254065
1003.4355132469965,1.1171096000907126
1003.5355132469965,1.1140155174436321
