957.3215058075983,1.2229003098478062
957.4215058075984,1.2243559013539964
957.5215058075984,1.2258650852520794
957.6215058075984,1.2274292316612654
957.7215058075984,1.2290497160513372
957.8215058075984,1.230727917632272
957.9215058075985,1.2324652176668065
958.0215058075985,1.2342629977059658
958.1215058075985,1.2361226377477625
958.2215058075985,1.238045514319461
958.3215058075986,1.2400329984839948
958.4215058075986,1.242086453771335
958.5215058075986,1.2442072340358097
958.6215058075986,1.2463966812405964
958.7215058075986,1.2486561231708275
958.8215058075987,1.2509868710769751
958.9215058075987,1.2533902172504168
959.0215058075987,1.2558674325333177
959.1215058075987,1.2584197637652008
959.2215058075988,1.2610484311688295
959.3215058075988,1.2637546256782595
959.4215058075988,1.2665395062121783
959.5215058075988,1.2694041968958873
959.6215058075989,1.2723497842355411
959.7215058075989,1.2753773142485
959.8215058075989,1.2784877895539075
959.9215058075989,1.281682166427845
960.0215058075989,1.2849613518276664
960.121505807599,1.288326200390351
960.221505807599,1.291777511409958
960.321505807599,1.295316025799485
960.421505807599,1.2989424230426787
960.521505807599,1.3026573181415435
960.6215058075991,1.3064612585655233
960.7215058075991,1.3103547212085278
960.8215058075991,1.314338109360166
960.9215058075991,1.318411749697741
961.0215058075992,1.3225758893057233
961.1215058075992,1.3268306927295899
961.2215058075992,1.3311762390710524
961.3215058075992,1.3356125191318418
961.4215058075993,1.340139432613326
961.5215058075993,1.3447567853793492
961.6215058075993,1.3494642867897544
961.7215058075993,1.3542615471121369
961.8215058075994,1.3591480750194123
961.9215058075994,1.3641232751808248
962.0215058075994,1.3691864459540297
962.1215058075994,1.3743367771858792
962.2215058075994,1.3795733481295145
962.3215058075995,1.3848951254853146
962.4215058075995,1.3903009615731867
962.5215058075995,1.3957895926435895
962.6215058075995,1.4013596373345645
962.7215058075996,1.4070095952819184
962.8215058075996,1.4127378458895334
962.9215058075996,1.4185426472666072
963.0215058075996,1.4244221353384119
963.1215058075996,1.4303743231369377
963.2215058075997,1.4363971002775318
963.3215058075997,1.4424882326273694
963.4215058075997,1.4486453621713011
963.5215058075997,1.454866007080291
963.6215058075998,1.4611475619873318
963.7215058075998,1.4674872984753486
963.8215058075998,1.4738823657812288
963.9215058075998,1.4803297917197034
964.0215058075999,1.4868264838303897
964.1215058075999,1.4933692307508584
964.2215058075999,1.4999547038181258
964.3215058075999,1.5065794589005053
964.4215058075999,1.5132399384612478
964.5215058076,1.519932473854902
964.6215058076,1.5266532878568002
964.7215058076,1.5333984974255457
964.8215058076,1.5401641166978313
964.9215058076,1.5469460602143683
965.0215058076001,1.5537401463751386
965.1215058076001,1.5605421011216234
965.2215058076001,1.5673475618430806
965.3215058076001,1.5741520815033707
965.4215058076002,1.5809511329842565
965.5215058076002,1.5877401136405154
965.6215058076002,1.5945143500616377
965.7215058076002,1.6012691030343023
965.8215058076003,1.6079995726992597
965.9215058076003,1.6147009038956912
966.0215058076003,1.6213681916855576
966.1215058076003,1.6279964870499148
966.2215058076004,1.6345808027486455
966.3215058076004,1.641116119334533
966.4215058076004,1.6475973913121187
966.5215058076004,1.6540195534312934
966.6215058076004,1.6603775271051122
966.7215058076005,1.6666662269408912
966.8215058076005,1.6728805673732143
966.9215058076005,1.6790154693870927
967.0215058076005,1.6850658673191523
967.1215058076006,1.691026715724378
967.2215058076006,1.6968929962956372
967.3215058076006,1.7026597248229207
967.4215058076006,1.7083219581789866
967.5215058076006,1.7138748013178766
967.6215058076007,1.7193134142725865
967.7215058076007,1.7246330191380197
967.8215058076007,1.729828907025242
967.9215058076007,1.7348964449729642
968.0215058076008,1.7398310828021477
968.1215058076008,1.7446283598996066
968.2215058076008,1.7492839119165238
968.3215058076008,1.75379347736785
968.4215058076009,1.758152904118675
968.5215058076009,1.762358155743789
968.6215058076009,1.7664053177468393
968.7215058076009,1.7702906036257056
968.8215058076009,1.7740103607709665
968.921505807601,1.7775610761846226
969.021505807601,1.7809393820065698
969.121505807601,1.7841420608366791
969.221505807601,1.7871660508407294
969.321505807601,1.7900084506288785
969.4215058076011,1.7926665238958095
969.5215058076011,1.795137703812198
969.6215058076011,1.7974195971576474
969.7215058076011,1.7995099881858134
969.8215058076012,1.801406842213003
969.9215058076012,1.8031083089221416
970.0215058076012,1.8046127253746351
970.1215058076012,1.8059186187232892
970.2215058076013,1.8070247086201392
970.3215058076013,1.8079299093137111
970.4215058076013,1.8086333314309537
970.5215058076013,1.809134283439791
970.6215058076014,1.8094322727889818
970.7215058076014,1.8095269253439437
970.8215058076014,1.8093454613556352
970.9215058076014,1.808824665313055
971.0215058076014,1.8079653949661096
971.1215058076015,1.8067690638640839
971.2215058076015,1.8052376374947436
971.3215058076015,1.8033736279186252
971.4215058076015,1.8011800869191277
971.5215058076016,1.7986605976946957
971.6215058076016,1.7958192651248834
971.7215058076016,1.7926607046474712
971.8215058076016,1.7891900297889765
971.9215058076016,1.785412838395894
972.0215058076017,1.7813351976187344
972.1215058076017,1.7769636277054337
972.2215058076017,1.7723050846649318
972.3215058076017,1.7673669418656397
972.4215058076018,1.7621569706371476
972.5215058076018,1.7566833199468181
972.6215058076018,1.7509544952258649
972.7215058076018,1.7449793364221304
972.8215058076019,1.7387669953590232
972.9215058076019,1.7323269124819523
973.0215058076019,1.725668793075104
973.1215058076019,1.718802583032546
973.221505807602,1.7117384442683765
973.321505807602,1.7044867298510322
973.421505807602,1.697057958946853
973.521505807602,1.6894627916576366
973.621505807602,1.681712003836184
973.7215058076021,1.673816461962745
973.8215058076021,1.6657870981638414
973.9215058076021,1.6576348854531764
974.0215058076021,1.649370813272263
974.1215058076021,1.6410058634060052
974.2215058076022,1.6325509863458
974.3215058076022,1.6240170781697831
974.4215058076022,1.6154149580066437
974.5215058076022,1.6067553461460173
974.6215058076023,1.5980488428548296
974.7215058076023,1.58930590795515
974.8215058076023,1.5805368412151242
974.9215058076023,1.5717517636004377
975.0215058076024,1.5629605994295122
975.1215058076024,1.5541730594713004
975.2215058076024,1.5453986250201306
975.3215058076024,1.5366465329775931
975.4215058076024,1.5279257619669717
975.5215058076025,1.5192450195012275
975.6215058076025,1.510612730221075
975.7215058076025,1.5020370252152522
975.8215058076025,1.4935257324307036
975.9215058076026,1.485086368176115
976.0215058076026,1.476726129718024
976.1215058076026,1.468451888964659
976.2215058076026,1.4602701872287052
976.3215058076026,1.4521872310563988
976.4215058076027,1.4442088891067022
976.5215058076027,1.4363406900608595
976.6215058076027,1.4285878215393477
976.7215058076027,1.4209551300001557
976.8215058076028,1.4134471215894564
976.9215058076028,1.4060679639130633
977.0215058076028,1.398821488694633
977.1215058076028,1.3917111952843437
977.2215058076029,1.3847402549797956
977.3215058076029,1.3779115161191153
977.4215058076029,1.3712275099047073
977.5215058076029,1.3646904569148013
977.621505807603,1.3583022742588566
977.721505807603,1.352064583332043
977.821505807603,1.3459787181233753
977.921505807603,1.340045734031669
978.021505807603,1.3342664171432712
978.1215058076031,1.3286412939255166
978.2215058076031,1.323170641290043
978.3215058076031,1.317854496980477
978.4215058076031,1.3126926702395414
978.5215058076031,1.30768475271136
978.6215058076032,1.302830129535594
978.7215058076032,1.2981279905910688
978.8215058076032,1.2935773418476897
978.9215058076032,1.2891770167867214
979.0215058076033,1.2849256878508821
979.1215058076033,1.280821877887186
979.2215058076033,1.2768639715470338
979.3215058076033,1.2730502266096901
979.4215058076034,1.2693787851969993
979.5215058076034,1.2658476848489388
979.6215058076034,1.2624548694314233
979.7215058076034,1.2591981998495865
979.8215058076034,1.2560754645416337
979.9215058076035,1.2530843897302033
980.0215058076035,1.2502226494100477
980.1215058076035,1.247487875052685
980.2215058076035,1.244877665010514
980.3215058076036,1.242389593604686
980.4215058076036,1.240021219882805
980.5215058076036,1.2377700960342561
980.6215058076036,1.2356337754526596
980.7215058076036,1.2336098204365624
980.8215058076037,1.2316958095210797
980.9215058076037,1.2298893444346901
981.0215058076037,1.228188056676853
981.1215058076037,1.2265896137134846
981.2215058076038,1.2250917247886377
981.3215058076038,1.223692146351968
981.4215058076038,1.2223886871027152
981.5215058076038,1.2211792126520122
981.6215058076039,1.2200616498063415
981.7215058076039,1.2190339904758705
981.8215058076039,1.218094295212256
981.9215058076039,1.2172406963812739
982.021505807604,1.216471400976327
982.121505807604,1.2157846930795122
982.221505807604,1.2151789359774754
982.321505807604,1.2146525739397747
982.421505807604,1.2142041336678855
982.5215058076041,1.213832225423344
982.6215058076041,1.2135355438438198
982.7215058076041,1.2133128684561512
982.8215058076041,1.2131630638955677
982.9215058076041,1.2130850798404635
983.0215058076042,1.213077950672184
983.1215058076042,1.213140794869337
983.2215058076042,1.213272814146168
983.3215058076042,1.213473292344513
983.4215058076043,1.2137415940888063
983.5215058076043,1.2140771632135416
983.6215058076043,1.214479520972506
983.7215058076043,1.2149482640389808
983.8215058076044,1.2154830623059907
983.9215058076044,1.2160836564955428
984.0215058076044,1.2167498555856546
984.1215058076044,1.2174815340638185
984.2215058076044,1.2182786290154104
984.3215058076045,1.219141137055389
984.4215058076045,1.2200691111115005
984.5215058076045,1.2210626570670544
984.6215058076045,1.222121930271212
984.7215058076046,1.223247131924608
984.8215058076046,1.2244385053480138
984.9215058076046,1.2256963321416618
985.0215058076046,1.2270209282427629
985.1215058076046,1.2284126398886892
985.2215058076047,1.2298718394932433
985.3215058076047,1.2313989214434027
985.4215058076047,1.2329942978239121
985.5215058076047,1.2346583940771025
985.6215058076048,1.2363916446053318
985.7215058076048,1.2381944883234746
985.8215058076048,1.2400673641689495
985.9215058076048,1.2420107065768322
986.0215058076049,1.2440249409276836
986.1215058076049,1.2461104789758277
986.2215058076049,1.2482677142659062
986.3215058076049,1.2504970175456707
986.421505807605,1.2527987321830851
986.521505807605,1.2551731695959611
986.621505807605,1.2576206047024752
986.721505807605,1.2601412714010707
986.821505807605,1.2627353580883909
986.9215058076051,1.2654030032240318
987.0215058076051,1.2681442909510487
987.1215058076051,1.2709592467812956
987.2215058076051,1.2738478333547925
987.3215058076051,1.276809946282459
987.4215058076052,1.2798454100816459
987.5215058076052,1.282953974214007
987.6215058076052,1.2861353092353296
987.7215058076052,1.2893890030670097
987.8215058076053,1.2927145573989034
987.9215058076053,1.2961113842333043
988.0215058076053,1.2995788025798025
988.1215058076053,1.3031160353107492
988.2215058076054,1.3067222061869996
988.3215058076054,1.3103963370635205
988.4215058076054,1.314137345284338
988.5215058076054,1.3179440412761525
988.6215058076054,1.3218151263497713
988.7215058076055,1.325749190718289
988.8215058076055,1.3297447117407062
988.9215058076055,1.3338000523993818
989.0215058076055,1.3379134600194005
989.1215058076056,1.3420830652375695
989.2215058076056,1.3463068812283734
989.3215058076056,1.3505828031937677
989.4215058076056,1.3549086081232362
989.5215058076056,1.3592819548300186
989.6215058076057,1.3637003842688769
989.7215058076057,1.3681613201401899
989.8215058076057,1.3726620697845489
989.9215058076057,1.37719982537139
990.0215058076058,1.3817716653845085
990.1215058076058,1.3863745564066072
990.2215058076058,1.391005355204284
990.3215058076058,1.3956608111141073
990.4215058076059,1.4003375687296462
990.5215058076059,1.4050321708885025
990.6215058076059,1.4097410619575812
990.7215058076059,1.4144605914139794
990.821505807606,1.4191870177180288
990.921505807606,1.4239165124741486
991.021505807606,1.4286451648742993
991.121505807606,1.4333689864179484
991.221505807606,1.4380839159015717
991.3215058076061,1.4427858246698437
991.4215058076061,1.4474705221197965
991.5215058076061,1.4521337614483594
991.6215058076061,1.4567712456328448
991.7215058076061,1.4613786336331132
991.8215058076062,1.4659515468033308
991.9215058076062,1.4704855755004436
992.0215058076062,1.474976285875731
992.1215058076062,1.4794192268350614
992.2215058076063,1.4838099371527789
992.3215058076063,1.488143952723475
992.4215058076063,1.4924168139352907
992.5215058076063,1.4966240731477973
992.6215058076064,1.5007613022569832
992.7215058076064,1.5048241003293767
992.8215058076064,1.5088081012869097
992.9215058076064,1.5127089816237393
993.0215058076064,1.5165224681359235
993.1215058076065,1.5202443456445804
993.2215058076065,1.5238704646929522
993.3215058076065,1.5273967491976534
993.4215058076065,1.5308192040342974
993.5215058076066,1.5341339225376802
993.6215058076066,1.5373370938967474
993.7215058076066,1.5404250104246808
993.8215058076066,1.5433940746846218
993.9215058076066,1.5462408064517907
994.0215058076067,1.5489618494930764
994.1215058076067,1.5515539781455348
994.2215058076067,1.554014103675688
994.3215058076067,1.556339280402007
994.4215058076068,1.558526711563529
994.5215058076068,1.5605737549181908
994.6215058076068,1.5624779280551295
994.7215058076068,1.5642369134059577
994.8215058076069,1.5658485629407992
994.9215058076069,1.5673109025357257
995.0215058076069,1.5686221359991186
995.1215058076069,1.5697806487454324
995.221505807607,1.5707850111057997
995.321505807607,1.571633981265947
995.421505807607,1.5723265078229458
995.521505807607,1.5728617319534015
995.621505807607,1.5732389891867968
995.7215058076071,1.5734578107788506
995.8215058076071,1.573517779630443
995.9215058076071,1.5734068832222121
996.0215058076071,1.5731176806378646
996.1215058076072,1.5726505757943907
996.2215058076072,1.5720062206775076
996.3215058076072,1.5711855138244775
996.4215058076072,1.5701895982355194
996.5215058076072,1.5690198587205986
996.6215058076073,1.5676779186902063
996.7215058076073,1.5661656364005379
996.8215058076073,1.5644851006652094
996.9215058076073,1.5626386260473695
997.0215058076074,1.560628747547681
997.1215058076074,1.5584582148052415
997.2215058076074,1.5561299858299944
997.3215058076074,1.5536472202866327
997.4215058076074,1.5510132723513226
997.5215058076075,1.5482316831638452
997.6215058076075,1.545306172898917
997.7215058076075,1.5422406324815214
997.8215058076075,1.5390391149720493
997.9215058076076,1.5357058266479213
998.0215058076076,1.5322451178091216
998.1215058076076,1.528661473335722
998.2215058076076,1.5249595030260275
998.3215058076077,1.5211439317443967
998.4215058076077,1.517219589408113
998.5215058076077,1.5131914008428944
998.6215058076077,1.5090643755367146
998.7215058076077,1.504843597321605
998.8215058076078,1.500534214012971
998.9215058076078,1.496141427035729
999.0215058076078,1.4916704810662313
999.1215058076078,1.487126653718502
999.2215058076079,1.482515245302768
999.3215058076079,1.4778415686836355
999.4215058076079,1.4731109392645276
999.5215058076079,1.468328665124187
999.621505807608,1.4635000373301492
999.721505807608,1.4586303204531164
999.821505807608,1.4537247433051066
999.921505807608,1.44878848992315
1000.021505807608,1.443826690819112
1000.1215058076081,1.4388444145150099
1000.2215058076081,1.4338466593818926
1000.3215058076081,1.4288383457990386
1000.4215058076081,1.4238243086488704
1000.5215058076082,1.418809290161586
1000.6215058076082,1.413797933122102
1000.7215058076082,1.4087947744504679
1000.8215058076082,1.4038042391654748
1000.9215058076082,1.3988306347397286
1001.0215058076083,1.393878145853018
1001.1215058076083,1.3889508295493682
1001.2215058076083,1.384052610801744
1001.3215058076083,1.379187278486965
1001.4215058076084,1.3743584817720063
1001.5215058076084,1.3695697269115108
1001.6215058076084,1.3648243744550186
1001.7215058076084,1.3601256368611332
1001.8215058076084,1.3554765765146177
1001.9215058076085,1.350880104141212
1002.0215058076085,1.3463389776138273
1002.1215058076085,1.3418558011426922
1002.2215058076085,1.3374330248409871
1002.3215058076086,1.3330729446565397
1002.4215058076086,1.3287777026592489
1002.5215058076086,1.324549287673057
1002.6215058076086,1.3203895362405131
1002.7215058076087,1.316300133907265
1002.8215058076087,1.3122826168131663
1002.9215058076087,1.308338373576119
1003.0215058076087,1.3044686474542597
1003.1215058076087,1.3006745387716658
1003.2215058076088,1.2969570075923862
1003.3215058076088,1.2933168766273
1003.4215058076088,1.2897548343580767
1003.5215058076088,1.2862714383623335
1003.6215058076089,1.2828671188239908
1003.7215058076089,1.279542182212778
1003.8215058076089,1.276296815116856
1003.9215058076089,1.2731310882126083
1004.021505807609,1.2700449603557729
1004.121505807609,1.2670382827782776
1004.221505807609,1.2641108033753763
1004.321505807609,1.2612621710679592
1004.421505807609,1.258491940225249
1004.5215058076091,1.2557995751334508
1004.6215058076091,1.253184454496341
1004.7215058076091,1.2506458759542185
1004.8215058076091,1.248183060608115
1004.9215058076092,1.2457951575366732
1005.0215058076092,1.243481248293621
1005.1215058076092,1.2412403513743304
1005.2215058076092,1.2390714266405198
1005.3215058076092,1.236973379692744
1005.4215058076093,1.2349450661809207
1005.5215058076093,1.2329852960437533
1005.6215058076093,1.2310928376685266
1005.7215058076093,1.2292664219633795
