957.3215058075983,0.03247767290279954
957.4215058075984,0.03393326440898682
957.5215058075984,0.03544244830706604
957.6215058075984,0.03700659471624791
957.7215058075984,0.03862707910631483
957.8215058075984,0.04030528068724398
957.9215058075985,0.04204258072177177
958.0215058075985,0.04384036076092323
958.1215058075985,0.04570000080271095
958.2215058075985,0.04762287737439878
958.3215058075986,0.04961036153892022
958.4215058075986,0.0516638168262459
958.5215058075986,0.05378459709070375
958.6215058075986,0.055974044295471044
958.7215058075986,0.05823348622567944
958.8215058075987,0.06056423413180054
958.9215058075987,0.06296758030521157
959.0215058075987,0.06544479558807666
959.1215058075987,0.06799712681991843
959.2215058075988,0.07062579422349888
959.3215058075988,0.07333198873287303
959.4215058075988,0.07611686926672692
959.5215058075988,0.07898155995036077
959.6215058075989,0.08192714728992738
959.7215058075989,0.08495467730278543
959.8215058075989,0.08806515260807604
959.9215058075989,0.09125952948187822
960.0215058075989,0.0945387148815428
960.121505807599,0.09790356344404637
960.221505807599,0.1013548744634436
960.321505807599,0.10489338885272864
960.421505807599,0.10851978609564278
960.521505807599,0.11223468119418457
960.6215058075991,0.11603862161779174
960.7215058075991,0.11993208426036614
960.8215058075991,0.12391547241150841
960.9215058075991,0.12798911274851155
961.0215058075992,0.13215325235583517
961.1215058075992,0.13640805577894294
961.2215058075992,0.1407536021195318
961.3215058075992,0.1451898821793156
961.4215058075993,0.14971679565964352
961.5215058075993,0.1543341484243368
961.6215058075993,0.1590416498332135
961.7215058075993,0.16383891015383992
961.8215058075994,0.1687254380590988
961.9215058075994,0.1737006382181965
962.0215058075994,0.17876380898874528
962.1215058075994,0.1839141402175484
962.2215058075994,0.18915071115769116
962.3215058075995,0.19447248850948884
962.4215058075995,0.19987832459277635
962.5215058075995,0.20536695565792978
962.6215058075995,0.21093700034289697
962.7215058075996,0.21658695828337768
962.8215058075996,0.22231520888313297
962.9215058075996,0.22812001025122264
963.0215058075996,0.23399949831276243
963.1215058075996,0.23995168609956483
963.2215058075997,0.24597446322677516
963.3215058075997,0.2520655955613406
963.4215058075997,0.25822272508785216
963.5215058075997,0.26444336997698054
963.6215058075998,0.27072492486138566
963.7215058075998,0.2770646613236164
963.8215058075998,0.2834597286001338
963.9215058075998,0.2899071545051871
964.0215058075999,0.29640384657784913
964.1215058075999,0.3029465934550742
964.2215058075999,0.30953206647318354
964.3215058075999,0.31615682149970536
964.4215058075999,0.32281730099700434
964.5215058076,0.32950983631862957
964.6215058076,0.33623065023878623
964.7215058076,0.3429758597148074
964.8215058076,0.349741478881955
964.9215058076,0.3565234222793288
965.0215058076001,0.3633175083050973
965.1215058076001,0.3701194628987017
965.2215058076001,0.37692492344710526
965.3215058076001,0.38372944291159045
965.4215058076002,0.3905284941710226
965.5215058076002,0.3973174745769261
965.6215058076002,0.40409171071513966
965.7215058076002,0.4108464633682452
965.8215058076003,0.417576932672399
965.9215058076003,0.42427826346163217
966.0215058076003,0.43094555079213526
966.1215058076003,0.4375738456385026
966.2215058076004,0.44415816075338255
966.3215058076004,0.4506934766814651
966.4215058076004,0.4571747479182397
966.5215058076004,0.4635969092034779
966.6215058076004,0.4699548819389287
966.7215058076005,0.47624358071928025
966.8215058076005,0.4824579199650192
966.9215058076005,0.48859282064542714
967.0215058076005,0.49464321707958575
967.1215058076006,0.5006040638029214
967.2215058076006,0.5064703424865079
967.3215058076006,0.5122370688960612
967.4215058076006,0.5178992998773155
967.5215058076006,0.523452140354241
967.6215058076007,0.5288907503263851
967.7215058076007,0.5342103518514663
967.8215058076007,0.5394062359992275
967.9215058076007,0.5444737697624824
968.0215058076008,0.5494084029112352
968.1215058076008,0.5542056747757533
968.2215058076008,0.5588612209444981
968.3215058076008,0.5633707798628824
968.4215058076009,0.567730199318936
968.5215058076009,0.571935442802093
968.6215058076009,0.5759825957214997
968.7215058076009,0.5798678714704584
968.8215058076009,0.5835876173238725
968.921505807601,0.5871383201558519
969.021505807601,0.5905166119649627
969.121505807601,0.5937192751949665
969.221505807601,0.5967432478392882
969.321505807601,0.5995856283178853
969.4215058076011,0.6022436801156461
969.5215058076011,0.6047148361719429
969.6215058076011,0.6069967030114851
969.7215058076011,0.6090870646071672
969.8215058076012,0.6109838859661887
969.9215058076012,0.6126853164313192
970.0215058076012,0.6141896926898158
970.1215058076012,0.6154955414831423
970.2215058076013,0.6166015820113124
970.3215058076013,0.6175067280263626
970.4215058076013,0.6182100896101673
970.5215058076013,0.6187109746325203
970.6215058076014,0.6190088898861402
970.7215058076014,0.6191034605172291
970.8215058076014,0.6189219059886444
970.9215058076014,0.618401009926212
971.0215058076014,0.6175416291348919
971.1215058076015,0.6163451761299941
971.2215058076015,0.6148136152684349
971.3215058076015,0.6129494573745387
971.4215058076015,0.610755752880962
971.5215058076016,0.6082360835109705
971.6215058076016,0.6053945525338144
971.7215058076016,0.60223577363031
971.8215058076016,0.5987648584109179
971.9215058076016,0.5949874026335823
972.0215058076017,0.5909094711733403
972.1215058076017,0.5865375818002007
972.2215058076017,0.5818786878260143
972.3215058076017,0.5769401596849825
972.4215058076018,0.5717297655160675
972.5215058076018,0.5662556508188646
972.6215058076018,0.5605263172574453
972.7215058076018,0.5545506006892873
972.8215058076019,0.5483376484986497
972.9215058076019,0.5418968963156263
973.0215058076019,0.5352380442036103
973.1215058076019,0.5283710323990349
973.221505807602,0.5213060166879915
973.321505807602,0.5140533435047041
973.421505807602,0.5066235248368293
973.521505807602,0.4990272130221728
973.621505807602,0.49127517552067895
973.7215058076021,0.48337826974445053
973.8215058076021,0.47534741802711805
973.9215058076021,0.46719358281210777
974.0215058076021,0.45892774213726556
974.1215058076021,0.4505608654908999
974.2215058076022,0.44210389011162904
974.3215058076022,0.43356769780146504
974.4215058076022,0.4249630923183715
974.5215058076022,0.41630077741110083
974.6215058076023,0.40759133555548166
974.7215058076023,0.3988452074475029
974.8215058076023,0.3900726723045506
974.9215058076023,0.38128382902202795
975.0215058076024,0.3724885782283357
975.1215058076024,0.36369660527684966
975.2215058076024,0.3549173642091139
975.3215058076024,0.34616006271900446
975.4215058076024,0.33743364814312804
975.5215058076025,0.32874679449822264
975.6215058076025,0.3201078905818554
975.7215058076025,0.3115250291482733
975.8215058076025,0.30300599716688786
975.9215058076026,0.29455826716658035
976.0215058076026,0.2861889896648152
976.1215058076026,0.27790498667647284
976.2215058076026,0.26971274629336317
976.3215058076026,0.26161841832158905
976.4215058076027,0.253627810960289
976.5215058076027,0.24574638850183766
976.6215058076027,0.23797927003030747
976.7215058076027,0.2303312290919282
976.8215058076028,0.2228066943084139
976.9215058076028,0.21540975090137932
977.0215058076028,0.20814414309364015
977.1215058076028,0.20101327735098568
977.2215058076029,0.19402022642604283
977.3215058076029,0.18716773416410493
977.4215058076029,0.1804582210292881
977.5215058076029,0.17389379030810048
977.621505807603,0.16747623494645572
977.721505807603,0.16120704497534263
977.821505807603,0.15508741547975716
977.921505807603,0.14911825506512294
978.021505807603,0.1433001947752509
978.1215058076031,0.13763359741592118
978.2215058076031,0.1321185672383981
978.3215058076031,0.12675495993760444
978.4215058076031,0.1215423929202753
978.5215058076031,0.11648025579917398
978.6215058076032,0.11156772107037391
978.7215058076032,0.10680375493167776
978.8215058076032,0.10218712820145003
978.9215058076032,0.09771642729846784
979.0215058076033,0.09339006524483728
979.1215058076033,0.08920629265556534
979.2215058076033,0.0851632086800116
979.3215058076033,0.0812587718621531
979.4215058076034,0.07749081088837417
979.5215058076034,0.07385703519332286
979.6215058076034,0.07035504539625154
979.7215058076034,0.06698234354216535
979.8215058076034,0.06373634312403069
979.9215058076035,0.06061437886423673
980.0215058076035,0.057613716235442196
980.1215058076035,0.05473156070287534
980.2215058076035,0.05196506667206926
980.3215058076036,0.049311346127906816
980.4215058076036,0.04676747695270686
980.5215058076036,0.04433051091290103
980.6215058076036,0.04199748130562038
980.7215058076036,0.039765410258228204
980.8215058076037,0.037631315675493354
980.9215058076037,0.03559221783069336
981.0215058076037,0.03364514559846188
981.1215058076037,0.03178714232865111
981.2215058076038,0.030015271361858272
981.3215058076038,0.02832662118856807
981.4215058076038,0.02671831025508572
981.5215058076038,0.02518749142057625
981.6215058076039,0.023731356070586254
981.7215058076039,0.022347137893400336
981.8215058076039,0.021032116326480086
981.9215058076039,0.019783619681045295
982.021505807604,0.018599027953588417
982.121505807604,0.01747577533376465
982.221505807604,0.01641135241867249
982.321505807604,0.015403308144035763
982.421505807604,0.014449251443219853
982.5215058076041,0.013546852645364415
982.6215058076041,0.01269384462419547
982.7215058076041,0.011888023709294116
982.8215058076041,0.011127250371749154
982.9215058076041,0.010409449696212757
983.0215058076042,0.009732611651411219
983.1215058076042,0.009094791171144303
983.2215058076042,0.008494108057737053
983.3215058076042,0.007928746719792672
983.4215058076043,0.007396955755936825
983.5215058076043,0.006897047396046199
983.6215058076043,0.006427396811221159
983.7215058076043,0.005986441303496862
983.8215058076044,0.00557267938599317
983.9215058076044,0.005184669763884099
984.0215058076044,0.004821030226225616
984.1215058076044,0.004480436458319966
984.2215058076044,0.004161620783917561
984.3215058076045,0.003863370846167696
984.4215058076045,0.003584528235828772
984.5215058076045,0.0033239870748407872
984.6215058076045,0.003080692562949414
984.7215058076046,0.002853639494654869
984.8215058076046,0.002641870753341777
984.9215058076046,0.0024444757890307385
985.0215058076046,0.002260589085779836
985.1215058076046,0.0020893886243569136
985.2215058076047,0.0019300943454025215
985.3215058076047,0.001781966617910322
985.4215058076047,0.0016443047174680074
985.5215058076047,0.0015164453183281307
985.6215058076048,0.0013977610030161856
985.7215058076048,0.001287658792833067
985.8215058076048,0.0011855787022719889
985.9215058076048,0.0010909923200462129
986.0215058076049,0.001003401419114172
986.1215058076049,0.0009223365977933027
986.2215058076049,0.0008473559537730153
986.3215058076049,0.0007780437925712971
986.421505807605,0.0007140093717282714
986.521505807605,0.0006548856817937094
986.621505807605,0.0006003282649439784
986.721505807605,0.0005500140718569304
986.821505807605,0.0005036403572806873
986.9215058076051,0.00046092361455382115
987.0215058076051,0.0004215985491697626
987.1215058076051,0.0003854170913269902
987.2215058076051,0.00035214744726827794
987.3215058076051,0.0003215731890865873
987.4215058076052,0.00029349238256148674
987.5215058076052,0.00026771675248797035
987.6215058076052,0.00024407088486850417
987.7215058076052,0.0002223914652586775
987.8215058076053,0.00020252655248636703
987.9215058076053,0.00018433488690330156
988.0215058076053,0.0001676852322758235
988.1215058076053,0.00015245575037789536
988.2215058076054,0.0001385334073135052
988.3215058076054,0.00012581341056700415
988.4215058076054,0.00011419867575808242
988.5215058076054,0.00010359932206251143
988.6215058076054,9.393219524997532e-05
988.7215058076055,8.512041728579739e-05
988.8215058076055,7.709296144366486e-05
988.9215058076055,6.97842518811252e-05
989.0215058076055,6.313378663824609e-05
989.1215058076056,5.708578303198109e-05
989.2215058076056,5.158884443407528e-05
989.3215058076056,4.659564743841921e-05
989.4215058076056,4.2062648444257286e-05
989.5215058076056,3.794980870425473e-05
989.6215058076057,3.422033691081571e-05
989.7215058076057,3.0840448419939265e-05
989.8215058076057,2.7779140239033385e-05
989.9215058076057,2.5007980933222114e-05
990.0215058076058,2.2500914633566216e-05
990.1215058076058,2.0234078360045618e-05
990.2215058076058,1.8185631901940576e-05
990.3215058076058,1.633559952822088e-05
990.4215058076059,1.4665722830545555e-05
990.5215058076059,1.3159324031354297e-05
990.6215058076059,1.1801179119159125e-05
990.7215058076059,1.0577400202416856e-05
990.821505807606,9.475326502169954e-06
990.921505807606,8.483423431906301e-06
991.021505807606,7.591189240724247e-06
991.121505807606,6.7890687228396855e-06
991.221505807606,6.068373522677525e-06
991.3215058076061,5.4212085902082345e-06
991.4215058076061,4.840404365785636e-06
991.5215058076061,4.319454297484598e-06
991.6215058076061,3.852457316808033e-06
991.7215058076061,3.4340649206168205e-06
991.8215058076062,3.0594325282260457e-06
991.9215058076062,2.7241748028045593e-06
992.0215058076062,2.424324645513986e-06
992.1215058076062,2.1562955892352477e-06
992.2215058076063,1.916847336266514e-06
992.3215058076063,1.7030542010494862e-06
992.4215058076063,1.5122762348089305e-06
992.5215058076063,1.3421328239921676e-06
992.6215058076064,1.1904785685932657e-06
992.7215058076064,1.0553812598634596e-06
992.8215058076064,9.351017895703477e-07
992.9215058076064,8.280758348993413e-07
993.0215058076064,7.328971743184754e-07
993.1215058076065,6.483025002794684e-07
993.2215058076065,5.731576045317419e-07
993.3215058076065,5.064448211096675e-07
993.4215058076065,4.472516207449513e-07
993.5215058076066,3.9476025858322735e-07
993.6215058076066,3.4823838467441104e-07
993.7215058076066,3.070305337870884e-07
993.8215058076066,2.705504176948471e-07
993.9215058076066,2.382739492229054e-07
994.0215058076067,2.0973293305191106e-07
994.1215058076067,1.8450936357698113e-07
994.2215058076067,1.6223027503751375e-07
994.3215058076067,1.4256309368999057e-07
994.4215058076068,1.2521144601390119e-07
994.5215058076068,1.0991138084110864e-07
994.6215058076068,9.642796690173374e-08
994.7215058076068,8.455223060418945e-08
994.8215058076069,7.409840193178065e-08
994.9215058076069,6.490143916078452e-08
995.0215058076069,5.6814805701710744e-08
995.1215058076069,4.97084747522804e-08
995.221505807607,4.346713964237709e-08
995.321505807607,3.798860976187492e-08
995.421505807607,3.3182373805041536e-08
995.521505807607,2.8968313752585222e-08
995.621505807607,2.5275554556052087e-08
995.7215058076071,2.204143590010954e-08
995.8215058076071,1.9210593706555744e-08
995.9215058076071,1.6734140219224198e-08
996.0215058076071,1.4568932580278528e-08
996.1215058076072,1.2676920784037956e-08
996.2215058076072,1.10245667822037e-08
996.3215058076072,9.582327321395668e-09
996.4215058076072,8.32419382694063e-09
996.5215058076072,7.227283312106697e-09
996.6215058076073,6.271474895190105e-09
996.7215058076073,5.4390870533636195e-09
996.8215058076073,4.714591236895227e-09
996.9215058076073,4.084357914780497e-09
997.0215058076074,3.536431527180959e-09
997.1215058076074,3.060331185168343e-09
997.2215058076074,2.6468742876791784e-09
997.3215058076074,2.2880205225334974e-09
997.4215058076074,1.9767339858449873e-09
997.5215058076075,1.7068613948795445e-09
997.6215058076075,1.473024585903079e-09
997.7215058076075,1.2705256830854767e-09
997.8215058076075,1.0952634991820245e-09
997.9215058076076,9.436598854035449e-10
998.0215058076076,8.12594888347827e-10
998.1215058076076,6.993496976802895e-10
998.2215058076076,6.015564808600243e-10
998.3215058076077,5.171543019165735e-10
998.4215058076077,4.4435041128050385e-10
998.5215058076077,3.8158627403456636e-10
998.6215058076077,3.275077756578778e-10
998.7215058076077,2.8093910826738106e-10
998.8215058076078,2.4085989731800537e-10
998.9215058076078,2.063851794279268e-10
999.0215058076078,1.7674788710054668e-10
999.1215058076078,1.5128353620817886e-10
999.2215058076079,1.2941684771452334e-10
999.3215058076079,1.1065006672077821e-10
999.4215058076079,9.455276995327442e-11
999.5215058076079,8.075297765462497e-11
999.621505807608,6.892940784202871e-11
999.721505807608,5.880473036651137e-11
999.821505807608,5.0139695424069624e-11
999.921505807608,4.2728026383566075e-11
1000.021505807608,3.6391980230031266e-11
1000.1215058076081,3.097849077545907e-11
1000.2215058076081,2.6355820240584713e-11
1000.3215058076081,2.241065401965939e-11
1000.4215058076081,1.904558154788108e-11
1000.5215058076082,1.617691332437307e-11
1000.6215058076082,1.3732790415045993e-11
1000.7215058076082,1.1651548269521639e-11
1000.8215058076082,9.8803015235761e-12
1000.9215058076082,8.373720702360347e-12
1001.0215058076083,7.0929754601637355e-12
1001.1215058076083,6.004822251913807e-12
1001.2215058076083,5.080817185094663e-12
1001.3215058076083,4.296637297113499e-12
1001.4215058076084,3.6314956855238275e-12
1001.5215058076084,3.0676378250783834e-12
1001.6215058076084,2.589908070032202e-12
1001.7215058076084,2.185376792184476e-12
1001.8215058076084,1.843019871055582e-12
1001.9215058076085,1.5534433554465397e-12
1002.0215058076085,1.3086470757620458e-12
1002.1215058076085,1.1018218217862948e-12
1002.2215058076085,9.271754268142249e-13
1002.3215058076086,7.797837299725814e-13
1002.4215058076086,6.554629363430437e-13
1002.5215058076086,5.50660369757112e-13
1002.6215058076086,4.623610251898891e-13
1002.7215058076087,3.880076846986126e-13
1002.8215058076087,3.254326699731752e-13
1002.9215058076087,2.7279957203480925e-13
1003.0215058076087,2.285535298911539e-13
1003.1215058076087,1.9137882979497135e-13
1003.2215058076088,1.6016276931558813e-13
1003.3215058076088,1.3396487933967346e-13
1003.4215058076088,1.1199072552761446e-13
1003.5215058076088,9.35696214107763e-14
1003.6215058076089,7.813568061349069e-14
1003.7215058076089,6.521171769893199e-14
1003.8215058076089,5.439557767467196e-14
1003.9215058076089,4.5348534817769555e-14
1004.021505807609,3.778545354918016e-14
1004.121505807609,3.1466448780404114e-14
1004.221505807609,2.618982149130814e-14
1004.321505807609,2.1786078159461555e-14
1004.421505807609,1.811287081132546e-14
1004.5215058076091,1.5050718563830434e-14
1004.6215058076091,1.2499392140901424e-14
1004.7215058076091,1.0374860474918052e-14
1004.8215058076091,8.606713561877868e-15
1004.9215058076092,7.135988596488904e-15
1005.0215058076092,5.913337384174104e-15
1005.1215058076092,4.8974823817598205e-15
1005.2215058076092,4.05391669027565e-15
1005.3215058076092,3.3538101118861084e-15
1005.4215058076093,2.773089160324338e-15
1005.5215058076093,2.2916638277495774e-15
1005.6215058076093,1.8927780871402707e-15
1005.7215058076093,1.5624646565225129e-15
