958.7275186574501,1.462414678501315e-12
958.8275186574501,1.6856680669367998e-12
958.9275186574502,1.9422611369534046e-12
959.0275186574502,2.237057873506473e-12
959.1275186574502,2.5756144760162418e-12
959.2275186574502,2.9642752887995832e-12
959.3275186574502,3.4102816514885467e-12
959.4275186574503,3.9218953564434274e-12
959.5275186574503,4.508538613111985e-12
959.6275186574503,5.180952658122162e-12
959.7275186574503,5.951377417641646e-12
959.8275186574504,6.8337549285489805e-12
959.9275186574504,7.84395956096208e-12
960.0275186574504,9.000058460796109e-12
960.1275186574504,1.0322606051860649e-11
960.2275186574504,1.1834976907641633e-11
960.3275186574505,1.3563741828981508e-11
960.4275186574505,1.5539092551612695e-11
960.5275186574505,1.7795321163824044e-11
960.6275186574505,2.037136104708899e-11
960.7275186574506,2.331139696970503e-11
960.8275186574506,2.6665552874731964e-11
960.9275186574506,3.0490666919070827e-11
961.0275186574506,3.485116445179037e-11
961.1275186574507,3.9820040879332704e-11
961.2275186574507,4.5479967766859767e-11
961.3275186574507,5.1924537083986816e-11
961.4275186574507,5.925966023630159e-11
961.5275186574507,6.760514044984025e-11
961.6275186574508,7.709643921447933e-11
961.7275186574508,8.788665986628516e-11
961.8275186574508,1.0014877402286918e-10
961.9275186574508,1.1407811950667113e-10
962.0275186574509,1.2989520162838556e-10
962.1275186574509,1.4784883328901916e-10
962.2275186574509,1.6821965332976174e-10
962.3275186574509,1.9132406695305892e-10
962.427518657451,2.1751865689854483e-10
962.527518657451,2.472051194306032e-10
962.627518657451,2.808357851311736e-10
962.727518657451,3.189197910478952e-10
962.827518657451,3.6202997798459703e-10
962.9275186574511,4.1081059470491626e-10
963.0275186574511,4.659858996230608e-10
963.1275186574511,5.283697602572093e-10
963.2275186574511,5.988763614070818e-10
963.3275186574512,6.785321447811188e-10
963.4275186574512,7.684891157427822e-10
963.5275186574512,8.700396670800245e-10
963.6275186574512,9.846330853478151e-10
963.7275186574512,1.113893922520891e-09
963.8275186574513,1.2596424345648443e-09
963.9275186574513,1.4239173092414605e-09
964.0275186574513,1.6090009281760433e-09
964.1275186574513,1.8174474331096433e-09
964.2275186574514,2.0521138935340845e-09
964.3275186574514,2.316194902771672e-09
964.4275186574514,2.6132609622443712e-09
964.5275186574514,2.9473010494229285e-09
964.6275186574514,3.322769804022757e-09
964.7275186574515,3.744639809704271e-09
964.8275186574515,4.218459495151335e-09
964.9275186574515,4.750417229272709e-09
965.0275186574515,5.34741224075683e-09
965.1275186574516,6.0171330526915775e-09
965.2275186574516,6.76814418885355e-09
965.3275186574516,7.609981980014249e-09
965.4275186574516,8.553260376682307e-09
965.5275186574517,9.609787759607172e-09
965.6275186574517,1.0792695831656417e-08
965.7275186574517,1.2116581774928631e-08
965.8275186574517,1.3597664965799752e-08
965.9275186574517,1.525395965868753e-08
966.0275186574518,1.7105465177366144e-08
966.1275186574518,1.9174375291430514e-08
966.2275186574518,2.1485308605798922e-08
966.3275186574518,2.4065561953818283e-08
966.4275186574519,2.694538896050375e-08
966.5275186574519,3.0158306132681745e-08
966.6275186574519,3.374142903833175e-08
966.7275186574519,3.7735841359342955e-08
966.827518657452,4.218699984135313e-08
966.927518657452,4.714517842256676e-08
967.027518657452,5.266595510172961e-08
967.127518657452,5.881074540514412e-08
967.227518657452,6.564738663518875e-08
967.3275186574521,7.325077742975949e-08
967.4275186574521,8.170357753500113e-08
967.5275186574521,9.109697309430104e-08
967.6275186574521,1.0153151318656e-07
967.7275186574522,1.1311802380807328e-07
967.8275186574522,1.2597860598690351e-07
967.9275186574522,1.4024772524840902e-07
968.0275186574522,1.560734002177732e-07
968.1275186574522,1.7361849875211276e-07
968.2275186574523,1.930621506433924e-07
968.3275186574523,2.1460128662629456e-07
968.4275186574523,2.384523141649059e-07
968.5275186574523,2.648529412811336e-07
968.6275186574524,2.940641605288968e-07
968.7275186574524,3.263724061140266e-07
968.8275186574524,3.6209189811339694e-07
968.9275186574524,4.0156718876095077e-07
969.0275186574524,4.451759268460824e-07
969.1275186574525,4.933318574143204e-07
969.2275186574525,5.464880751745838e-07
969.3275186574525,6.051405513048343e-07
969.4275186574525,6.698319547117177e-07
969.5275186574526,7.41155790243482e-07
969.6275186574526,8.197608778821648e-07
969.7275186574526,9.06356198554276e-07
969.8275186574526,1.0017161339024804e-06
969.9275186574527,1.1066861291573945e-06
970.0275186574527,1.2221888101419902e-06
970.1275186574527,1.349230587434899e-06
970.2275186574527,1.4889087828159493e-06
970.3275186574527,1.6424193153215585e-06
970.4275186574528,1.8110649865516456e-06
970.5275186574528,1.996264407297065e-06
970.6275186574528,2.1995616101001726e-06
970.7275186574528,2.4226363950233297e-06
970.8275186574529,2.6673154586844274e-06
970.9275186574529,2.935584359526097e-06
971.0275186574529,3.2296003753198495e-06
971.1275186574529,3.551706312067878e-06
971.227518657453,3.904445326757382e-06
971.327518657453,4.290576829844059e-06
971.427518657453,4.713093536895717e-06
971.527518657453,5.175239742511796e-06
971.627518657453,5.680530893452588e-06
971.7275186574531,6.232774541859045e-06
971.8275186574531,6.836092763522686e-06
971.9275186574531,7.494946130369384e-06
972.0275186574531,8.214159330651777e-06
972.1275186574532,8.998948534796355e-06
972.2275186574532,9.854950609420034e-06
972.3275186574532,1.0788254286712943e-05
972.4275186574532,1.1805433401170409e-05
972.5275186574532,1.291358231054359e-05
972.6275186574533,1.4120353622855979e-05
972.7275186574533,1.5433998356390267e-05
972.8275186574533,1.6863408664680734e-05
972.9275186574533,1.8418163263735053e-05
973.0275186574534,2.010857570394445e-05
973.1275186574534,2.1945745634407747e-05
973.2275186574534,2.3941613212678193e-05
973.3275186574534,2.6109016818221874e-05
973.4275186574534,2.8461754233136637e-05
973.5275186574535,3.10146474588983e-05
973.6275186574535,3.378361134305471e-05
973.7275186574535,3.678572619485252e-05
973.8275186574535,4.003931457373309e-05
973.9275186574536,4.356402243943842e-05
974.0275186574536,4.7380904857105236e-05
974.1275186574536,5.151251645515168e-05
974.2275186574536,5.598300683795309e-05
974.3275186574537,6.081822115921518e-05
974.4275186574537,6.604580606555923e-05
974.5275186574537,7.169532122307517e-05
974.6275186574537,7.779835664245509e-05
974.7275186574537,8.438865602072729e-05
974.8275186574538,9.150224631953681e-05
974.9275186574538,9.917757380130476e-05
975.0275186574538,0.00010745564674539868
975.1275186574538,0.00011638018506661223
975.2275186574539,0.00012599777705771598
975.3275186574539,0.00013635804347656162
975.4275186574539,0.00014751380919613097
975.5275186574539,0.00015952128263296204
975.627518657454,0.00017244024316549503
975.727518657454,0.00018633423674900665
975.827518657454,0.00020127077992785234
975.927518657454,0.00021732157243869454
976.027518657454,0.0002345627185901349
976.1275186574541,0.00025307495759468437
976.2275186574541,0.0002729439030181747
976.3275186574541,0.00029426029149952473
976.4275186574541,0.0003171202408801021
976.5275186574542,0.0003416255178667563
976.6275186574542,0.0003678838153358303
976.7275186574542,0.0003960090393670434
976.8275186574542,0.00042612160607602396
976.9275186574542,0.00045834874829236267
977.0275186574543,0.0004928248321063392
977.1275186574543,0.0005296916832818523
977.2275186574543,0.000569098923505535
977.3275186574543,0.0006112043164124917
977.4275186574544,0.0006561741232975161
977.5275186574544,0.0007041834683870116
977.6275186574544,0.0007554167135110642
977.7275186574544,0.0008100678419772434
977.8275186574544,0.0008683408514076432
977.9275186574545,0.0009304501552584586
978.0275186574545,0.0009966209926969855
978.1275186574545,0.0010670898464643342
978.2275186574545,0.0011421048683033911
978.3275186574546,0.0012219263114806361
978.4275186574546,0.0013068269698773682
978.5275186574546,0.0013970926230707653
978.6275186574546,0.0014930224867679921
978.7275186574547,0.001594929667897427
978.8275186574547,0.0017031416235999736
978.9275186574547,0.0018180006233005578
979.0275186574547,0.0019398642129752133
979.1275186574547,0.0020691056806629773
979.2275186574548,0.0022061145222040464
979.3275186574548,0.0023512969061165296
979.4275186574548,0.002505076136453885
979.5275186574548,0.002667893112413797
979.6275186574549,0.002840206783397083
979.7275186574549,0.003022494598142419
979.8275186574549,0.0032152529464894884
979.9275186574549,0.003418997592249651
980.027518657455,0.0036342640955900015
980.127518657455,0.0038616082232634606
980.227518657455,0.004101606344945321
980.327518657455,0.004354855813864865
980.427518657455,0.004621975329850548
980.5275186574551,0.00490360528283826
980.6275186574551,0.005200408074825266
980.7275186574551,0.005513068418187765
980.8275186574551,0.005842293608217697
980.9275186574552,0.0061888137676753534
981.0275186574552,0.0065533820610985385
981.1275186574552,0.0069367748765567635
981.2275186574552,0.007339791972491302
981.3275186574552,0.007763256587238272
981.4275186574553,0.008208015508793893
981.5275186574553,0.00867493910234788
981.6275186574553,0.009164921293084086
981.7275186574553,0.00967887950172663
981.8275186574554,0.01021775453029581
981.9275186574554,0.010782510395531263
982.0275186574554,0.011374134107440518
982.1275186574554,0.011993635390439945
982.2275186574554,0.01264204634457234
982.3275186574555,0.013320421044311337
982.4275186574555,0.014029835072498362
982.5275186574555,0.014771384987002572
982.6275186574555,0.015546187717749306
982.7275186574556,0.01635537989182777
982.8275186574556,0.01720011708446459
982.9275186574556,0.01808157299373686
983.0275186574556,0.019000938536996196
983.1275186574557,0.01995942086708497
983.2275186574557,0.020958242306547237
983.3275186574557,0.021998639198169682
983.4275186574557,0.023081860670333288
983.5275186574557,0.024209167315813032
983.6275186574558,0.025381829782832876
983.7275186574558,0.026601127277364037
983.8275186574558,0.02786834597584832
983.9275186574558,0.029184777347733833
984.0275186574559,0.030551716387427496
984.1275186574559,0.031970459755498074
984.2275186574559,0.033442303829203726
984.3275186574559,0.03496854266266957
984.427518657456,0.036550465857303566
984.527518657456,0.03818935634331093
984.627518657456,0.03988648807345061
984.727518657456,0.04164312363046883
984.827518657456,0.043460511749945044
984.9275186574561,0.04533988476059504
985.0275186574561,0.04728245594439095
985.1275186574561,0.0492894168191812
985.2275186574561,0.05136193434682131
985.3275186574562,0.053501148070159224
985.4275186574562,0.055708167182556195
985.5275186574562,0.05798406753396322
985.6275186574562,0.0603298885779154
985.7275186574562,0.06274663026414717
985.8275186574563,0.06523524988187386
985.9275186574563,0.06779665885912452
986.0275186574563,0.07043171952384711
986.1275186574563,0.07314124183283946
986.2275186574564,0.07592598007488659
986.3275186574564,0.07878662955480349
986.4275186574564,0.08172382326539435
986.5275186574564,0.0847381285546397
986.6275186574564,0.08783004379571377
986.7275186574565,0.09099999506770984
986.8275186574565,0.09424833285521657
986.9275186574565,0.09757532877513339
987.0275186574565,0.10098117233934453
987.1275186574566,0.1044659677620829
987.2275186574566,0.10802973082100634
987.3275186574566,0.11167238578117979
987.4275186574566,0.11539376239130437
987.5275186574567,0.11919359296165898
987.6275186574567,0.12307150953331816
987.7275186574567,0.12702704114828284
987.8275186574567,0.13105961123020507
987.9275186574567,0.1351685350854046
988.0275186574568,0.13935301753386206
988.1275186574568,0.14361215067982805
988.2275186574568,0.14794491183161565
988.3275186574568,0.15235016158003287
988.4275186574569,0.15682664204477506
988.5275186574569,0.16137297529792236
988.6275186574569,0.1659876619734815
988.7275186574569,0.1706690800716712
988.827518657457,0.17541548396637455
988.927518657457,0.18022500362387575
989.027518657457,0.1850956440406531
989.127518657457,0.19002528490762688
989.227518657457,0.1950116805078488
989.3275186574571,0.20005245985417908
989.4275186574571,0.20514512707302093
989.5275186574571,0.21028706203967787
989.6275186574571,0.21547552127036107
989.7275186574572,0.22070763907530894
989.8275186574572,0.22598042897688655
989.9275186574572,0.23129078539591175
990.0275186574572,0.23663548560880732
990.1275186574572,0.2420111919775103
990.2275186574573,0.24741445445337534
990.3275186574573,0.2528417133555978
990.4275186574573,0.25828930242395237
990.5275186574573,0.2637534521448954
990.6275186574574,0.26923029334932047
990.7275186574574,0.27471586107948476
990.8275186574574,0.2802060987218429
990.9275186574574,0.2856968624017397
991.0275186574574,0.2911839256351208
991.1275186574575,0.29666298423163034
991.2275186574575,0.3021296614426723
991.3275186574575,0.30757951334722955
991.4275186574575,0.31300803446745207
991.5275186574576,0.31841066360525994
991.6275186574576,0.32378278989045023
991.7275186574576,0.3291197590300557
991.8275186574576,0.3344168797479825
991.9275186574577,0.3396694304032534
992.0275186574577,0.3448726657745071
992.1275186574577,0.3500218239977548
992.2275186574577,0.3551121336437758
992.3275186574577,0.36013882092094573
992.4275186574578,0.3650971169887392
992.5275186574578,0.369982265366633
992.6275186574578,0.37478952942265875
992.7275186574578,0.37951419992542196
992.8275186574579,0.3841516026430109
992.9275186574579,0.3886971059718778
993.0275186574579,0.3931461285784728
993.1275186574579,0.3974941470361692
993.227518657458,0.4017367034398146
993.327518657458,0.4058694129801031
993.427518657458,0.4098879714598675
993.527518657458,0.4137881627343537
993.627518657458,0.4175658660575556
993.7275186574581,0.42121706331676023
993.8275186574581,0.42473784613758075
993.9275186574581,0.4281244228419358
994.0275186574581,0.4313731252416737
994.1275186574582,0.4344804152508332
994.2275186574582,0.4374428912998791
994.3275186574582,0.4402572945356548
994.4275186574582,0.4429205147912469
994.5275186574582,0.4454295963104654
994.6275186574583,0.44778174321219855
994.7275186574583,0.44997432468050685
994.8275186574583,0.4520048798669761
994.9275186574583,0.453871122492542
995.0275186574584,0.45557094513674534
995.1275186574584,0.457102423203153
995.2275186574584,0.4584638185505011
995.3275186574584,0.4596535827799724
995.4275186574584,0.46067036016990254
995.5275186574585,0.4615129902501325
995.6275186574585,0.4621805100091617
995.7275186574585,0.46267215572822806
995.8275186574585,0.4629873644374225
995.9275186574586,0.46312577498995405
996.0275186574586,0.4630617545730192
996.1275186574586,0.4627259647936113
996.2275186574586,0.4621150679532114
996.3275186574587,0.46123015434184944
996.4275186574587,0.46007280159164465
996.5275186574587,0.4586450699900465
996.6275186574587,0.45694949636829674
996.7275186574587,0.45498908659048654
996.8275186574588,0.4527673066743357
996.9275186574588,0.45028807258040715
997.0275186574588,0.4475557387118587
997.1275186574588,0.44457508517200256
997.2275186574589,0.4413513038318599
997.3275186574589,0.4378899832645415
997.4275186574589,0.4341970926076294
997.5275186574589,0.4302789644187608
997.627518657459,0.42614227659330245
997.727518657459,0.42179403341633515
997.827518657459,0.4172415458241298
997.927518657459,0.41249241095287253
998.027518657459,0.407554491054584
998.1275186574591,0.4024358918619596
998.2275186574591,0.397144940485235
998.3275186574591,0.39169016292515135
998.4275186574591,0.38608026128665146
998.5275186574592,0.38032409077809154
998.6275186574592,0.37443063658049974
998.7275186574592,0.36840899067076627
998.8275186574592,0.362268328681615
998.9275186574592,0.3560178868797933
999.0275186574593,0.3496669393421451
999.1275186574593,0.34322477540710983
999.2275186574593,0.3367006774767352
999.3275186574593,0.33010389924153083
999.4275186574594,0.32344364439742973
999.5275186574594,0.31672904592079937
999.6275186574594,0.30996914596386826
999.7275186574594,0.3031728764291353
999.8275186574594,0.29634904027733155
999.9275186574595,0.2895062936193297
1000.0275186574595,0.2826531286380785
1000.1275186574595,0.2757978573821923
1000.2275186574595,0.26894859646829167
1000.3275186574596,0.26211325272457725
1000.4275186574596,0.2552995098034701
1000.5275186574596,0.24851481578647808
1000.6275186574596,0.24176637179978616
1000.7275186574597,0.23506112165443532
1000.8275186574597,0.22840574252037738
1000.9275186574597,0.22180663663919492
1001.0275186574597,0.21526992407587556
1001.1275186574597,0.20880143650575014
1001.2275186574598,0.2024067120285654
1001.3275186574598,0.19609099099767804
1001.4275186574598,0.18985921284854892
1001.5275186574598,0.18371601390709533
1001.6275186574599,0.1776657261550404
1001.7275186574599,0.17171237692619545
