958.7275186574501,0.056499980733720125
958.8275186574501,0.05892974516900742
958.9275186574502,0.06144250715396636
959.0275186574502,0.06404001082620599
959.1275186574502,0.06672398359576515
959.2275186574502,0.06949613297125733
959.3275186574502,0.07235814328795724
959.4275186574503,0.07531167234072682
959.5275186574503,0.07835834792503645
959.6275186574503,0.08149976428970221
959.7275186574503,0.0847374785053274
959.8275186574504,0.08807300675281102
959.9275186574504,0.0915078205366593
960.0275186574504,0.09504334282821383
960.1275186574504,0.09868094414428721
960.2275186574504,0.10242193856707257
960.3275186574505,0.10626757971156804
960.4275186574505,0.11021905664712793
960.5275186574505,0.11427748978011859
960.6275186574505,0.11844392670501688
960.7275186574506,0.12271933803164278
960.8275186574506,0.12710461319656022
960.9275186574506,0.13160055626701556
961.0275186574506,0.13620788174610415
961.1275186574507,0.14092721038816536
961.2275186574507,0.14575906503369954
961.3275186574507,0.1507038664733806
961.4275186574507,0.15576192935099686
961.5275186574507,0.16093345811539683
961.6275186574508,0.16621854303173556
961.7275186574508,0.17161715626252025
961.8275186574508,0.17712914802912774
961.9275186574508,0.18275424286461997
962.0275186574509,0.18849203596880992
962.1275186574509,0.1943419896766298
962.2275186574509,0.20030343005092435
962.3275186574509,0.2063755436108342
962.427518657451,0.21255737420694548
962.527518657451,0.21884782005436237
962.627518657451,0.22524563093480662
962.727518657451,0.2317494055787628
962.827518657451,0.2383575892385697
962.9275186574511,0.2450684714632035
963.0275186574511,0.25188018408531065
963.1275186574511,0.2587906994308236
963.2275186574511,0.26579782876123503
963.3275186574512,0.2728992209583067
963.4275186574512,0.28009236146066213
963.5275186574512,0.28737457146134165
963.6275186574512,0.2947430073749966
963.7275186574512,0.30219466058296157
963.8275186574513,0.309726357463969
963.9275186574513,0.3173347597177643
964.0275186574513,0.325016364988337
964.1275186574513,0.3327675077929114
964.2275186574514,0.3405843607622331
964.3275186574514,0.34846293619705215
964.4275186574514,0.3563990879450397
964.5275186574514,0.36438851360167834
964.6275186574514,0.372426757037951
964.7275186574515,0.38050921125690695
964.8275186574515,0.38863112158041546
964.9275186574515,0.3967875891666328
965.0275186574515,0.40497357485789903
965.1275186574516,0.41318390335795857
965.2275186574516,0.4214132677365615
965.3275186574516,0.4296562342586508
965.4275186574516,0.437907247534482
965.5275186574517,0.4461606359861577
965.6275186574517,0.4544106176251814
965.7275186574517,0.462651306134772
965.8275186574517,0.470876717249797
965.9275186574517,0.4790807754263254
966.0275186574518,0.4872573207919292
966.1275186574518,0.4954001163670192
966.2275186574518,0.503502855546653
966.3275186574518,0.5115591698314326
966.4275186574519,0.5195626367953022
966.5275186574519,0.5275067882772675
966.6275186574519,0.535385118783298
966.7275186574519,0.5431910940839385
966.827518657452,0.5509181599924484
966.927518657452,0.5585597513076108
967.027518657452,0.5661093009047188
967.127518657452,0.5735602489576389
967.227518657452,0.58090605227429
967.3275186574521,0.588140193727355
967.4275186574521,0.5952561917615665
967.5275186574521,0.6022476099584733
967.6275186574521,0.6091080666392165
967.7275186574522,0.6158312444855083
967.8275186574522,0.6224109001587264
967.9275186574522,0.6288408738968091
968.0275186574522,0.6351150990684656
968.1275186574522,0.6412276116640924
968.2275186574523,0.6471725597027332
968.3275186574523,0.6529442125344124
968.4275186574523,0.6585369700172259
968.5275186574523,0.6639453715486898
968.6275186574524,0.6691641049310181
968.7275186574524,0.6741880150502274
968.8275186574524,0.6790121123492628
968.9275186574524,0.6836315810756786
969.0275186574524,0.6880417872848168
969.1275186574525,0.6922382865798855
969.2275186574525,0.696216831570855
969.3275186574525,0.6999733790346611
969.4275186574525,0.703504096759828
969.5275186574526,0.7068053700592979
969.6275186574526,0.7098738079359781
969.7275186574526,0.7127062488862884
969.8275186574526,0.715299766327806
969.9275186574527,0.717651673637968
970.0275186574527,0.7197595287916864
970.1275186574527,0.7216211385866721
970.2275186574527,0.7232345624462334
970.3275186574527,0.724598115790319
970.4275186574528,0.7257103729666079
970.5275186574528,0.7265701697345096
970.6275186574528,0.7271766052960119
970.7275186574528,0.7275290438684214
970.8275186574529,0.7276257039405536
970.9275186574529,0.7273372294531781
971.0275186574529,0.7265799393774078
971.1275186574529,0.7253552981965087
971.227518657453,0.7236656720247967
971.327518657453,0.7215143209900469
971.427518657453,0.7189053887517641
971.527518657453,0.7158438892024911
971.627518657453,0.7123356904118894
971.7275186574531,0.7083874958855597
971.8275186574531,0.704006823222379
971.9275186574531,0.6992019802654561
972.0275186574531,0.693982038852599
972.1275186574532,0.6883568062823593
972.2275186574532,0.6823367946212477
972.3275186574532,0.6759331879865185
972.4275186574532,0.6691578079469778
972.5275186574532,0.6620230771915279
972.6275186574533,0.6545419816215825
972.7275186574533,0.6467280310290536
972.8275186574533,0.6385952185262871
972.9275186574533,0.6301579788981
973.0275186574534,0.6214311460489305
973.1275186574534,0.6124299097200512
973.2275186574534,0.6031697716528152
973.3275186574534,0.5936665013740043
973.4275186574534,0.5839360917785514
973.5275186574535,0.5739947146832212
973.6275186574535,0.5638586765222872
973.7275186574535,0.5535443743528553
973.8275186574535,0.5430682523333031
973.9275186574536,0.5324467588333495
974.0275186574536,0.5216963043286003
974.1275186574536,0.5108332202260626
974.2275186574536,0.4998737187601419
974.3275186574537,0.4888338540910851
974.4275186574537,0.4777294847297517
974.5275186574537,0.46657623740406184
974.6275186574537,0.4553894724735197
974.7275186574537,0.44418425098892417
974.8275186574538,0.4329753034848039
974.9275186574538,0.4217770005823157
975.0275186574538,0.41060332547038775
975.1275186574538,0.3994678483228334
975.2275186574539,0.3883837026990572
975.3275186574539,0.377363563965901
975.4275186574539,0.3664196297681687
975.5275186574539,0.3555636025654996
975.627518657454,0.3448066742435685
975.727518657454,0.3341595127981369
975.827518657454,0.32363225108130744
975.927518657454,0.31323447759048473
976.027518657454,0.30297522927206666
976.1275186574541,0.2928629863038115
976.2275186574541,0.2829056688121884
976.3275186574541,0.2731106354738442
976.4275186574541,0.26348468394364144
976.5275186574542,0.2540340530455561
976.6275186574542,0.24476442665709147
976.7275186574542,0.23568093921277722
976.8275186574542,0.2267881827477943
976.9275186574542,0.2180902153987961
977.0275186574543,0.20959057127559427
977.1275186574543,0.20129227161453764
977.2275186574543,0.19319783712212893
977.3275186574543,0.18530930141569363
977.4275186574544,0.1776282254667206
977.5275186574544,0.17015571295182624
977.6275186574544,0.16289242641613
977.7275186574544,0.15583860415415607
977.8275186574544,0.14899407771416628
977.9275186574545,0.14235828993306238
978.0275186574545,0.1359303134106434
978.1275186574545,0.1297088693340437
978.2275186574545,0.12369234656557145
978.3275186574546,0.11787882090989937
978.4275186574546,0.11226607447958556
978.5275186574546,0.10685161508120178
978.6275186574546,0.10163269554788405
978.7275186574547,0.09660633294786324
978.8275186574547,0.0917693276024553
978.9275186574547,0.08711828185105604
979.0275186574547,0.08264961850486813
979.1275186574547,0.07835959893535495
979.2275186574548,0.07424434074774401
979.3275186574548,0.07029983499425578
979.4275186574548,0.06652196288609903
979.5275186574548,0.06290651196760927
979.6275186574549,0.05944919172020722
979.7275186574549,0.05614564856808157
979.8275186574549,0.05299148026164591
979.9275186574549,0.04998224961885864
980.027518657455,0.0471134976084103
980.127518657455,0.04438075576256423
980.227518657455,0.04177955791106357
980.327518657455,0.039305451230983224
980.427518657455,0.0369540066106991
980.5275186574551,0.034720828329255576
980.6275186574551,0.03260156305533604
980.7275186574551,0.030591908172767694
980.8275186574551,0.028687619442023457
980.9275186574552,0.026884518009512675
981.0275186574552,0.025178496778582096
981.1275186574552,0.023565526158076205
981.2275186574552,0.022041659206035468
981.3275186574552,0.020603036187643586
981.4275186574553,0.019245888567875
981.5275186574553,0.01796654246044573
981.6275186574553,0.01676142155564123
981.7275186574553,0.015627049550388482
981.8275186574554,0.01456005210456516
981.9275186574554,0.013557158348002932
982.0275186574554,0.012615201962953073
982.1275186574554,0.01173112186694961
982.2275186574554,0.010901962521036293
982.3275186574555,0.010124873888228855
982.4275186574555,0.009397111066871449
982.5275186574555,0.008716033623226494
982.6275186574555,0.008079104647218406
982.7275186574556,0.0074838895547442545
982.8275186574556,0.006928054659377078
982.9275186574556,0.006409365535629181
983.0275186574556,0.005925685195222567
983.1275186574557,0.005474972097040073
983.2275186574557,0.00505527801061162
983.3275186574557,0.004664745752134369
983.4275186574557,0.004301606811139471
983.5275186574557,0.003964178885010067
983.6275186574558,0.003650863337631404
983.7275186574558,0.0033601425975205443
983.8275186574558,0.003090577509846676
983.9275186574558,0.0028408046558185056
984.0275186574559,0.0026095336519876824
984.1275186574559,0.002395544441101685
984.2275186574559,0.0021976845852396017
984.3275186574559,0.0020148665710842564
984.427518657456,0.0018460651363265783
984.527518657456,0.001690314625366884
984.627518657456,0.001546706381674368
984.727518657456,0.0014143861833935
984.827518657456,0.001292551728045344
984.9275186574561,0.001180450171464911
985.0275186574561,0.0010773757254433339
985.1275186574561,0.0009826673179067374
985.2275186574561,0.0008957063188628589
985.3275186574562,0.0008159143347816129
985.4275186574562,0.0007427510735472745
985.5275186574562,0.0006757122816272112
985.6275186574562,0.0006143277546449434
985.7275186574562,0.0005581594221229348
985.8275186574563,0.0005067995067722736
985.9275186574563,0.0004598687583513378
986.0275186574563,0.00041701476179257987
986.1275186574563,0.0003779103190046246
986.2275186574564,0.00034225190349469124
986.3275186574564,0.00030975818672263246
986.4275186574564,0.00028016863489130117
986.5275186574564,0.0002532421746970752
986.6275186574564,0.00022875592640782334
986.7275186574565,0.00020650400250189654
986.8275186574565,0.00018629636998947026
986.9275186574565,0.00016795777444531958
987.0275186574565,0.00015132672370841424
987.1275186574566,0.00013625452914723657
987.2275186574566,0.0001226044023490667
987.3275186574566,0.0001102506050652801
987.4275186574566,9.907765023176256e-05
987.5275186574567,8.897955188252173e-05
987.6275186574567,7.985912178436922e-05
987.7275186574567,7.162731063996335e-05
987.8275186574567,6.420259173447914e-05
987.9275186574567,5.751038493670123e-05
988.0275186574568,5.148251900742049e-05
988.1275186574568,4.605673021577427e-05
988.2275186574568,4.1176195316748804e-05
988.3275186574568,3.678909699966459e-05
988.4275186574569,3.2848219977364606e-05
988.5275186574569,2.9310575948352533e-05
988.6275186574569,2.6137055728647222e-05
988.7275186574569,2.329210691608092e-05
988.827518657457,2.0743435516646975e-05
988.927518657457,1.8461730029834898e-05
989.027518657457,1.6420406557259807e-05
989.127518657457,1.4595373565926468e-05
989.227518657457,1.296481500383078e-05
989.3275186574571,1.1508990531010623e-05
989.4275186574571,1.021005169335374e-05
989.5275186574571,9.05187292923994e-06
989.6275186574571,8.019896360252601e-06
989.7275186574572,7.100989376586167e-06
989.8275186574572,6.283314085275627e-06
989.9275186574572,5.556207744881763e-06
990.0275186574572,4.910073363703738e-06
990.1275186574572,4.3362796899046395e-06
990.2275186574573,3.82706987108759e-06
990.3275186574573,3.3754781078330853e-06
990.4275186574573,2.9752536704971435e-06
990.5275186574573,2.6207916911853088e-06
990.6275186574574,2.307070183281925e-06
990.7275186574574,2.029592779259261e-06
990.8275186574574,1.7843367137589757e-06
990.9275186574574,1.5677056131781462e-06
991.0275186574574,1.3764866852590762e-06
991.1275186574575,1.2078119325375241e-06
991.2275186574575,1.0591230420125131e-06
991.3275186574575,9.281396301315305e-07
991.4275186574575,8.12830547207984e-07
991.5275186574576,7.113879687761623e-07
991.6275186574576,6.222040232160731e-07
991.7275186574576,5.438497253203272e-07
991.8275186574576,4.7505600440142567e-07
991.9275186574577,4.14696633123648e-07
992.0275186574577,3.6177287956112466e-07
992.1275186574577,3.153997201035843e-07
992.2275186574577,2.747934648224553e-07
992.3275186574577,2.39260659839836e-07
992.4275186574578,2.0818814317609868e-07
992.5275186574578,1.810341415514314e-07
992.6275186574578,1.573203057426014e-07
992.7275186574578,1.366245914065507e-07
992.8275186574579,1.1857490083222653e-07
992.9275186574579,1.0284340892405035e-07
993.0275186574579,8.91415039045809e-08
993.1275186574579,7.721527979773755e-08
993.227518657458,6.684152376223576e-08
993.327518657458,5.7824146830021636e-08
993.427518657458,4.9991011606334044e-08
993.527518657458,4.319111504403761e-08
993.627518657458,3.729208855018333e-08
993.7275186574581,3.217798145025096e-08
993.8275186574581,2.7747297255909785e-08
993.9275186574581,2.3911255284049124e-08
994.0275186574581,2.0592252984911697e-08
994.1275186574582,1.7722506880193887e-08
994.2275186574582,1.5242852310903594e-08
994.3275186574582,1.3101684270879314e-08
994.4275186574582,1.125402347482057e-08
994.5275186574582,9.66069349762506e-09
994.6275186574583,8.287596341495537e-09
994.7275186574583,7.105075154072211e-09
994.8275186574583,6.087354048912419e-09
994.9275186574583,5.2120460819670544e-09
995.0275186574584,4.4597214261872036e-09
995.1275186574584,3.813528671930874e-09
995.2275186574584,3.258862973372767e-09
995.3275186574584,2.7830754697367264e-09
995.4275186574584,2.375219043146282e-09
995.5275186574585,2.0258260397580616e-09
995.6275186574585,1.7267140844571855e-09
995.7275186574585,1.4708165679705028e-09
995.8275186574585,1.2520347844344287e-09
995.9275186574586,1.0651090523463857e-09
996.0275186574586,9.055064670535294e-10
996.1275186574586,7.693232126656463e-10
996.2275186574586,6.531996092883243e-10
996.3275186574587,5.542462911548802e-10
996.4275186574587,4.699801056499026e-10
996.5275186574587,3.982684951135693e-10
996.6275186574587,3.372812751663647e-10
996.7275186574587,2.8544885731499605e-10
996.8275186574588,2.414260817806836e-10
996.9275186574588,2.0406093060980778e-10
997.0275186574588,1.7236748277643792e-10
997.1275186574588,1.4550255358850582e-10
997.2275186574589,1.2274553153385573e-10
997.3275186574589,1.0348098788081808e-10
997.4275186574589,8.718368888823148e-11
997.5275186574589,7.340568827878069e-11
997.627518657459,6.176521948415027e-11
997.727518657459,5.193714378851361e-11
997.827518657459,4.364474250594861e-11
997.927518657459,3.665266928366821e-11
998.027518657459,3.076090301882492e-11
998.1275186574591,2.5799563147436298e-11
998.2275186574591,2.1624467594298767e-11
998.3275186574591,1.8113329802076904e-11
998.4275186574591,1.516250528534418e-11
998.5275186574592,1.2684210344858026e-11
998.6275186574592,1.060414616076203e-11
998.7275186574592,8.859470664681422e-12
998.8275186574592,7.397068548958369e-12
998.9275186574592,6.172076663747944e-12
999.0275186574593,5.146628017168591e-12
999.1275186574593,4.2887827508631555e-12
999.2275186574593,3.571618918785509e-12
999.3275186574593,2.972459743101532e-12
999.4275186574594,2.472217338415678e-12
999.5275186574594,2.0548357544632712e-12
999.6275186574594,1.706818649279143e-12
999.7275186574594,1.4168290230917533e-12
999.8275186574594,1.1753502642857446e-12
999.9275186574595,9.743993231442215e-13
1000.0275186574595,8.072841718334143e-13
1000.1275186574595,6.683988606949959e-13
1000.2275186574595,5.530504677846292e-13
1000.3275186574596,4.573130836255139e-13
1000.4275186574596,3.779046961417651e-13
1000.5275186574596,3.120834588293598e-13
1000.6275186574596,2.575603532121041e-13
1000.7275186574597,2.1242570729412221e-13
1000.8275186574597,1.7508741607830478e-13
1000.9275186574597,1.442190377685844e-13
1001.0275186574597,1.1871621818924827e-13
1001.1275186574597,9.766013327062191e-14
1001.2275186574598,8.028684121300548e-14
1001.3275186574598,6.596160734168207e-14
1001.4275186574598,5.4157410159981426e-14
1001.5275186574598,4.4436960514018626e-14
1001.6275186574599,3.643767037327265e-14
1001.7275186574599,2.985909630554697e-14
