958.7275186574501,1.4603008906032766
958.8275186574501,1.4627306550387873
958.9275186574502,1.4652434170240027
959.0275186574502,1.4678409206965373
959.1275186574502,1.470524893466435
959.2275186574502,1.4732970428423158
959.3275186574502,1.4761590531594617
959.4275186574503,1.4791125822127429
959.5275186574503,1.482159257797639
959.6275186574503,1.4853006741629773
959.7275186574503,1.4885383883793728
959.8275186574504,1.4918739166277388
959.9275186574504,1.4953087304125974
960.0275186574504,1.498844252705308
960.1275186574504,1.502481854022704
960.2275186574504,1.5062228484470017
960.3275186574505,1.510068489593226
960.4275186574505,1.5140199665307612
960.5275186574505,1.518078399666008
960.6275186574505,1.5222448365934824
960.7275186574506,1.5265202479230484
960.8275186574506,1.53090552309132
960.9275186574506,1.5354014661656004
961.0275186574506,1.5400087916490495
961.1275186574507,1.5447281202960794
961.2275186574507,1.5495599749472737
961.3275186574507,1.5545047763933992
961.4275186574507,1.5595628392783507
961.5275186574507,1.5647343680510961
961.6275186574508,1.570019452976926
961.7275186574508,1.5754180662185011
961.8275186574508,1.5809300579973706
961.9275186574508,1.5865551528467923
962.0275186574509,1.5922929459667992
962.1275186574509,1.5981428996925728
962.2275186574509,1.6041043400872381
962.3275186574509,1.6101764536702525
962.427518657451,1.6163582842925583
962.527518657451,1.6226487301696617
962.627518657451,1.6290465410837365
962.727518657451,1.6355503157657767
962.827518657451,1.6421584994686937
962.9275186574511,1.6488693817421083
963.0275186574511,1.6556810944193907
963.1275186574511,1.6625916098272875
963.2275186574511,1.6695987392282055
963.3275186574512,1.676700131504933
963.4275186574512,1.6838932720972455
963.5275186574512,1.6911754821994753
963.6275186574512,1.6985439182277238
963.7275186574512,1.7059955715649497
963.8275186574513,1.7135272685917056
963.9275186574513,1.7211356710097758
964.0275186574513,1.7288172764654322
964.1275186574513,1.736568419478453
964.2275186574514,1.7443852726824411
964.3275186574514,1.7522638483813413
964.4275186574514,1.7602000004263947
964.5275186574514,1.7681894264170737
964.6275186574514,1.776227670228815
964.7275186574515,1.784310124869641
964.8275186574515,1.7924320356669692
964.9275186574515,1.8005885037851441
965.0275186574515,1.8087744900734055
965.1275186574516,1.816984819243186
965.2275186574516,1.8252141843727998
965.3275186574516,1.8334571517367269
965.4275186574516,1.8417081659558365
965.5275186574517,1.8499615554640396
965.6275186574517,1.8582115382859714
965.7275186574517,1.866452228119448
965.8275186574517,1.874677640715556
965.9275186574517,1.8828817005483791
966.0275186574518,1.8910582477654885
966.1275186574518,1.8992010454094888
966.2275186574518,1.9073037869000558
966.3275186574518,1.9153601037650887
966.4275186574519,1.9233635736087853
966.5275186574519,1.931307728303668
966.6275186574519,1.939186062392821
966.7275186574519,1.9469920416878739
966.827518657452,1.9547191120475425
966.927518657452,1.9623607083208834
967.027518657452,1.9699102634387682
967.127518657452,1.9773612176364783
967.227518657452,1.9847070277897707
967.3275186574521,1.9919411768462267
967.4275186574521,1.9990571833332382
967.5275186574521,2.0060486109235405
967.6275186574521,2.012909078038824
967.7275186574522,2.0196322674716263
967.8275186574522,2.0262119360054265
967.9275186574522,2.0326419240126286
968.0275186574522,2.03891616500996
968.1275186574522,2.0450286951506853
968.2275186574523,2.0509736626329778
968.3275186574523,2.056745337003793
968.4275186574523,2.0623381183376344
968.5275186574523,2.067746546269725
968.6275186574524,2.0729653088632727
968.7275186574524,2.0779892512907274
968.8275186574524,2.0828133843092553
968.9275186574524,2.0874328925109613
969.0275186574524,2.091843142328838
969.1275186574525,2.096039689779837
969.2275186574525,2.1000182879270244
969.3275186574525,2.1037748940433065
969.4275186574525,2.1073056764598768
969.5275186574526,2.110607021083182
969.6275186574526,2.11367553756495
969.7275186574526,2.116508065110581
969.8275186574526,2.119101677912034
969.9275186574527,2.121453690192191
970.0275186574527,2.1235616608485905
970.1275186574527,2.1254233976853536
970.2275186574527,2.1270369612231104
970.3275186574527,2.1284006680777283
970.4275186574528,2.1295130938996887
970.5275186574528,2.130373075867011
970.6275186574528,2.130979714725716
970.7275186574528,2.1313323763729106
970.8275186574529,2.1314292811241065
970.9275186574529,2.131141074905632
971.0275186574529,2.130384078845877
971.1275186574529,2.129159759770915
971.227518657453,2.1274704863382174
971.327518657453,2.125319521434971
971.427518657453,2.1227110117133954
971.527518657453,2.119649974310328
971.627518657453,2.1161422808108767
971.7275186574531,2.112194638528196
971.8275186574531,2.107814569183237
971.9275186574531,2.1030103850796804
972.0275186574531,2.0977911628800237
972.1275186574532,2.092166715098988
972.2275186574532,2.0861475594399512
972.3275186574532,2.0797448861088994
972.4275186574532,2.072970523248473
972.5275186574532,2.0658369006419326
972.6275186574533,2.0583570118432997
972.7275186574533,2.0505443748955043
972.8275186574533,2.042412991803046
972.9275186574533,2.033977306929458
973.0275186574534,2.0252521644927284
973.1275186574534,2.0162527653337796
973.2275186574534,2.006994623134122
973.3275186574534,1.9974935202589168
973.4275186574534,1.9877654634008786
973.5275186574535,1.9778266391987742
973.6275186574535,1.9676933700017245
973.7275186574535,1.9573820699471443
973.8275186574535,1.946909201515971
973.9275186574536,1.936291232723883
974.0275186574536,1.9255445951015515
974.1275186574536,1.9146856426106118
974.2275186574536,1.903730611635074
974.3275186574537,1.8926955821803384
974.4275186574537,1.8815964404039114
974.5275186574537,1.8704488425933792
974.6275186574537,1.8592681806982563
974.7275186574537,1.848069549513039
974.8275186574538,1.8368677155992175
974.9275186574538,1.8256770880242112
975.0275186574538,1.8145116909852272
975.1275186574538,1.8033851383759942
975.2275186574539,1.792310610344209
975.3275186574539,1.7813008318774717
975.4275186574539,1.7703680534454591
975.5275186574539,1.7595240337162268
975.627518657454,1.7487800243548282
975.727518657454,1.73814675690298
975.827518657454,1.7276344317293295
975.927518657454,1.7172527090310177
976.027518657454,1.707010701858751
976.1275186574541,1.6969169711295002
976.2275186574541,1.6869795225833006
976.3275186574541,1.6772058056334378
976.4275186574541,1.6676027140526157
976.5275186574542,1.658176588431517
976.6275186574542,1.6489332203405214
976.7275186574542,1.6398778581202385
976.8275186574542,1.6310152142219645
976.9275186574542,1.6223494740151827
977.0275186574543,1.6138843059757948
977.1275186574543,1.6056228731659137
977.2275186574543,1.5975678459137286
977.3275186574543,1.5897214156002002
977.4275186574544,1.5820853094581122
977.5275186574544,1.5746608062883074
977.6275186574544,1.5674487529977352
977.7275186574544,1.5604495818642274
977.8275186574544,1.553663328433668
977.9275186574545,1.547089649956415
978.0275186574545,1.5407278442714345
978.1275186574545,1.5345768690486021
978.2275186574545,1.528635361301969
978.3275186574546,1.5229016570894742
978.4275186574546,1.517373811317557
978.5275186574546,1.5120496175723668
978.6275186574546,1.5069266279027462
978.7275186574547,1.5020021724838548
978.8275186574547,1.4972733790941495
978.9275186574547,1.4927371923424508
979.0275186574547,1.4883903925859374
979.1275186574547,1.484229614484112
979.2275186574548,1.4802513651380422
979.3275186574548,1.4764520417684666
979.4275186574548,1.472827948890647
979.5275186574548,1.4693753149481172
979.6275186574549,1.4660903083716985
979.7275186574549,1.462969053034318
979.8275186574549,1.4600076430762294
979.9275186574549,1.4572021570792024
980.027518657455,1.4545486715720943
980.127518657455,1.4520432738539217
980.227518657455,1.449682074124103
980.327518657455,1.4474612169129422
980.427518657455,1.4453768918086438
980.5275186574551,1.443425343480188
980.6275186574551,1.4416028809982555
980.7275186574551,1.4399058864590497
980.8275186574551,1.4383308229183354
980.9275186574552,1.4368742416452822
981.0275186574552,1.4355327887077747
981.1275186574552,1.4343032109027272
981.2275186574552,1.433182361046621
981.3275186574552,1.432167202642976
981.4275186574553,1.431254813944763
981.5275186574553,1.4304423914308877
981.6275186574553,1.4297272527168194
981.7275186574553,1.4291068389202093
981.8275186574554,1.428578716502955
981.9275186574554,1.4281405786116284
982.0275186574554,1.4277902459384877
982.1275186574554,1.4275256671254837
982.2275186574554,1.4273449187337028
982.3275186574555,1.4272462048006342
982.4275186574555,1.427227856007464
982.5275186574555,1.427288328478323
982.6275186574555,1.427426202233062
982.7275186574556,1.4276401793146662
982.8275186574556,1.4279290816119359
982.9275186574556,1.4282918483974603
983.0275186574556,1.428727533600313
983.1275186574557,1.4292353028322191
983.2275186574557,1.429814430185253
983.3275186574557,1.430464294818398
983.4275186574557,1.431184377349567
983.5275186574557,1.4319742560689173
983.6275186574558,1.4328336029885584
983.7275186574558,1.4337621797429787
983.8275186574558,1.4347598333537892
983.9275186574558,1.4358264918716466
984.0275186574559,1.4369621599075093
984.1275186574559,1.438166914064694
984.2275186574559,1.4394408982825375
984.3275186574559,1.440784319101848
984.427518657456,1.4421974408617242
984.527518657456,1.4436805808367719
984.627518657456,1.445234104323219
984.727518657456,1.4468584196819565
984.827518657456,1.4485539733460846
984.9275186574561,1.4503212448001541
985.0275186574561,1.4521607415379285
985.1275186574561,1.454072994005182
985.2275186574561,1.4560585505337782
985.3275186574562,1.458117972273035
985.4275186574562,1.4602518281241976
985.5275186574562,1.4624606896836845
985.6275186574562,1.4647451262006546
985.7275186574562,1.4671056995543643
985.8275186574563,1.4695429592567404
985.9275186574563,1.47205743748557
986.0275186574563,1.4746496441537338
986.1275186574563,1.4773200620199383
986.2275186574564,1.4800691418464753
986.3275186574564,1.4828972976096202
986.4275186574564,1.4858049017683799
986.5275186574564,1.488792280597431
986.6275186574564,1.4918597095902157
986.7275186574565,1.4950074089383059
986.8275186574565,1.4982355390933002
986.9275186574565,1.5015441964176728
987.0275186574565,1.504933408931147
987.1275186574566,1.5084031321593243
987.2275186574566,1.5119532450914495
987.3275186574566,1.5155835462543392
987.4275186574566,1.5192937499096302
987.5275186574567,1.5230834823816357
987.6275186574567,1.5269522785231966
987.7275186574567,1.530899578327017
987.8275186574567,1.5349247236900336
987.9275186574567,1.5390269553384355
988.0275186574568,1.5432054099209636
988.1275186574568,1.547459117278138
988.2275186574568,1.5517869978950265
988.3275186574568,1.5561878605451267
988.4275186574569,1.5606604001328466
988.5275186574569,1.5652031957419648
988.6275186574569,1.5698147088973042
988.7275186574569,1.5744932820466815
988.827518657457,1.5792371372699854
988.927518657457,1.5840443752219997
989.027518657457,1.5889129743153045
989.127518657457,1.593840790149287
989.227518657457,1.5988255551909467
989.3275186574571,1.6038648787128043
989.4275186574571,1.6089562469928085
989.5275186574571,1.6140970237807013
989.6275186574571,1.6192844510348154
989.7275186574572,1.6245156499327797
989.8275186574572,1.629787622159066
989.9275186574572,1.6350972514717508
990.0275186574572,1.6404413055502651
990.1275186574572,1.6458164381252944
990.2275186574573,1.6512191913913405
990.3275186574573,1.6566459987017998
990.4275186574573,1.662093187545717
990.5275186574573,1.6675569828046806
990.6275186574574,1.673033510287598
990.7275186574574,1.6785188005403582
990.8275186574574,1.6840087929266507
990.9275186574574,1.689499339975447
991.0275186574574,1.6949862119899002
991.1275186574575,1.700465101911657
991.2275186574575,1.7059316304338084
991.3275186574575,1.7113813513549538
991.4275186574575,1.7168097571660934
991.5275186574576,1.7222122848613228
991.6275186574576,1.7275843219625675
991.7275186574576,1.732921212747875
991.8275186574576,1.738218264672081
991.9275186574577,1.7434707549679807
992.0275186574577,1.7486739374154807
992.1275186574577,1.753823049265569
992.2275186574577,1.7589133183053347
992.3275186574577,1.7639399700496998
992.4275186574578,1.7688982350449765
992.5275186574578,1.7737833562688687
992.6275186574578,1.7785905966110587
992.7275186574578,1.7833152464181075
992.8275186574579,1.7879526310860059
992.9275186574579,1.7924981186833808
993.0275186574579,1.7969471275880708
993.1275186574579,1.8012951341195431
993.227518657458,1.8055376801494325
993.327518657458,1.809670380672344
993.427518657458,1.8136889313189732
993.527518657458,1.8175891157935629
993.627518657458,1.8213668132177383
993.7275186574581,1.8250180053628358
993.8275186574581,1.828538783752972
993.9275186574581,1.8319253566212852
994.0275186574581,1.8351740557020209
994.1275186574582,1.8382813428414342
994.2275186574582,1.8412438164108256
994.3275186574582,1.8440582175054332
994.4275186574582,1.8467214359133646
994.5275186574582,1.849230515839253
994.6275186574583,1.851582661367889
994.7275186574583,1.8537752416536761
994.8275186574583,1.8558057958224243
994.9275186574583,1.8576720375726823
995.0275186574584,1.859371859464561
995.1275186574584,1.8609033368847758
995.2275186574584,1.8622647316774583
995.3275186574584,1.863454495431142
995.4275186574584,1.8644712724132158
995.5275186574585,1.8653139021440528
995.6275186574585,1.86598142160397
995.7275186574585,1.8664730670671388
995.8275186574585,1.8667882755575516
995.9275186574586,1.8669266859231572
996.0275186574586,1.8668626653466198
996.1275186574586,1.8665268754310287
996.2275186574586,1.8659159784745052
996.3275186574587,1.86503106476419
996.4275186574587,1.8638737119297188
996.5275186574587,1.862445980256409
996.6275186574587,1.8607504065736722
996.7275186574587,1.8587899967440296
996.8275186574588,1.856568216783856
996.9275186574588,1.8540889826525622
997.0275186574588,1.8513566487523203
997.1275186574588,1.8483759951855991
997.2275186574589,1.8451522138226997
997.3275186574589,1.8416908932361167
997.4275186574589,1.8379980025629072
997.5275186574589,1.8340798743602607
997.627518657459,1.829943186523162
997.727518657459,1.8255949433363665
997.827518657459,1.8210424557358686
997.927518657459,1.8162933208576193
998.027518657459,1.8113554009534392
998.1275186574591,1.8062368017558534
998.2275186574591,1.8009458503749536
998.3275186574591,1.795491072811359
998.4275186574591,1.789881171169908
998.5275186574592,1.7841250006588698
998.6275186574592,1.778231546459198
998.7275186574592,1.7722099005477199
998.8275186574592,1.7660692385571062
998.9275186574592,1.7598187967540595
999.0275186574593,1.753467849215386
999.1275186574593,1.7470256852794928
999.2275186574593,1.740501587348401
999.3275186574593,1.7339048091125975
999.4275186574594,1.7272445542679962
999.5275186574594,1.7205299557909484
999.6275186574594,1.7137700558336693
999.7275186574594,1.7069737862986463
999.8275186574594,1.700149950146601
999.9275186574595,1.6933072034883982
1000.0275186574595,1.68645403850698
1000.1275186574595,1.679598767250955
1000.2275186574595,1.6727495063369389
1000.3275186574596,1.6659141625931286
1000.4275186574596,1.659100419671942
1000.5275186574596,1.6523157256548844
1000.6275186574596,1.645567281668138
1000.7275186574597,1.6388620315227418
1000.8275186574597,1.6322066523886467
1000.9275186574597,1.6256075465074333
1001.0275186574597,1.6190708339440885
1001.1275186574597,1.6126023463739418
1001.2275186574598,1.6062076218967398
1001.3275186574598,1.599891900865838
1001.4275186574598,1.593660122716697
1001.5275186574598,1.587516923775234
1001.6275186574599,1.581466636023171
1001.7275186574599,1.5755132867943193
