956.8035010734425,1.0170339808025748
956.9035010734425,1.018382070153075
957.0035010734425,1.0197744371720627
957.1035010734425,1.0212120370207614
957.2035010734426,1.0226958227675707
957.3035010734426,1.0242267441675237
957.4035010734426,1.025805746398022
957.5035010734426,1.0274337687513657
957.6035010734427,1.029111743284724
957.7035010734427,1.0308405934282854
957.8035010734427,1.0326212325524609
957.9035010734427,1.0344545624951211
958.0035010734427,1.0363414720499746
958.1035010734428,1.038282835417315
958.2035010734428,1.0402795106184912
958.3035010734428,1.0423323378755818
958.4035010734428,1.0444421379578774
958.5035010734429,1.0466097104969136
958.6035010734429,1.04883583227191
958.7035010734429,1.0511212554676177
958.8035010734429,1.053466705906694
958.903501073443,1.0558728812588558
959.003501073443,1.0583404492291946
959.103501073443,1.0608700457281544
959.203501073443,1.063462273025809
959.303501073443,1.0661176978931914
959.4035010734431,1.0688368497335474
959.5035010734431,1.0716202187065156
959.6035010734431,1.074468253848333
959.7035010734431,1.0773813611912935
959.8035010734432,1.0803599018857848
959.9035010734432,1.0834041903283327
960.0035010734432,1.086514492299186
960.1035010734432,1.08969102311306
960.2035010734432,1.0929339457867528
960.3035010734433,1.096243369227421
960.4035010734433,1.0996193464453852
960.5035010734433,1.1030618727953956
960.6035010734433,1.1065708842503563
960.7035010734434,1.1101462557115531
960.8035010734434,1.1137877993594802
960.9035010734434,1.117495263049396
961.0035010734434,1.1212683287557637
961.1035010734435,1.1251066110697583
961.2035010734435,1.1290096557540215
961.3035010734435,1.1329769383588566
961.4035010734435,1.1370078629040359
961.5035010734435,1.1411017606303808
961.6035010734436,1.1452578888252392
961.7035010734436,1.1494754297259446
961.8035010734436,1.153753489505295
961.9035010734436,1.158091097343014
962.0035010734437,1.1624872045870993
962.1035010734437,1.1669406840088616
962.2035010734437,1.1714503291553788
962.3035010734437,1.1760148538029622
962.4035010734437,1.1806328915151325
962.5035010734438,1.1853029953084593
962.6035010734438,1.1900236374294824
962.7035010734438,1.1947932092457818
962.8035010734438,1.1996100212540972
962.9035010734439,1.2044723032082234
963.0035010734439,1.2093782043692296
963.1035010734439,1.2143257938803482
963.2035010734439,1.2193130612686778
963.303501073444,1.224337917075631
963.403501073444,1.2293981936178342
963.503501073444,1.2344916458799502
963.603501073444,1.2396159525406583
963.703501073444,1.244768717132773
963.8035010734441,1.2499474693382304
963.9035010734441,1.2551496664184003
964.0035010734441,1.2603726947799212
964.1035010734441,1.26561387167597
964.2035010734442,1.2708704470426015
964.3035010734442,1.2761396054695082
964.4035010734442,1.2814184683042555
964.5035010734442,1.286704095888758
964.6035010734442,1.2919934899264647
964.7035010734443,1.2972835959784286
964.8035010734443,1.3025713060861233
964.9035010734443,1.3078534615185902
965.0035010734443,1.3131268556411821
965.1035010734444,1.318388236902886
965.2035010734444,1.3236343119389038
965.3035010734444,1.3288617487848793
965.4035010734444,1.3340671801988782
965.5035010734445,1.3392472070869306
965.6035010734445,1.3443984020276813
965.7035010734445,1.3495173128914089
965.8035010734445,1.3546004665484181
965.9035010734445,1.3596443726615492
966.0035010734446,1.3646455275572966
966.1035010734446,1.3696004181697943
966.2035010734446,1.3745055260516956
966.3035010734446,1.3793573314457532
966.4035010734447,1.3841523174107047
966.5035010734447,1.3888869739948675
966.6035010734447,1.393557802450675
966.7035010734447,1.398161319483209
966.8035010734447,1.4026940615256378
966.9035010734448,1.4071525890343284
967.0035010734448,1.411533490796277
967.1035010734448,1.4158333882413978
967.2035010734448,1.4200489397521188
967.3035010734449,1.4241768449626593
967.4035010734449,1.4282138490403085
967.5035010734449,1.432156746940983
967.6035010734449,1.4360023876313237
967.703501073445,1.4397476782695864
967.803501073445,1.4433895883375965
967.903501073445,1.446925153716072
968.003501073445,1.4503514806956717
968.103501073445,1.453665749916188
968.2035010734451,1.456865220226409
968.3035010734451,1.4599472324572598
968.4035010734451,1.4629092131009764
968.5035010734451,1.4657486778891964
968.6035010734452,1.468463235263019
968.7035010734452,1.4710505897282566
968.8035010734452,1.4735085450893073
968.9035010734452,1.4758350075552724
969.0035010734452,1.478027988712189
969.1035010734453,1.4800856083554765
969.2035010734453,1.4820060971769624
969.3035010734453,1.4837877993011233
969.4035010734453,1.4854291746654624
969.5035010734454,1.4869288012402495
969.6035010734454,1.4882853770831543
969.7035010734454,1.4894977222246362
969.8035010734454,1.4905647803802808
969.9035010734455,1.491485620486624
970.0035010734455,1.4922594380573582
970.1035010734455,1.492885556357169
970.2035010734455,1.4933634273908334
970.3035010734455,1.4936926327055757
970.4035010734456,1.4938728840050628
970.5035010734456,1.493899756310412
970.6035010734456,1.4937022752051803
970.7035010734456,1.4932555185107739
970.8035010734457,1.4925601421730317
970.9035010734457,1.4916171661662516
971.0035010734457,1.4904279720068452
971.1035010734457,1.4889942993878784
971.2035010734458,1.4873182419460527
971.3035010734458,1.4854022421755988
971.4035010734458,1.4832490855064537
971.5035010734458,1.4808618935668956
971.6035010734458,1.4782441166535247
971.7035010734459,1.475399525434105
971.8035010734459,1.4723322019112879
971.9035010734459,1.4690465296776254
972.0035010734459,1.4655471834945406
972.103501073446,1.4618391182300368
972.203501073446,1.4579275571918975
972.303501073446,1.4538179798949413
972.403501073446,1.4495161093025442
972.503501073446,1.4450278985841192
972.6035010734461,1.4403595174315593
972.7035010734461,1.4355173379787591
972.8035010734461,1.430507920369299
972.9035010734461,1.4253379980181138
973.0035010734462,1.420014462613564
973.1035010734462,1.4145443489067044
973.2035010734462,1.4089348193347524
973.3035010734462,1.4031931485257778
973.4035010734463,1.3973267077314753
973.5035010734463,1.3913429492345286
973.6035010734463,1.3852493907765668
973.7035010734463,1.3790536000520157
973.8035010734463,1.372763179312296
973.9035010734464,1.3663857501237993
974.0035010734464,1.3599289383219095
974.1035010734464,1.3534003592020214
974.2035010734464,1.3468076029870526
974.3035010734465,1.3401582206093736
974.4035010734465,1.3334597098433716
974.5035010734465,1.3267195018230562
974.6035010734465,1.31994494797721
974.7035010734465,1.3131433074125756
974.8035010734466,1.3063217347734941
974.9035010734466,1.2994872686042651
975.0035010734466,1.2926468202382755
975.1035010734466,1.2858071632357027
975.2035010734467,1.278974923389288
975.3035010734467,1.272156569315371
975.4035010734467,1.2653584036450238
975.5035010734467,1.2585865548277972
975.6035010734468,1.2518469695582417
975.7035010734468,1.2451454058330529
975.8035010734468,1.2384874266443933
975.9035010734468,1.2318783943126745
976.0035010734468,1.2253234654598741
976.1035010734469,1.218827586622281
976.2035010734469,1.212395490499469
976.3035010734469,1.2060316928342452
976.4035010734469,1.1997404899163615
976.503501073447,1.1935259567008858
976.603501073447,1.1873919455303337
976.703501073447,1.1813420854479526
976.803501073447,1.175379782087939
976.903501073447,1.1695082181268597
977.0035010734471,1.1637303542791428
977.1035010734471,1.1580489308182034
977.2035010734471,1.1524664696035805
977.3035010734471,1.1469852765933866
977.4035010734472,1.141607444820396
977.5035010734472,1.1363348578092571
977.6035010734472,1.131169193411561
977.7035010734472,1.1261119280348773
977.8035010734473,1.1211643412413452
977.9035010734473,1.1163275206910028
978.0035010734473,1.1116023674047333
978.1035010734473,1.1069896013215041
978.2035010734473,1.1024897671244922
978.3035010734474,1.0981032403106743
978.4035010734474,1.093830233478568
978.5035010734474,1.0896708028089939
978.6035010734474,1.0856248547139984
978.7035010734475,1.0816921526294303
978.8035010734475,1.0778723239271022
978.9035010734475,1.0741648669229558
979.0035010734475,1.0705691579582313
979.1035010734475,1.067084458531259
979.2035010734476,1.0637099224581867
979.3035010734476,1.0604446030416743
979.4035010734476,1.0572874602273896
979.5035010734476,1.0542373677289323
979.6035010734477,1.0512931201026852
979.7035010734477,1.0484534397549634
979.8035010734477,1.045716983864736
979.9035010734477,1.0430823512061203
980.0035010734478,1.0405480888557854
980.1035010734478,1.0381126987713374
980.2035010734478,1.0357746442277187
980.3035010734478,1.0335323560995906
980.4035010734478,1.0313842389786145
980.5035010734479,1.0293286771154821
980.6035010734479,1.0273640401774629
980.7035010734479,1.0254886888131427
980.8035010734479,1.0237009800169161
980.903501073448,1.0219992722866518
981.003501073448,1.0203819305687978
981.103501073448,1.0188473309859978
981.203501073448,1.017393865343075
981.303501073448,1.0160199454079917
981.4035010734481,1.0147240069651098
981.5035010734481,1.013504513638763
981.6035010734481,1.0123599604858013
981.7035010734481,1.0112888773563817
981.8035010734482,1.0102898320228568
981.9035010734482,1.0093614330771565
982.0035010734482,1.0085023325975586
982.1035010734482,1.0077112285862204
982.2035010734483,1.0069868671792654
982.3035010734483,1.00632804463163
982.4035010734483,1.0057336090792266
982.5035010734483,1.0052024620813182
982.6035010734483,1.0047335599462937
982.7035010734484,1.0043259148442976
982.8035010734484,1.0039785957104126
982.9035010734484,1.0036907289422936
983.0035010734484,1.0034614988963413
983.1035010734485,1.0032901481866587
983.2035010734485,1.0031759777911695
983.3035010734485,1.0031183469693907
983.4035010734485,1.0031166729964491
983.5035010734485,1.0031704307180043
983.6035010734486,1.0032791519308093
983.7035010734486,1.0034424245936797
983.8035010734486,1.0036598918736903
983.9035010734486,1.003931251032433
984.0035010734487,1.0042562521572005
984.1035010734487,1.0046346967419644
984.2035010734487,1.0050664361230306
984.3035010734487,1.0055513697742593
984.4035010734488,1.0060894434667393
984.5035010734488,1.0066806472978158
984.6035010734488,1.0073250135943725
984.7035010734488,1.0080226146952824
984.8035010734488,1.0087735606179544
984.9035010734489,1.0095779966139202
985.0035010734489,1.0104361006184324
985.1035010734489,1.0113480805990769
985.2035010734489,1.0123141718084416
985.303501073449,1.013334633945934
985.403501073449,1.0144097482338876
985.503501073449,1.0155398144131802
985.603501073449,1.0167251476636394
985.703501073449,1.0179660754546143
985.8035010734491,1.0192629343311714
985.9035010734491,1.0206160666414827
986.0035010734491,1.022025817211077
986.1035010734491,1.0234925299697506
986.2035010734492,1.0250165445370536
986.3035010734492,1.0265981927724008
986.4035010734492,1.0282377952959971
986.5035010734492,1.0299356579869072
986.6035010734493,1.0316920684647466
986.7035010734493,1.0335072925616218
986.8035010734493,1.0353815707910983
986.9035010734493,1.0373151148211255
987.0035010734493,1.0393081039579994
987.1035010734494,1.0413606816485916
987.2035010734494,1.0434729520082175
987.3035010734494,1.045644976381656
987.4035010734494,1.0478767699449645
987.5035010734495,1.0501682983558556
987.6035010734495,1.0525194744605184
987.7035010734495,1.054930155064866
987.8035010734495,1.0574001377782816
987.9035010734495,1.05992915793801
988.0035010734496,1.062516885622395
988.1035010734496,1.0651629227612114
988.2035010734496,1.0678668003513514
988.3035010734496,1.0706279757861314
988.4035010734497,1.0734458303064647
988.5035010734497,1.0763196665820915
988.6035010734497,1.079248706431002
988.7035010734497,1.0822320886850787
988.8035010734498,1.0852688672098727
988.9035010734498,1.0883580090862768
989.0035010734498,1.0914983929616773
989.1035010734498,1.094688807577967
989.2035010734498,1.0979279504835608
989.3035010734499,1.1012144269362911
989.4035010734499,1.1045467490037688
989.5035010734499,1.107923334867464
989.6035010734499,1.1113425083364108
989.70350107345,1.1148024985760498
989.80350107345,1.1183014400573108
989.90350107345,1.1218373727305944
990.00350107345,1.125408242428832
990.10350107345,1.1290119015033144
990.2035010734501,1.1326461096954419
990.3035010734501,1.136308535247002
990.4035010734501,1.1399967562510074
990.5035010734501,1.1437082622445174
990.6035010734502,1.1474404560442573
990.7035010734502,1.151190655825203
990.8035010734502,1.154956097441643
990.9035010734502,1.1587339369895582
991.0035010734503,1.1625212536084715
991.1035010734503,1.166315052520223
991.2035010734503,1.1701122683014207
991.3035010734503,1.173909768385602
991.4035010734503,1.177704356790429
991.5035010734504,1.181492778064516
991.6035010734504,1.1852717214477775
991.7035010734504,1.1890378252384741
991.8035010734504,1.1927876813594187
991.9035010734505,1.1965178401151246
992.0035010734505,1.2002248151309818
992.1035010734505,1.2039050884648905
992.2035010734505,1.2075551158811262
992.3035010734505,1.2111713322755857
992.4035010734506,1.214750157240961
992.5035010734506,1.2182880007598096
992.6035010734506,1.221781269012943
992.7035010734506,1.2252263702900414
992.8035010734507,1.2286197209889176
992.9035010734507,1.2319577516894142
993.0035010734507,1.2352369132875114
993.1035010734507,1.2384536831748527
993.2035010734508,1.2416045714485908
993.3035010734508,1.2446861271361607
993.4035010734508,1.2476949444193752
993.5035010734508,1.2506276688420495
993.6035010734508,1.2534810034852306
993.7035010734509,1.2562517150940347
993.8035010734509,1.2589366401400546
993.9035010734509,1.2615326908033404
994.0035010734509,1.264036860858018
994.103501073451,1.2664462314457503
994.203501073451,1.2687579767214305
994.303501073451,1.270969369355723
994.403501073451,1.2730777858793743
994.503501073451,1.2750807118545429
994.6035010734511,1.2769757468588039
994.7035010734511,1.2787606092679131
994.8035010734511,1.28043314082393
994.9035010734511,1.2819913109758152
995.0035010734512,1.283433220980228
995.1035010734512,1.2847571077508626
995.2035010734512,1.28596134744535
995.3035010734512,1.287044458779449
995.4035010734513,1.2880051060590205
995.5035010734513,1.288842101921043
995.6035010734513,1.2895544097757603
995.7035010734513,1.2901411459428906
995.8035010734513,1.2906015814757015
995.9035010734514,1.290935143667644
996.0035010734514,1.2911414172371647
996.1035010734514,1.2912201451872334
996.2035010734514,1.29116811275976
996.3035010734515,1.2909805687660516
996.4035010734515,1.2906577067481921
996.5035010734515,1.2901999536555944
996.6035010734515,1.2896079143436705
996.7035010734515,1.2888823702408723
996.8035010734516,1.2880242776289506
996.9035010734516,1.2870347655417245
997.0035010734516,1.2859151332888064
997.1035010734516,1.2846668476118768
997.2035010734517,1.2832915394822142
997.3035010734517,1.2817910005492537
997.4035010734517,1.280167179250995
997.5035010734517,1.278422176598072
997.6035010734518,1.2765582416442403
997.7035010734518,1.2745777666569507
997.8035010734518,1.2724832820025072
997.9035010734518,1.2702774507611145
998.0035010734518,1.2679630630878382
998.1035010734519,1.2655430303361799
998.2035010734519,1.2630203789615717
998.3035010734519,1.2603982442226362
998.4035010734519,1.257679863698534
998.503501073452,1.254868570641124
998.603501073452,1.2519677871809995
998.703501073452,1.248981017406727
998.803501073452,1.2459118403368148
998.903501073452,1.2427639028040554
999.0035010734521,1.2395409122719514
999.1035010734521,1.2362466296029073
999.2035010734521,1.2328848617977952
999.3035010734521,1.229459454726346
999.4035010734522,1.2259742858676015
999.5035010734522,1.2224332570793763
999.6035010734522,1.2188402874153403
999.7035010734522,1.2151993060079185
999.8035010734523,1.2115142450347454
999.9035010734523,1.2077890327858947
1000.0035010734523,1.2040275868485255
1000.1035010734523,1.2002338074249712
1000.2035010734523,1.19641157079963
1000.3035010734524,1.1925647229693017
1000.4035010734524,1.1886970734508704
1000.5035010734524,1.1848123892794424
1000.6035010734524,1.1809143892092389
1000.7035010734525,1.1770067381286888
1000.8035010734525,1.173093041700306
1000.9035010734525,1.1691768412350347
1001.0035010734525,1.1652616088098544
1001.1035010734525,1.1613507426364986
1001.2035010734526,1.1574475626882297
1001.3035010734526,1.1535553065906663
1001.4035010734526,1.149677125781733
1001.5035010734526,1.1458160819448682
1001.6035010734527,1.141975143718691
1001.7035010734527,1.138157183685432
1001.8035010734527,1.134364975639505
1001.9035010734527,1.1306011921367247
1002.0035010734528,1.1268684023238067
1002.1035010734528,1.1231690700469301
1002.2035010734528,1.119505552237334
1002.3035010734528,1.1158800975711192
1002.4035010734528,1.112294845399663
1002.5035010734529,1.10875182494633
1002.6035010734529,1.1052529547644538
1002.7035010734529,1.1018000424509191
1002.8035010734529,1.0983947846090343
1002.903501073453,1.0950387670538164
1003.003501073453,1.0917334652522528
1003.103501073453,1.088480244990612
1003.203501073453,1.0852803632604118
1003.303501073453,1.0821349693542333
1003.4035010734531,1.0790451061622004
1003.5035010734531,1.0760117116596066
1003.6035010734531,1.0730356205758889
1003.7035010734531,1.0701175662348994
1003.8035010734532,1.0672581825562237
1003.9035010734532,1.064458006207137
1004.0035010734532,1.0617174788946622
1004.1035010734532,1.0590369497871315
1004.2035010734533,1.05641667805459
1004.3035010734533,1.0538568355174045
1004.4035010734533,1.0513575093924536
1004.5035010734533,1.048918705126367
1004.6035010734533,1.0465403493053693
1004.7035010734534,1.0442222926314346
1004.8035010734534,1.0419643129546237
1004.9035010734534,1.0397661183516662
1005.0035010734534,1.037627350241088
1005.1035010734535,1.0355475865254218
1005.2035010734535,1.0335263447513205
1005.3035010734535,1.0315630852786863
1005.4035010734535,1.0296572144502383
1005.5035010734535,1.027808087753282
1005.6035010734536,1.0260150129657848
1005.7035010734536,1.024277253279222
