956.8035010734425,0.03317408742897126
956.9035010734425,0.034522176779470996
957.0035010734425,0.03591454379845796
957.1035010734425,0.037352143647155764
957.2035010734426,0.03883592939396386
957.3035010734426,0.040366850793915804
957.4035010734426,0.041945853024412526
957.5035010734426,0.04357387537775479
957.6035010734427,0.04525184991111125
957.7035010734427,0.046980700054670387
957.8035010734427,0.0487613391788432
957.9035010734427,0.05059466912150039
958.0035010734427,0.05248157867635033
958.1035010734428,0.054422942043686515
958.2035010734428,0.05641961724485789
958.3035010734428,0.058472444501942604
958.4035010734428,0.06058224458423178
958.5035010734429,0.06274981712326023
958.6035010734429,0.06497593889824753
958.7035010734429,0.06726136209394469
958.8035010734429,0.06960681253300859
958.903501073443,0.07201298788515616
959.003501073443,0.07448055585547819
959.103501073443,0.07701015235441855
959.203501073443,0.07960237965205084
959.303501073443,0.0822578045194069
959.4035010734431,0.0849769563597326
959.5035010734431,0.08776032533266538
959.6035010734431,0.09060836047444161
959.7035010734431,0.09352146781735456
959.8035010734432,0.09650000851179055
959.9035010734432,0.09954429695427446
960.0035010734432,0.1026545989250534
960.1035010734432,0.10583112973884141
960.2035010734432,0.1090740524124345
960.3035010734433,0.11238347585298732
960.4035010734433,0.11575945307081796
960.5035010734433,0.11920197942067404
960.6035010734433,0.12271099087545628
960.7035010734434,0.12628636233644674
960.8035010734434,0.12992790598413556
960.9035010734434,0.133635369673776
961.0035010734434,0.1374084353798261
961.1035010734435,0.14124671769345418
961.2035010734435,0.1451497623772948
961.3035010734435,0.14911704498164277
961.4035010734435,0.15314796952626078
961.5035010734435,0.15724186725195918
961.6035010734436,0.16139799544607303
961.7035010734436,0.16561553634592205
961.8035010734436,0.1698935961242872
961.9035010734436,0.1742312039608735
962.0035010734437,0.17862731120365652
962.1035010734437,0.18308079062392318
962.2035010734437,0.1875904357687227
962.3035010734437,0.19215496041433447
962.4035010734437,0.19677299812424262
962.5035010734438,0.20144310191497486
962.6035010734438,0.20616374403302365
962.7035010734438,0.210933315845915
962.8035010734438,0.21575012785032635
962.9035010734439,0.2206124097999828
963.0035010734439,0.22551831095587377
963.1035010734439,0.2304659004611406
963.2035010734439,0.2354531678427786
963.303501073444,0.24047802364208357
963.403501073444,0.24553830017554862
963.503501073444,0.2506317524276855
963.603501073444,0.25575605907700183
963.703501073444,0.26090882365611806
963.8035010734441,0.2660875758467496
963.9035010734441,0.2712897729100169
964.0035010734441,0.27651280125227556
964.1035010734441,0.28175397812638225
964.2035010734442,0.28701055346802995
964.3035010734442,0.2922797118665014
964.4035010734442,0.2975585746688988
964.5035010734442,0.3028442022166134
964.6035010734442,0.3081335962125037
964.7035010734443,0.313423702216955
964.8035010734443,0.31871141227068817
964.9035010734443,0.3239935676418953
965.0035010734443,0.3292669616949719
965.1035010734444,0.3345283428778258
965.2035010734444,0.33977441782444323
965.3035010734444,0.3450018545691
965.4035010734444,0.35020728586832156
965.5035010734445,0.35538731262640566
965.6035010734445,0.36053850742004906
965.7035010734445,0.365657418117341
965.8035010734445,0.37074057158612744
965.9035010734445,0.3757844774864871
966.0035010734446,0.38078563214181493
966.1035010734446,0.38574052248276813
966.2035010734446,0.3906456300581014
966.3035010734446,0.3954974351061978
966.4035010734447,0.4002924206808991
966.5035010734447,0.4050270768250412
966.6035010734447,0.4096979047849213
966.7035010734447,0.41430142125875663
966.8035010734447,0.41883416267203905
966.9035010734448,0.42329268947255494
967.0035010734448,0.42767359043771386
967.1035010734448,0.431973486986724
967.2035010734448,0.4361890374900636
967.3035010734449,0.4403169415686192
967.4035010734449,0.44435394437481107
967.5035010734449,0.4482968408479816
967.6035010734449,0.45214247993630496
967.703501073445,0.45588776877747106
967.803501073445,0.45952967683041235
967.903501073445,0.4630652399503754
968.003501073445,0.4664915643996902
968.103501073445,0.46980583078665955
968.2035010734451,0.4730052979250824
968.3035010734451,0.4760873066070252
968.4035010734451,0.47904928328158747
968.5035010734451,0.4818887436325442
968.6035010734452,0.48460329604791147
968.7035010734452,0.487190644974658
968.8035010734452,0.48964859415198
968.9035010734452,0.4919750497167674
969.0035010734452,0.4941680231751192
969.1035010734453,0.49622563423400423
969.2035010734453,0.4981461134874261
969.3035010734453,0.4999278049517213
969.4035010734453,0.5015691684449051
969.5035010734454,0.503068781805281
969.6035010734454,0.5044253429448406
969.7035010734454,0.5056376717333024
969.8035010734454,0.5067047117089749
969.9035010734455,0.5076255316129714
970.0035010734455,0.5083993267436584
970.1035010734455,0.509025420128578
970.2035010734455,0.5095032635114581
970.3035010734455,0.5098324381522936
970.4035010734456,0.5100126554388644
970.5035010734456,0.5100394900450487
970.6035010734456,0.5098419671728803
970.7035010734456,0.5093951642247728
970.8035010734457,0.5086997366866377
970.9035010734457,0.5077567040281554
971.0035010734457,0.5065674472123456
971.1035010734457,0.5051337053256859
971.2035010734458,0.5034575713402929
971.3035010734458,0.5015414870226192
971.4035010734458,0.49938823700600204
971.5035010734458,0.49700094204720485
971.6035010734458,0.4943830514898107
971.7035010734459,0.49153833495994076
971.8035010734459,0.4884708733222819
971.9035010734459,0.4851850489267911
972.0035010734459,0.48168553517869694
972.103501073446,0.4779772854665373
972.203501073446,0.47406552148493336
972.303501073446,0.4699557209906121
972.403501073446,0.46565360503183445
972.503501073446,0.46116512469286364
972.6035010734461,0.45649644739641043
972.7035010734461,0.4516539428081163
972.8035010734461,0.44664416838807786
972.9035010734461,0.4414738546351732
973.0035010734462,0.4361498900705236
973.1035010734462,0.43067930600680926
973.2035010734462,0.4250692611503574
973.3035010734462,0.4193270260829358
973.4035010734463,0.41345996767001797
973.5035010734463,0.4074755334419365
973.6035010734463,0.4013812359938201
973.7035010734463,0.3951846374495131
973.8035010734463,0.38889333403381726
973.9035010734464,0.38251494079637305
974.0035010734464,0.37605707652932735
974.1035010734464,0.3695273489196125
974.2035010734464,0.3629333399752073
974.3035010734465,0.3562825917631656
974.4035010734465,0.34958259249549006
974.5035010734465,0.34284076299711824
974.6035010734465,0.33606444358836757
974.7035010734465,0.32926088141218207
974.8035010734466,0.32243721823443855
974.9035010734466,0.3156004787434105
975.0035010734466,0.3087575593722808
975.1035010734466,0.3019152176663249
975.2035010734467,0.2950800622140953
975.3035010734467,0.28825854315960775
975.4035010734467,0.28145694331019405
975.5035010734467,0.27468136985233743
975.6035010734468,0.2679377466854715
975.7035010734468,0.26123180738139595
975.8035010734468,0.25456908877466644
975.9035010734468,0.2479549251870492
976.0035010734468,0.24139444328691406
976.1035010734469,0.23489255758226735
976.2035010734469,0.22845396654402114
976.3035010734469,0.2220831493540545
976.4035010734469,0.21578436327065545
976.503501073447,0.20956164160205226
976.603501073447,0.2034187922769433
976.703501073447,0.19735939699923272
976.803501073447,0.19138681097257507
976.903501073447,0.18550416317882457
977.0035010734471,0.17971435719309015
977.1035010734471,0.17402007251680462
977.2035010734471,0.16842376640903817
977.3035010734471,0.1629276761952184
977.4035010734472,0.15753382203146654
977.5035010734472,0.15224401010191924
977.6035010734472,0.14705983622568033
977.7035010734472,0.14198268984943507
977.8035010734473,0.1370137584012606
977.9035010734473,0.1321540319807763
978.0035010734473,0.1274043083605001
978.1035010734473,0.12276519827310205
978.2035010734473,0.11823713095917658
978.3035010734474,0.11382035995018562
978.4035010734474,0.10951496906134962
978.5035010734474,0.10532087856948384
978.6035010734474,0.1012378515510821
978.7035010734475,0.09726550035634088
978.8035010734475,0.09340329319528541
978.9035010734475,0.08965056081270036
979.0035010734475,0.08600650322917845
979.1035010734475,0.08247019652627476
979.2035010734476,0.07904059965448336
979.3035010734476,0.07571656124353832
979.4035010734476,0.0724968263953699
979.5035010734476,0.06938004344091839
979.6035010734477,0.06636477064291507
979.7035010734477,0.06344948282767726
979.8035010734477,0.06063257792992641
979.9035010734477,0.05791238343562155
980.0035010734478,0.05528716270879633
980.1035010734478,0.052755121189395314
980.2035010734478,0.05031441245011752
980.3035010734478,0.047963144101286645
980.4035010734478,0.04569938353377704
980.5035010734479,0.04352116349102412
980.6035010734479,0.04142648746213657
980.7035010734479,0.03941333488910101
980.8035010734479,0.037479666182022656
980.903501073448,0.03562342753727738
981.003501073448,0.033842555554356425
981.103501073448,0.03213498164806358
981.203501073448,0.03049863625357185
981.303501073448,0.028931452822662598
981.4035010734481,0.02743137161025101
981.5035010734481,0.02599634325104658
981.6035010734481,0.024624332126905436
981.7035010734481,0.023313319526099986
981.8035010734482,0.022061306596361838
981.9035010734482,0.020866317094143445
982.0035010734482,0.01972639993309335
982.1035010734482,0.018639631535248877
982.2035010734483,0.017604117988918096
982.3035010734483,0.0166179970176506
982.4035010734483,0.015679439765084256
982.5035010734483,0.014786652400802937
982.6035010734483,0.013937877552649705
982.7035010734484,0.013131395571210718
982.8035010734484,0.012365525632419501
982.9035010734484,0.011638626684429294
983.0035010734484,0.010949098245064752
983.1035010734485,0.010295381056294062
983.2035010734485,0.009675957602260886
983.3035010734485,0.009089352497482554
983.4035010734485,0.008534132751859623
983.5035010734485,0.008008907919152472
983.6035010734486,0.007512330135565809
983.7035010734486,0.007043094055042274
983.8035010734486,0.0065999366878047045
983.9035010734486,0.006181637148603574
984.0035010734487,0.0057870163210236416
984.1035010734487,0.0054149364440842064
984.2035010734487,0.0050643006272311185
984.3035010734487,0.004734052299668259
984.4035010734488,0.004423174599812733
984.5035010734488,0.004130689710483335
984.6035010734488,0.003855658145246904
984.7035010734488,0.0035971779911541887
984.8035010734488,0.0033543841128964155
984.9035010734489,0.0031264473232076834
985.0035010734489,0.00291257352412766
985.1035010734489,0.0027120028235251676
985.2035010734489,0.0025240086310670444
985.303501073449,0.0023478967375994207
985.403501073449,0.0021830043816911584
985.503501073449,0.002028699306872628
985.603501073449,0.0018843788128880285
985.703501073449,0.0017494688040670715
985.8035010734491,0.0016234228377125573
985.9035010734491,0.0015057211751949645
986.0035010734491,0.0013958698382442846
986.1035010734491,0.001293399672733323
986.2035010734492,0.001197865422056275
986.3035010734492,0.001108844812021714
986.4035010734492,0.0010259376490007986
986.5035010734492,0.0009487649328996608
986.6035010734493,0.0008769679863598578
986.7035010734493,0.0008102076014326957
986.8035010734493,0.0007481632048222996
986.9035010734493,0.0006905320426485237
987.0035010734493,0.0006370283855444279
987.1035010734494,0.0005873827547738841
987.2035010734494,0.0005413411699330949
987.3035010734494,0.0004986644186852403
987.4035010734494,0.00045912734887013475
987.5035010734495,0.00042251818323045596
987.6035010734495,0.00038863785690280224
987.7035010734495,0.00035729937773529107
987.8035010734495,0.00032832720941349826
987.9035010734495,0.00030155667730307915
988.0035010734496,0.00027683339685017537
988.1035010734496,0.0002540127243194753
988.2035010734496,0.0002329592295943962
988.3035010734496,0.0002135461907139386
988.4035010734497,0.00019565510977622875
988.5035010734497,0.00017917524979922488
988.6035010734497,0.00016400319209438195
988.7035010734497,0.00015004241367890686
988.8035010734498,0.00013720288422640326
988.9035010734498,0.00012540068203390468
989.0035010734498,0.00011455762846529321
989.1035010734498,0.00010460094031667524
989.2035010734498,9.546289953813167e-05
989.3035010734499,8.708053973821953e-05
989.4035010734499,7.939534889237711e-05
989.5035010734499,7.235298767378504e-05
989.6035010734499,6.590302282504576e-05
989.70350107345,5.999867499103027e-05
989.80350107345,5.4596580437231614e-05
989.90350107345,4.9656566083742836e-05
990.00350107345,4.5141437292374295e-05
990.10350107345,4.1016777853259805e-05
990.2035010734501,3.725076162740495e-05
990.3035010734501,3.381397531285257e-05
990.4035010734501,3.0679251814328445e-05
990.5035010734501,2.7821513709242662e-05
990.6035010734502,2.5217626316635686e-05
990.7035010734502,2.2846259889943473e-05
990.8035010734502,2.0687760469207e-05
990.9035010734502,1.872402894345562e-05
991.0035010734503,1.693840788936306e-05
991.1035010734503,1.5315575767813193e-05
991.2035010734503,1.3841448075642621e-05
991.3035010734503,1.25030850654729e-05
991.4035010734503,1.1288605662141887e-05
991.5035010734504,1.0187107219727323e-05
991.6035010734504,9.188590778475923e-06
991.7035010734504,8.283891496056688e-06
991.8035010734504,7.464613942407593e-06
991.9035010734505,6.7230719620015016e-06
992.0035010734505,6.052232821588825e-06
992.1035010734505,5.445665375353009e-06
992.2035010734505,4.89749199291738e-06
992.3035010734505,4.402344008748992e-06
992.4035010734506,3.955320464201859e-06
992.5035010734506,3.5519499257154836e-06
992.6035010734506,3.1881551745268537e-06
992.7035010734506,2.860220574659141e-06
992.8035010734507,2.5647619369141145e-06
992.9035010734507,2.298698707117902e-06
993.0035010734507,2.059228316951752e-06
993.1035010734507,1.8438025453438776e-06
993.2035010734508,1.6501057476109633e-06
993.3035010734508,1.4760348183238557e-06
993.4035010734508,1.3196807622395601e-06
993.5035010734508,1.1793117555998135e-06
993.6035010734508,1.053357587654365e-06
993.7035010734509,9.403953794361297e-07
993.8035010734509,8.391364836059721e-07
993.9035010734509,7.484144756097383e-07
994.0035010734509,6.67174152460731e-07
994.103501073451,5.944614611903928e-07
994.203501073451,5.29414284410933e-07
994.303501073451,4.7125401551912674e-07
994.403501073451,4.1927786085355764e-07
994.503501073451,3.7285181061108007e-07
994.6035010734511,3.314042245452997e-07
994.7035010734511,2.94419982423082e-07
994.8035010734511,2.614351529171379e-07
994.9035010734511,2.3203213807604918e-07
995.0035010734512,2.058352537496305e-07
995.1035010734512,1.8250670936924383e-07
995.2035010734512,1.6174295330095674e-07
995.3035010734512,1.4327135261546146e-07
995.4035010734513,1.26847178563145e-07
995.5035010734513,1.1225087131611281e-07
995.6035010734513,9.928555965118814e-08
995.7035010734513,8.777481320866285e-08
995.8035010734513,7.756060677997955e-08
995.9035010734514,6.85014777624351e-08
996.0035010734514,6.047085947879025e-08
996.1035010734514,5.3355574502391654e-08
996.2035010734514,4.7054473461642897e-08
996.3035010734515,4.147720602868169e-08
996.4035010734515,3.654311193276031e-08
996.5035010734515,3.218022088561266e-08
996.6035010734515,2.8324351270136534e-08
996.7035010734515,2.4918298330853737e-08
996.8035010734516,2.1911103420266137e-08
996.9035010734516,1.9257396604568537e-08
997.0035010734516,1.6916805620028742e-08
997.1035010734516,1.4853424802245445e-08
997.2035010734517,1.3035338188690711e-08
997.3035010734517,1.1434191524428155e-08
997.4035010734517,1.0024808385380233e-08
997.5035010734517,8.784846076486759e-09
997.6035010734518,7.69448736678783e-09
997.7035010734518,6.736164492903153e-09
997.8035010734518,5.894312199378068e-09
997.9035010734518,5.155146891538127e-09
998.0035010734518,4.506469256268386e-09
998.1035010734519,3.9374879607614775e-09
998.2035010734519,3.4386622708475667e-09
998.3035010734519,3.001561640961347e-09
998.4035010734519,2.61874051890197e-09
998.503501073452,2.2836267819520114e-09
998.603501073452,1.9904223781639387e-09
998.703501073452,1.7340148891001526e-09
998.803501073452,1.5098988593195914e-09
998.903501073452,1.3141058546292301e-09
999.0035010734521,1.1431423166559801e-09
999.1035010734521,9.939343766488254e-10
999.2035010734521,8.637788775129387e-10
999.3035010734521,7.502999307527846e-10
999.4035010734522,6.514104050329628e-10
999.5035010734522,5.652778061621105e-10
999.6035010734522,4.902940651135157e-10
999.7035010734522,4.2504880180784994e-10
999.8035010734523,3.6830567833768495e-10
999.9035010734523,3.1898149660262497e-10
1000.0035010734523,2.7612773239594594e-10
1000.1035010734523,2.389142312467454e-10
1000.2035010734523,2.0661482114674686e-10
1000.3035010734524,1.785946240154911e-10
1000.4035010734524,1.5429887168769105e-10
1000.5035010734524,1.332430536200223e-10
1000.6035010734524,1.1500424266330719e-10
1000.7035010734525,9.921346235810614e-11
1000.8035010734525,8.55489744935657e-11
1000.9035010734525,7.373037930777447e-11
1001.0035010734525,6.35134328714781e-11
1001.1035010734525,5.4685497038213346e-11
1001.2035010734526,4.7061547000135436e-11
1001.3035010734526,4.048067008395268e-11
1001.4035010734526,3.48029970670628e-11
1001.5035010734526,2.990701409066255e-11
1001.6035010734527,2.568720928465362e-11
1001.7035010734527,2.2052013579796708e-11
1001.8035010734527,1.8921999938715483e-11
1001.9035010734527,1.6228309454475774e-11
1002.0035010734528,1.3911276502260154e-11
1002.1035010734528,1.1919228438717169e-11
1002.2035010734528,1.0207438271987392e-11
1002.3035010734528,8.737211315331088e-12
1002.4035010734528,7.475089126382961e-12
1002.5035010734529,6.392156056001719e-12
1002.6035010734529,5.463435515518197e-12
1002.7035010734529,4.6673646457342165e-12
1002.8035010734529,3.985337459184737e-12
1002.903501073453,3.401307750252584e-12
1003.003501073453,2.9014441446718645e-12
1003.103501073453,2.473830607647279e-12
1003.203501073453,2.1082065632436713e-12
1003.303501073453,1.7957415101873186e-12
1003.4035010734531,1.528839662595595e-12
1003.5035010734531,1.3009707089052838e-12
1003.6035010734531,1.1065232777062707e-12
1003.7035010734531,9.406781335466608e-13
1003.8035010734532,7.992985063530449e-13
1003.9035010734532,6.788352913622678e-13
1004.0035010734532,5.762451480939319e-13
1004.1035010734532,4.889197819490819e-13
1004.2035010734533,4.146249149516835e-13
1004.3035010734533,3.5144764688354225e-13
1004.4035010734533,2.9775107806359944e-13
1004.5035010734533,2.5213521334090264e-13
1004.6035010734533,2.1340329619418516e-13
1004.7035010734534,1.8053283452448271e-13
1004.8035010734534,1.526506778700925e-13
1004.9035010734534,1.2901159119284874e-13
1005.0035010734534,1.0897984468597362e-13
1005.1035010734535,9.20134036452137e-14
1005.2035010734535,7.765035856193792e-14
1005.3035010734535,6.54972843221693e-14
1005.4035010734535,5.5219259677511274e-14
1005.5035010734535,4.6531314822951146e-14
1005.6035010734536,3.9191106698740525e-14
1005.7035010734536,3.2992649163941385e-14
