956.8035010734425,3.5453763578881483e-15
956.9035010734425,4.173325909799396e-15
957.0035010734425,4.9104566300471395e-15
957.1035010734425,5.7753868319937725e-15
957.2035010734426,6.789845585836114e-15
957.3035010734426,7.979181386254542e-15
957.4035010734426,9.372952119609204e-15
957.5035010734426,1.100560901279337e-14
957.6035010734427,1.291728917341568e-14
957.7035010734427,1.515473354343199e-14
957.8035010734427,1.777234962653626e-14
957.9035010734427,2.0833441260057417e-14
958.0035010734427,2.4411631037734887e-14
958.1035010734428,2.859250481077411e-14
958.2035010734428,3.3475512069470625e-14
958.3035010734428,3.917616101422065e-14
958.4035010734428,4.582855285124837e-14
958.5035010734429,5.358830639512939e-14
958.6035010734429,6.263593154092674e-14
958.7035010734429,7.318071871243632e-14
958.8035010734429,8.546522114579742e-14
958.903501073443,9.977041799507042e-14
959.003501073443,1.164216589356629e-13
959.103501073443,1.3579550540464723e-13
959.203501073443,1.5832760009372106e-13
959.303501073443,1.8452171507160538e-13
959.4035010734431,2.1496015026401987e-13
959.5035010734431,2.5031567830619796e-13
959.6035010734431,2.9136525939491084e-13
959.7035010734431,3.3900578114329125e-13
959.8035010734432,3.942721140775002e-13
959.9035010734432,4.583578138669984e-13
960.0035010734432,5.326388472774456e-13
960.1035010734432,6.187007708833035e-13
960.2035010734432,7.183698505698288e-13
960.3035010734433,8.337486766838068e-13
960.4035010734433,9.672569053610043e-13
960.5035010734433,1.1216778421908109e-12
960.6035010734433,1.3002116812370387e-12
960.7035010734434,1.5065363219330642e-12
960.8035010734434,1.7448768100948002e-12
960.9035010734434,2.0200845890227262e-12
961.0035010734434,2.3377279043808842e-12
961.1035010734435,2.7041948844701202e-12
961.2035010734435,3.1268110181407593e-12
961.3035010734435,3.613972978692138e-12
961.4035010734435,4.17530099678605e-12
961.5035010734435,4.821812272116718e-12
961.6035010734436,5.566118236193277e-12
961.7035010734436,6.422648841403949e-12
961.8035010734436,7.407907459336401e-12
961.9035010734436,8.540760429465291e-12
962.0035010734437,9.842765813720484e-12
962.1035010734437,1.1338546489723922e-11
962.2035010734437,1.3056213362966652e-11
962.3035010734437,1.5027845204038647e-11
962.4035010734437,1.7290032430274673e-11
962.5035010734438,1.9884493061870537e-11
962.6035010734438,2.2858770101781463e-11
962.7035010734438,2.6267020728870257e-11
962.8035010734438,3.017090896846969e-11
962.9035010734439,3.4640614928869307e-11
963.0035010734439,3.9755975282927697e-11
963.1035010734439,4.5607771449517065e-11
963.2035010734439,5.2299183910200856e-11
963.303501073444,5.994743330493527e-11
963.403501073444,6.868563141150848e-11
963.503501073444,7.866486785420967e-11
963.603501073444,9.005656143804746e-11
963.703501073444,1.0305510839885169e-10
963.8035010734441,1.1788086363334236e-10
963.9035010734441,1.3478349516684265e-10
964.0035010734441,1.5404575677386622e-10
964.1035010734441,1.7598772883678287e-10
964.2035010734442,2.0097158326322748e-10
964.3035010734442,2.29406934642206e-10
964.4035010734442,2.6175684686576377e-10
964.5035010734442,2.9854457224758236e-10
964.6035010734442,3.4036110880843e-10
964.7035010734443,3.8787367095465394e-10
964.8035010734443,4.418351793414331e-10
964.9035010734443,5.030948873868831e-10
965.0035010734443,5.726102747956078e-10
965.1035010734444,6.514603526793365e-10
965.2035010734444,7.408605405577362e-10
965.3035010734444,8.421792928248687e-10
965.4035010734444,9.569566713297967e-10
965.5035010734445,1.0869250817100446e-09
965.6035010734445,1.2340324142152912e-09
965.7035010734445,1.4004678551623506e-09
965.8035010734445,1.5886906630847011e-09
965.9035010734445,1.8014622343116522e-09
966.0035010734446,2.041881816384417e-09
966.1035010734446,2.3134262646596377e-09
966.2035010734446,2.619994277959021e-09
966.3035010734446,2.9659555935128627e-09
966.4035010734447,3.3562056700580485e-09
966.5035010734447,3.796226441156122e-09
966.6035010734447,4.292153778992554e-09
966.7035010734447,4.850852372532123e-09
966.8035010734447,5.479998793399093e-09
966.9035010734448,6.188173598720092e-09
967.0035010734448,6.984963402944304e-09
967.1035010734448,7.881073940912039e-09
967.2035010734448,8.888455242791747e-09
967.3035010734449,1.0020440148602781e-08
967.4035010734449,1.1291897506590815e-08
967.5035010734449,1.2719401526476066e-08
967.6035010734449,1.4321418896353129e-08
967.703501073445,1.611851542164451e-08
967.803501073445,1.8133584106909152e-08
967.903501073445,2.0392096777459913e-08
968.003501073445,2.2922381528678566e-08
968.103501073445,2.575592849774411e-08
968.2035010734451,2.8927726676372036e-08
968.3035010734451,3.2476634725339654e-08
968.4035010734451,3.6445789013366256e-08
968.5035010734451,4.088305238570477e-08
968.6035010734452,4.584150747307087e-08
968.7035010734452,5.137999868082093e-08
968.8035010734452,5.756372735324065e-08
968.9035010734452,6.446490499014264e-08
969.0035010734452,7.216346980450141e-08
969.1035010734453,8.074787235249458e-08
969.2035010734453,9.031593644305276e-08
969.3035010734453,1.0097580204495402e-07
969.4035010734453,1.1284695745781381e-07
969.5035010734454,1.260613686013061e-07
969.6035010734454,1.407647139069864e-07
969.7035010734454,1.5711773397166376e-07
969.8035010734454,1.7529770585295342e-07
969.9035010734455,1.9550005265911506e-07
970.0035010734455,2.1794009990931768e-07
970.1035010734455,2.4285499101992564e-07
970.2035010734455,2.7050577521022286e-07
970.3035010734455,3.0117968212022385e-07
970.4035010734456,3.3519259849698936e-07
970.5035010734456,3.7289176343732363e-07
970.6035010734456,4.146586998771867e-07
970.7035010734456,4.6091240129492193e-07
970.8035010734457,5.121127939497665e-07
970.9035010734457,5.687644964126736e-07
971.0035010734457,6.31420899666415e-07
971.1035010734457,7.006885926599485e-07
971.2035010734458,7.772321599014597e-07
971.3035010734458,8.617793794686865e-07
971.4035010734458,9.551268517077615e-07
971.5035010734458,1.0581460908858558e-06
971.6035010734458,1.1717901141620413e-06
971.7035010734459,1.2971005644477602e-06
971.8035010734459,1.4352154060465602e-06
971.9035010734459,1.5873772343948447e-06
972.0035010734459,1.7549422437742651e-06
972.103501073446,1.9393898995342575e-06
972.203501073446,2.1423333641527426e-06
972.303501073446,2.365530729375476e-06
972.403501073446,2.6108971097121873e-06
972.503501073446,2.8805176557313384e-06
972.6035010734461,3.176661548885696e-06
972.7035010734461,3.5017970430189948e-06
972.8035010734461,3.858607621248394e-06
972.9035010734461,4.250009340589016e-06
973.0035010734462,4.679169440482154e-06
973.1035010734462,5.149526295308022e-06
973.2035010734462,5.6648107950020945e-06
973.3035010734462,6.229069242049069e-06
973.4035010734463,6.846687857395291e-06
973.5035010734463,7.522418992193001e-06
973.6035010734463,8.261409146762615e-06
973.7035010734463,9.069228902724079e-06
973.8035010734463,9.95190487889664e-06
973.9035010734464,1.0915953826288087e-05
974.0035010734464,1.1968418982278825e-05
974.1035010734464,1.311690880893983e-05
974.2035010734464,1.4369638245292633e-05
974.3035010734465,1.573547260820897e-05
974.4035010734465,1.7223974281539666e-05
974.5035010734465,1.8845452337938014e-05
974.6035010734465,2.0611015242681804e-05
974.7035010734465,2.2532626793578927e-05
974.8035010734466,2.462316545573672e-05
974.9035010734466,2.6896487254562346e-05
975.0035010734466,2.9367492394811124e-05
975.1035010734466,3.2052195777778684e-05
975.2035010734467,3.496780159281386e-05
975.3035010734467,3.813278216317404e-05
975.4035010734467,4.156696122981733e-05
975.5035010734467,4.529160185998924e-05
975.6035010734468,4.932949917037189e-05
975.7035010734468,5.370507805707942e-05
975.8035010734468,5.844449612686141e-05
975.9035010734468,6.357575202546062e-05
976.0035010734468,6.912879936012369e-05
976.1035010734469,7.513566641372229e-05
976.2035010734469,8.163058184776221e-05
976.3035010734469,8.865010659066967e-05
976.4035010734469,9.623327210610795e-05
976.503501073447,0.00010442172523362105
976.603501073447,0.00011325987979056276
976.703501073447,0.00012279507511999638
976.803501073447,0.00013307774176396644
976.903501073447,0.00014416157443519905
977.0035010734471,0.0001561037124527919
977.1035010734471,0.00016896492779877676
977.2035010734471,0.00018280982094246457
977.3035010734471,0.00019770702456819986
977.4035010734472,0.00021372941532944275
977.5035010734472,0.00023095433373792503
977.6035010734472,0.0002494638122809231
977.7035010734472,0.000269344811842377
977.8035010734473,0.0002906894664846135
977.9035010734473,0.0003135953366267325
978.0035010734473,0.0003381656706332369
978.1035010734473,0.00036450967480216635
978.2035010734473,0.00039274279171578317
978.3035010734474,0.0004229869868887225
978.4035010734474,0.00045537104361838797
978.5035010734474,0.0004900308659102229
978.6035010734474,0.0005271097893163186
978.7035010734475,0.0005667588994895189
978.8035010734475,0.0006091373582168439
978.9035010734475,0.0006544127366555885
979.0035010734475,0.000702761355452841
979.1035010734475,0.0007543686313845463
979.2035010734476,0.0008094294301034112
979.3035010734476,0.0008681484245361677
979.4035010734476,0.0009307404584198479
979.5035010734476,0.0009974309144138891
979.6035010734477,0.001068456086170131
979.7035010734477,0.0011440635536862245
979.8035010734477,0.0012245125612095657
979.9035010734477,0.0013100743968988918
980.0035010734478,0.001401032773389129
980.1035010734478,0.0014976842083420686
980.2035010734478,0.0016003384040012474
980.3035010734478,0.0017093186247040247
980.4035010734478,0.0018249620712375287
980.5035010734479,0.0019476202508581146
980.6035010734479,0.0020776593417263832
980.7035010734479,0.0022154605504418647
980.8035010734479,0.002361420461293533
980.903501073448,0.0025159513757744226
981.003501073448,0.002679481640841379
981.103501073448,0.002852455964334236
981.203501073448,0.0030353357159032205
981.303501073448,0.0032285992117292036
981.4035010734481,0.0034327419812588676
981.5035010734481,0.003648277014116481
981.6035010734481,0.0038757349852959803
981.7035010734481,0.004115664456681836
981.8035010734482,0.0043686320528951396
981.9035010734482,0.004635222609413078
982.0035010734482,0.004916039290865409
982.1035010734482,0.005211703677371635
982.2035010734483,0.005522855816747494
982.3035010734483,0.005850154240379551
982.4035010734483,0.006194275940542415
982.5035010734483,0.006555916306915423
982.6035010734483,0.006935789020044023
982.7035010734484,0.0073346258994869155
982.8035010734484,0.0077531767043931615
982.9035010734484,0.008192208884264364
983.0035010734484,0.008652507277676637
983.1035010734485,0.009134873756764807
983.2035010734485,0.009640126815308764
983.3035010734485,0.010169101098308334
983.4035010734485,0.010722646870989552
983.5035010734485,0.01130162942525196
983.6035010734486,0.011906928421643469
983.7035010734486,0.012539437165037502
983.8035010734486,0.013200061812285658
983.9035010734486,0.013889720510229577
984.0035010734487,0.014609342462577028
984.1035010734487,0.015359866924280261
984.2035010734487,0.016142242122199512
984.3035010734487,0.016957424100991037
984.4035010734488,0.01780637549332668
984.5035010734488,0.01869006421373265
984.6035010734488,0.01960946207552571
984.7035010734488,0.020565543330528298
984.8035010734488,0.02155928313145814
984.9035010734489,0.02259165591711272
985.0035010734489,0.02366363372070487
985.1035010734489,0.024776184401951704
985.2035010734489,0.025930269803774747
985.303501073449,0.02712684383473452
985.403501073449,0.02836685047859652
985.503501073449,0.029651221732707615
985.603501073449,0.030980875477151445
985.703501073449,0.032356713276947294
985.8035010734491,0.033779618119859044
985.9035010734491,0.03525045209268788
986.0035010734491,0.03677005399923278
986.1035010734491,0.038339236923417404
986.2035010734492,0.03995878574139744
986.3035010734492,0.041629454586779226
986.4035010734492,0.043351964273396514
986.5035010734492,0.04512699968040776
986.6035010734493,0.04695520710478683
986.7035010734493,0.04883719158658911
986.8035010734493,0.050773514212675994
986.9035010734493,0.05276468940487704
987.0035010734493,0.054811182198855106
987.1035010734494,0.05691340552021781
987.2035010734494,0.059071717464684446
987.3035010734494,0.06128641858937089
987.4035010734494,0.0635577492224945
987.5035010734495,0.0658858867990253
987.6035010734495,0.0682709432300157
987.7035010734495,0.07071296231353072
987.8035010734495,0.07321191719526819
987.9035010734495,0.07576770788710685
988.0035010734496,0.0783801588519448
988.1035010734496,0.081049016663292
988.2035010734496,0.08377394774815701
988.3035010734496,0.08655453622181764
988.4035010734497,0.08939028182308847
988.5035010734497,0.0922805979586923
988.6035010734497,0.09522480986530768
988.7035010734497,0.09822215289779979
988.8035010734498,0.10127177095204636
988.9035010734498,0.10437271503064292
989.0035010734498,0.10752394195961201
989.1035010734498,0.1107243132640505
989.2035010734498,0.11397259421042283
989.3035010734499,0.11726745302295301
989.4035010734499,0.12060746028127647
989.5035010734499,0.12399108850619038
989.6035010734499,0.12741671193998594
989.70350107345,0.13088260652745878
989.80350107345,0.13438695010327367
989.90350107345,0.1379278227909107
990.00350107345,0.14150320761793977
990.10350107345,0.14511099135186137
990.2035010734501,0.1487489655602145
990.3035010734501,0.15241482789808922
990.4035010734501,0.15610618362559311
990.5035010734501,0.15982054735720821
990.6035010734502,0.16355534504434077
990.7035010734502,0.16730791619171312
990.8035010734502,0.1710755163075739
990.9035010734502,0.1748553195870149
991.0035010734503,0.17864442182698229
991.1035010734503,0.1824398435708553
991.2035010734503,0.18623853347974503
991.3035010734503,0.1900373719269366
991.4035010734503,0.19383317481116707
991.5035010734504,0.1976226975836963
991.6035010734504,0.20140263948339918
991.7035010734504,0.20516964797337814
991.8035010734504,0.20892032337187644
991.9035010734505,0.21265122366956266
992.0035010734505,0.21635886952456024
992.1035010734505,0.22003974942591525
992.2035010734505,0.2236903250155334
992.3035010734505,0.22730703655797707
992.4035010734506,0.23088630854689687
992.5035010734506,0.2344245554362839
992.6035010734506,0.23791818748416857
992.7035010734506,0.24136361669586684
992.8035010734507,0.24475726285338067
992.9035010734507,0.2480955596171073
993.0035010734507,0.2513749606855944
993.1035010734507,0.25459194599870744
993.2035010734508,0.25774302796924325
993.3035010734508,0.2608247577277424
993.4035010734508,0.26383373136501304
993.5035010734508,0.26676659615669385
993.6035010734508,0.2696200567540431
993.7035010734509,0.2723908813250553
993.8035010734509,0.2750759076299711
993.9035010734509,0.27767204901526493
994.0035010734509,0.28017630031026547
994.103501073451,0.28258574361068933
994.203501073451,0.28489755393354627
994.303501073451,0.2871090047281076
994.403501073451,0.28921747322791336
994.503501073451,0.29122044562913246
994.6035010734511,0.29311552208097935
994.7035010734511,0.2949004214743308
994.8035010734511,0.2965729860151771
994.9035010734511,0.2981311855700772
995.0035010734512,0.2995731217713742
995.1035010734512,0.3008970318705534
995.2035010734512,0.3021012923287967
995.3035010734512,0.3031844221344965
995.4035010734513,0.3041450858382421
995.5035010734513,0.3049820962965718
995.6035010734513,0.30569441711660067
995.7035010734513,0.3062811647944776
995.8035010734513,0.3067416105414948
995.9035010734514,0.30707518179256627
996.0035010734514,0.30728146339270535
996.1035010734514,0.30736019845805884
996.2035010734514,0.30730817233168656
996.3035010734515,0.3071206339152457
996.4035010734515,0.30679777683148024
996.5035010734515,0.3063400281017735
996.6035010734515,0.3057479926457194
996.7035010734515,0.305022451948974
996.8035010734516,0.30416436234424715
996.9035010734516,0.303174852910728
997.0035010734516,0.30205522299840076
997.1035010734516,0.30080693938485215
997.2035010734517,0.2994316330732762
997.3035010734517,0.29793109574146215
997.4035010734517,0.2963072758525867
997.5035010734517,0.29456227443962585
997.6035010734518,0.292698340576153
997.7035010734518,0.29071786654718623
997.8035010734518,0.2886233827345951
997.9035010734518,0.28641755223236776
998.0035010734518,0.284103165207769
998.1035010734519,0.281683133025092
998.2035010734519,0.2791604821493095
998.3035010734519,0.27653834784747455
998.4035010734519,0.2738199677061935
998.503501073452,0.2710086749838973
998.603501073452,0.26810789181697714
998.703501073452,0.2651211222991123
998.803501073452,0.26205194545331595
998.903501073452,0.2589040081163496
999.0035010734521,0.2556810177552092
999.1035010734521,0.252386735235373
999.2035010734521,0.24902496756041637
999.3035010734521,0.2455995606024462
999.4035010734522,0.24211439184259118
999.5035010734522,0.23857336314049868
999.6035010734522,0.23498039355144645
999.7035010734522,0.23133941220926968
999.8035010734523,0.22765435129283967
999.9035010734523,0.22392913909331327
1000.0035010734523,0.22016769319879784
1000.1035010734523,0.216373913812457
1000.2035010734523,0.21255167721941517
1000.3035010734524,0.2087048294171072
1000.4035010734524,0.20483717992297154
1000.5035010734524,0.20095249577259935
1000.6035010734524,0.19705449572063463
1000.7035010734525,0.19314684465587556
1000.8035010734525,0.1892331482411571
1000.9035010734525,0.1853169477877045
1001.0035010734525,0.1814017153727411
1001.1035010734525,0.17749084920821329
1001.2035010734526,0.17358766926756825
1001.3035010734526,0.16969541317658562
1001.4035010734526,0.1658172323733303
1001.5035010734526,0.16195618854136115
1001.6035010734527,0.15811525031940374
1001.7035010734527,0.15429729028978006
1001.8035010734527,0.15050508224698292
1001.9035010734527,0.1467412987468965
1002.0035010734528,0.1430085089362956
1002.1035010734528,0.13930917666141102
1002.2035010734528,0.1356456588535267
1002.3035010734528,0.132020204188782
1002.4035010734528,0.1284349520185881
1002.5035010734529,0.12489193156633795
1002.6035010734529,0.12139306138539055
1002.7035010734529,0.11794014907265174
1002.8035010734529,0.11453489123144904
1002.903501073453,0.11117887367681518
1003.003501073453,0.10787357187575133
1003.103501073453,0.10462035161453821
1003.203501073453,0.10142046988470359
1003.303501073453,0.09827507597883767
1003.4035010734531,0.09518521278707166
1003.5035010734531,0.09215181828470563
1003.6035010734531,0.08917572720118236
1003.7035010734531,0.08625767286035874
1003.8035010734532,0.08339828918182463
1003.9035010734532,0.0805981128328581
1004.0035010734532,0.07785758552048608
1004.1035010734532,0.07517705641304262
1004.2035010734533,0.07255678468057558
1004.3035010734533,0.06999694214345313
1004.4035010734533,0.06749761601855607
1004.5035010734533,0.06505881175251513
1004.6035010734533,0.06268045593155597
1004.7035010734534,0.06036239925765425
1004.8035010734534,0.058104419580871126
1004.9035010734534,0.055906224977937326
1005.0035010734534,0.05376745686737918
1005.1035010734535,0.051687693151729885
1005.2035010734535,0.04966645137764306
1005.3035010734535,0.04770319190502087
1005.4035010734535,0.04579732107658304
1005.5035010734535,0.04394819437963565
1005.6035010734536,0.04215511959214571
1005.7035010734536,0.04041735990558898
