957.1735044549824,1.1110331032040803
957.2735044549825,1.1124453109264665
957.3735044549825,1.1139060832256882
957.4735044549825,1.1154165427772125
957.5735044549825,1.1169778125167893
957.6735044549825,1.1185910142456643
957.7735044549826,1.12025726717973
957.8735044549826,1.121977686443026
957.9735044549826,1.1237533815061338
958.0735044549826,1.1255854545701531
958.1735044549827,1.1274749988971016
958.2735044549827,1.1294230970877195
958.3735044549827,1.1314308193078262
958.4735044549827,1.1334992214645252
958.5735044549828,1.1356293433337175
958.6735044549828,1.13782220664055
958.7735044549828,1.1400788130945854
958.8735044549828,1.1424001423816519
958.9735044549828,1.1447871501144966
959.0735044549829,1.1472407657445411
959.1735044549829,1.149761890437203
959.2735044549829,1.1523513949134219
959.3735044549829,1.155010117260199
959.473504454983,1.1577388607131258
959.573504454983,1.1605383914140501
959.673504454983,1.1634094361471892
959.773504454983,1.1663526800571733
959.873504454983,1.1693687643526522
959.9735044549831,1.1724582839992652
960.0735044549831,1.1756217854059248
960.1735044549831,1.1788597641085148
960.2735044549831,1.1821726624552464
960.3735044549832,1.1855608672980584
960.4735044549832,1.1890247076945746
960.5735044549832,1.1925644526252597
960.6735044549832,1.1961803087305372
960.7735044549833,1.199872418072732
960.8735044549833,1.2036408559278131
960.9735044549833,1.2074856286119966
961.0735044549833,1.2114066713483558
961.1735044549833,1.215403846178654
961.2735044549834,1.2194769399256804
961.3735044549834,1.2236256622114166
961.4735044549834,1.2278496435364021
961.5735044549834,1.2321484334256938
961.6735044549835,1.2365214986468218
961.7735044549835,1.2409682215051567
961.8735044549835,1.2454878982220752
961.9735044549835,1.2500797374012993
962.0735044549835,1.2547428585887315
962.1735044549836,1.25947629093106
962.2735044549836,1.2642789719383372
962.3735044549836,1.2691497463556471
962.4735044549836,1.2740873651488802
962.5735044549837,1.279090484609521
962.6735044549837,1.2841576655832179
962.7735044549837,1.2892873728267664
962.8735044549837,1.294477974497971
962.9735044549838,1.299727741782679
963.0735044549838,1.3050348486630856
963.1735044549838,1.3103973718312072
963.2735044549838,1.315813290751195
963.3735044549838,1.3212804878739346
963.4735044549839,1.3267967490071133
963.5735044549839,1.332359763843695
963.6735044549839,1.3379671266514432
963.7735044549839,1.3436163371258647
963.873504454984,1.3493048014086286
963.973504454984,1.3550298332732134
964.073504454984,1.3607886554792032
964.173504454984,1.366578401296324
964.273504454984,1.3723961161989593
964.3735044549841,1.3782387597315404
964.4735044549841,1.3841032075448352
964.5735044549841,1.3899862536027912
964.6735044549841,1.3958846125592173
964.7735044549842,1.4017949223032002
964.8735044549842,1.4077137466717704
964.9735044549842,1.4136375783279316
965.0735044549842,1.4195628418017934
965.1735044549843,1.4254858966921267
965.2735044549843,1.43140304102529
965.3735044549843,1.437310514768062
965.4735044549843,1.4432045034905319
965.5735044549843,1.4490811421748033
965.6735044549844,1.4549365191648858
965.7735044549844,1.4607666802527581
965.8735044549844,1.4665676328952193
965.9735044549844,1.4723353505557724
966.0735044549845,1.47806577716542
966.1735044549845,1.4837548316959124
966.2735044549845,1.489398412838636
966.3735044549845,1.4949924037820093
966.4735044549845,1.5005326770799376
966.5735044549846,1.5060150996035746
966.6735044549846,1.5114355375683515
966.7735044549846,1.516789861627968
966.8735044549846,1.5220739520267834
966.9735044549847,1.5272837038018072
967.0735044549847,1.5324150320252796
967.1735044549847,1.5374638770786282
967.2735044549847,1.54242620994841
967.3735044549848,1.5472980375347005
967.4735044549848,1.5520754079622439
967.5735044549848,1.5567544158845796
967.6735044549848,1.5613312077712638
967.7735044549848,1.5658019871682418
967.8735044549849,1.5701630199213854
967.9735044549849,1.574410639353193
968.0735044549849,1.5785412513826533
968.1735044549849,1.5825513395783157
968.273504454985,1.5864374701346495
968.373504454985,1.590196296761878
968.473504454985,1.5938245654795613
968.573504454985,1.5973191193043417
968.673504454985,1.6006769028224228
968.7735044549851,1.603894966637529
968.8735044549851,1.606970471685301
968.9735044549851,1.6099006934053086
969.0735044549851,1.6126830257621139
969.1735044549852,1.6153149851070934
969.2735044549852,1.6177942138730224
969.3735044549852,1.620118484093744
969.4735044549852,1.6222857007415794
969.5735044549853,1.624293904875502
969.6735044549853,1.6261412765934646
969.7735044549853,1.6278261377826704
969.8735044549853,1.6293469546619892
969.9735044549853,1.6307023401111476
970.0735044549854,1.6318910557817583
970.1735044549854,1.6329120139857234
970.2735044549854,1.633764279356996
970.3735044549854,1.6344470702831808
970.4735044549855,1.6349597601039334
970.5735044549855,1.6353018780736166
970.6735044549855,1.6354731100861812
970.7735044549855,1.6354573929367566
970.8735044549856,1.6351590420575308
970.9735044549856,1.6345625282234533
971.0735044549856,1.633668809543252
971.1735044549856,1.6324793199204546
971.2735044549856,1.630995965229154
971.3735044549857,1.6292211182356398
971.4735044549857,1.627157612284928
971.5735044549857,1.6248087337757857
971.6735044549857,1.622178213452337
971.7735044549858,1.6192702165446486
971.8735044549858,1.6160893317948826
971.9735044549858,1.6126405594096056
972.0735044549858,1.6089292979826584
972.1735044549858,1.604961330436589
972.2735044549859,1.600742809034032
972.3735044549859,1.596280239513554
972.4735044549859,1.5915804644073657
972.5735044549859,1.5866506456009213
972.673504454986,1.5814982461967617
972.773504454986,1.5761310117470204
972.873504454986,1.5705569509207638
972.973504454986,1.5647843156738128
973.073504454986,1.5588215809898465
973.1735044549861,1.5526774242624493
973.2735044549861,1.546360704388313
973.3735044549861,1.5398804406420559
973.4735044549861,1.5332457914030613
973.5735044549862,1.5264660328043849
973.6735044549862,1.5195505373731386
973.7735044549862,1.5125087527308259
973.8735044549862,1.505350180420888
973.9735044549863,1.4980843549292588
974.0735044549863,1.4907208229619817
974.1735044549863,1.4832691230419734
974.2735044549863,1.4757387654848158
974.3735044549863,1.4681392128110258
974.4735044549864,1.460479860649646
974.5735044549864,1.4527700191851785
974.6735044549864,1.4450188951969156
974.7735044549864,1.4372355747366024
974.8735044549865,1.4294290064870918
974.9735044549865,1.4216079858413022
975.0735044549865,1.413781139737302
975.1735044549865,1.4059569122818074
975.2735044549866,1.3981435511907798
975.3735044549866,1.3903490950721489
975.4735044549866,1.3825813615720388
975.5735044549866,1.374847936402187
975.6735044549866,1.3671561632625973
975.7735044549867,1.3595131346698313
975.8735044549867,1.3519256836977682
975.9735044549867,1.3444003766341375
976.0735044549867,1.3369435065526898
976.1735044549868,1.3295610877975195
976.2735044549868,1.322258851372808
976.3735044549868,1.315042241228131
976.4735044549868,1.3079164114264676
976.5735044549868,1.3008862241792003
976.6735044549869,1.293956248729677
976.7735044549869,1.2871307610643574
976.8735044549869,1.280413744428176
976.9735044549869,1.2738088906185414
977.073504454987,1.2673196020303452
977.173504454987,1.260948994422495
977.273504454987,1.2546999003748127
977.373504454987,1.2485748734026358
977.473504454987,1.2425761926951606
977.5735044549871,1.2367058684424408
977.6735044549871,1.2309656477150144
977.7735044549871,1.2253570208593771
977.8735044549871,1.219881228371946
977.9735044549872,1.2145392682137466
978.0735044549872,1.2093319035278356
978.1735044549872,1.204259670721394
978.2735044549872,1.199322887874525
978.3735044549873,1.1945216634380327
978.4735044549873,1.1898559051828448
978.5735044549873,1.1853253293642743
978.6735044549873,1.1809294700649673
978.7735044549873,1.1766676886811613
978.8735044549874,1.1725391835177663
978.9735044549874,1.1685429994587755
979.0735044549874,1.1646780376805919
979.1735044549874,1.1609430653770285
979.2735044549875,1.1573367254659868
979.3735044549875,1.1538575462491176
979.4735044549875,1.1505039509971464
979.5735044549875,1.1472742674349474
979.6735044549876,1.1441667371019024
979.7735044549876,1.1411795245645666
979.8735044549876,1.1383107264601509
979.9735044549876,1.1355583803508518
980.0735044549876,1.1329204733705753
980.1735044549877,1.130394950647104
980.2735044549877,1.127979723484273
980.3735044549877,1.1256726772901924
980.4735044549877,1.1234716792390245
980.5735044549878,1.1213745856552493
980.6735044549878,1.11937924911075
980.7735044549878,1.117483525226409
980.8735044549878,1.1156852791712182
980.9735044549878,1.1139823918531626
981.0735044549879,1.1123727657973619
981.1735044549879,1.110854330708103
981.2735044549879,1.109425048712498
981.3735044549879,1.1080829192845487
981.473504454988,1.1068259838493713
981.573504454988,1.1056523300682601
981.673504454988,1.1045600958061206
981.773504454988,1.1035474727835979
981.873504454988,1.1026127099169554
981.9735044549881,1.101754116349428
982.0735044549881,1.1009700641783773
982.1735044549881,1.1002589908831308
982.2735044549881,1.0996194014588663
982.3735044549882,1.099049870262338
982.4735044549882,1.0985490425756212
982.5735044549882,1.0981156358943691
982.6735044549882,1.097748440947353
982.7735044549883,1.0974463224542872
982.8735044549883,1.0972082196291162
982.9735044549883,1.0970331464360845
983.0735044549883,1.0969201916060158
983.1735044549883,1.0968685184202873
983.2735044549884,1.096877364270026
983.3735044549884,1.096946039998056
983.4735044549884,1.0970739290311076
983.5735044549884,1.0972604863097515
983.6735044549885,1.0975052370234675
983.7735044549885,1.0978077751581676
983.8735044549885,1.0981677618634111
983.9735044549885,1.0985849236464427
984.0735044549886,1.0990590504000703
984.1735044549886,1.099589993271297
984.2735044549886,1.1001776623774893
984.3735044549886,1.1008220243767615
984.4735044549886,1.1015230998991328
984.5735044549887,1.1022809608449067
984.6735044549887,1.103095727556625
984.7735044549887,1.1039675658708463
984.8735044549887,1.1048966840559225
984.9735044549888,1.1058833296418693
985.0735044549888,1.1069277861483708
985.1735044549888,1.1080303697169103
985.2735044549888,1.109191425652988
985.3735044549888,1.1104113248843708
985.4735044549889,1.111690460341321
985.5735044549889,1.113029243264762
985.6735044549889,1.1144280994483733
985.7735044549889,1.1158874654206543
985.873504454989,1.1174077845730594
985.973504454989,1.118989503240382
986.073504454989,1.1206330667396618
986.173504454989,1.1223389153739918
986.273504454989,1.1241074804077216
986.3735044549891,1.1259391800196832
986.4735044549891,1.1278344152412068
986.5735044549891,1.1297935658858396
986.6735044549891,1.1318169864778413
986.7735044549892,1.1339050021866925
986.8735044549892,1.1360579047750108
986.9735044549892,1.1382759485674487
987.0735044549892,1.1405593464483101
987.1735044549893,1.1429082658957885
987.2735044549893,1.1453228250608993
987.3735044549893,1.1478030888993331
987.4735044549893,1.1503490653646076
987.5735044549893,1.152960701671042
987.6735044549894,1.1556378806351995
987.7735044549894,1.1583804171045702
987.8735044549894,1.1611880544823558
987.9735044549894,1.16406046135731
988.0735044549895,1.1669972282476455
988.1735044549895,1.1699978644680658
988.2735044549895,1.173061795128992
988.3735044549895,1.176188358277054
988.4735044549896,1.1793768021858837
988.5735044549896,1.1826262828061753
988.6735044549896,1.185935861383909
988.7735044549896,1.1893045022554878
988.8735044549896,1.1927310708284047
988.9735044549897,1.1962143317558618
989.0735044549897,1.1997529473135413
989.1735044549897,1.2033454759864846
989.2735044549897,1.206990371273733
989.3735044549898,1.2106859807180748
989.4735044549898,1.2144305451678648
989.5735044549898,1.2182221982775097
989.6735044549898,1.222058966252761
989.7735044549898,1.2259387678465081
989.8735044549899,1.2298594146102542
989.9735044549899,1.2338186114059317
990.0735044549899,1.237813957182144
990.1735044549899,1.2418429460183253
990.27350445499,1.2459029684396845
990.37350445499,1.249991313005139
990.47350445499,1.2541051681697706
990.57350445499,1.258241624422617
990.67350445499,1.2623976766998941
990.7735044549901,1.2665702270729817
990.8735044549901,1.2707560877097492
990.9735044549901,1.2749519841069987
991.0735044549901,1.279154558591015
991.1735044549902,1.2833603740824
991.2735044549902,1.287565918120554
991.3735044549902,1.2917676071423394
991.4735044549902,1.2959617910086516
991.5735044549903,1.3001447577717933
991.6735044549903,1.3043127386757332
991.7735044549903,1.308461913380529
991.8735044549903,1.312588415401392
991.9735044549903,1.3166883377520933
992.0735044549904,1.3207577387816527
992.1735044549904,1.324792648192503
992.2735044549904,1.328789073227612
992.3735044549904,1.3327430050133553
992.4735044549905,1.3366504250442772
992.5735044549905,1.3405073117952506
992.6735044549905,1.3443096474459675
992.7735044549905,1.3480534247021472
992.8735044549906,1.351734653697338
992.9735044549906,1.355349368958748
993.0735044549906,1.3588936364201183
993.1735044549906,1.3623635604643063
993.2735044549906,1.3657552909779316
993.3735044549907,1.369065030400198
993.4735044549907,1.372289040747799
993.5735044549907,1.3754236505976927
993.6735044549907,1.3784652620094389
993.7735044549908,1.3814103573687875
993.8735044549908,1.3842555061342439
993.9735044549908,1.3869973714684436
994.0735044549908,1.389632716736338
994.1735044549908,1.392158411852415
994.2735044549909,1.3945714394594801
994.3735044549909,1.3968689009218591
994.4735044549909,1.3990480221163095
994.5735044549909,1.4011061590043892
994.673504454991,1.4030408029705614
994.773504454991,1.4048495859109027
994.873504454991,1.4065302850579138
994.973504454991,1.4080808275276329
995.073504454991,1.4094992945759883
995.1735044549911,1.410783925552116
995.2735044549911,1.4119331215372055
995.3735044549911,1.4129454486583193
995.4735044549911,1.413819641067533
995.5735044549912,1.414554603577713
995.6735044549912,1.4151494139472205
995.7735044549912,1.4156033248068471
995.8735044549912,1.4159157652233278
995.9735044549913,1.416086341894834
996.0735044549913,1.4161140687362366
996.1735044549913,1.4159867072704726
996.2735044549913,1.415700217499378
996.3735044549913,1.4152550036517912
996.4735044549914,1.4146516934841582
996.5735044549914,1.4138911368048994
996.6735044549914,1.412974403479137
996.7735044549914,1.4119027809203297
996.8735044549915,1.410677771077043
996.9735044549915,1.4093010869247171
997.0735044549915,1.4077746484738973
997.1735044549915,1.4061005783079457
997.2735044549916,1.404281196664738
997.3735044549916,1.4023190160782997
997.4735044549916,1.4002167355976922
997.5735044549916,1.3979772346017634
997.6735044549916,1.3956035662295943
997.7735044549917,1.3930989504476134
997.8735044549917,1.3904667667753994
997.9735044549917,1.3877105466931583
998.0735044549917,1.3848339657547286
998.1735044549918,1.3818408354307392
998.2735044549918,1.3787350947072219
998.3735044549918,1.37552080146555
998.4735044549918,1.3722021236700452
998.5735044549918,1.3687833303899697
998.6735044549919,1.3652687826828709
998.7735044549919,1.361662924366421
998.8735044549919,1.3579702727059368
998.9735044549919,1.3541954090447332
999.073504454992,1.350342969404301
999.173504454992,1.3464176350810693
999.273504454992,1.3424241232661607
999.373504454992,1.338367177714114
999.473504454992,1.3342515594860171
999.5735044549921,1.3300820377918872
999.6735044549921,1.325863380956424
999.7735044549921,1.3216003475314952
999.8735044549921,1.3172976775778484
999.9735044549922,1.3129600841376334
1000.0735044549922,1.308592244918318
1000.1735044549922,1.3041987942075401
1000.2735044549922,1.2997843150373347
1000.3735044549923,1.295353331615019
1000.4735044549923,1.2909103020368295
1000.5735044549923,1.2864596112991713
1000.6735044549923,1.2820055646210737
1000.7735044549923,1.277552381090161
1000.8735044549924,1.2731041876431397
1000.9735044549924,1.2686650133904769
1001.0735044549924,1.2642387842936198
1001.1735044549924,1.259829318201771
1001.2735044549925,1.2554403202539088
1001.3735044549925,1.2510753786504178
1001.4735044549925,1.2467379607973974
1001.5735044549925,1.2424314098254206
1001.6735044549926,1.2381589414832648
1001.7735044549926,1.233923641405893
1001.8735044549926,1.2297284627547755
1001.9735044549926,1.2255762242274746
1002.0735044549926,1.2214696084322942
1002.1735044549927,1.2174111606227291
1002.2735044549927,1.2134032877854142
1002.3735044549927,1.2094482580743033
1002.4735044549927,1.2055482005828893
1002.5735044549928,1.2017051054454022
1002.6735044549928,1.1979208242571329
1002.7735044549928,1.1941970708032663
1002.8735044549928,1.1905354220849367
1002.9735044549928,1.1869373196305864
1003.0735044549929,1.18340407108016
1003.1735044549929,1.1799368520291578
1003.2735044549929,1.176536708119152
1003.3735044549929,1.173204557360997
1003.473504454993,1.169941192676652
1003.573504454993,1.1667472846453055
1003.673504454993,1.1636233844392936
1003.773504454993,1.1605699269351912
1003.873504454993,1.1575872339853872
1003.9735044549931,1.1546755178354478
1004.0735044549931,1.1518348846726156
1004.1735044549931,1.1490653382909002
1004.2735044549931,1.1463667838583507
1004.3735044549932,1.1437390317723153
1004.4735044549932,1.1411818015887207
1004.5735044549932,1.1386947260116973
1004.6735044549932,1.1362773549301968
1004.7735044549933,1.133929159488615
1004.8735044549933,1.1316495361788215
1004.9735044549933,1.1294378109414296
