957.1735044549824,5.663378829888906e-15
957.2735044549825,6.666060257823582e-15
957.3735044549825,7.842968914598652e-15
957.4735044549825,9.223789617474342e-15
957.5735044549825,1.0843161347852405e-14
957.6735044549825,1.2741486198095083e-14
957.7735044549826,1.496586738400343e-14
957.8735044549826,1.757119641325441e-14
957.9735044549826,2.0621412545789756e-14
958.0735044549826,2.4190961176609154e-14
958.1735044549827,2.8366481778749626e-14
958.2735044549827,3.324876063739834e-14
958.3735044549827,3.895498886807696e-14
958.4735044549827,4.562137223699557e-14
958.5735044549828,5.340614619722512e-14
958.6735044549828,6.249305744198972e-14
958.7735044549828,7.309538229434912e-14
958.8735044549828,8.546056255752475e-14
958.9735044549828,9.987555121987222e-14
959.0735044549829,1.166729738443246e-13
959.1735044549829,1.3623822680212994e-13
959.2735044549829,1.590176509929049e-13
959.3735044549829,1.855279396195052e-13
959.473504454983,2.1636696128697182e-13
959.573504454983,2.5222620554298253e-13
959.673504454983,2.939050873939639e-13
959.773504454983,3.4232738079189115e-13
959.873504454983,3.9856008912806943e-13
959.9735044549831,4.638351039966811e-13
960.0735044549831,5.395740525839093e-13
960.1735044549831,6.274167897653506e-13
960.2735044549831,7.292540542189114e-13
960.3735044549832,8.472648795538632e-13
960.4735044549832,9.83959432711394e-13
960.5735044549832,1.142228043935005e-12
960.6735044549832,1.3253972968182583e-12
960.7735044549833,1.5372941648594707e-12
960.8735044549833,1.7823193143218587e-12
960.9735044549833,2.065530843958751e-12
961.0735044549833,2.3927399024938564e-12
961.1735044549833,2.7706198170860445e-12
961.2735044549834,3.2068305830857162e-12
961.3735044549834,3.7101608102570526e-12
961.4735044549834,4.29068949670959e-12
961.5735044549834,4.959970312863303e-12
961.6735044549835,5.7312414281171366e-12
961.7735044549835,6.619664307249996e-12
961.8735044549835,7.64259534724276e-12
961.9735044549835,8.819894724070984e-12
962.0735044549835,1.0174277379645997e-11
962.1735044549836,1.1731711708783017e-11
962.2735044549836,1.3521872212983844e-11
962.3735044549836,1.5578653180970662e-11
962.4735044549836,1.7940751345337342e-11
962.5735044549837,2.0652326461544176e-11
962.6735044549837,2.376374987213415e-11
962.7735044549837,2.7332452369212155e-11
962.8735044549837,3.1423884067095734e-11
962.9735044549838,3.611260056145036e-11
963.0735044549838,4.1483491399794175e-11
963.1735044549838,4.763316884158533e-11
963.2735044549838,5.467153706699197e-11
963.3735044549838,6.272356442701018e-11
963.4735044549839,7.193128404164736e-11
963.5735044549839,8.245605107803131e-11
963.6735044549839,9.44810884103634e-11
963.7735044549839,1.0821435611575152e-10
963.873504454984,1.2389178443520947e-10
963.973504454984,1.417809144724773e-10
964.073504454984,1.621849960644711e-10
964.173504454984,1.8544759799052657e-10
964.273504454984,2.1195779205299715e-10
964.3735044549841,2.421559796248734e-10
964.4735044549841,2.765404370928615e-10
964.5735044549841,3.1567466530568527e-10
964.6735044549841,3.601956377536667e-10
964.7735044549842,4.1082305285139613e-10
964.8735044549842,4.683697074739434e-10
964.9735044549842,5.337531219214884e-10
965.0735044549842,6.08008560880896e-10
965.1735044549843,6.923036108501762e-10
965.2735044549843,7.879544920397596e-10
965.3735044549843,8.964443021230097e-10
965.4735044549843,1.0194434105514861e-09
965.5735044549843,1.1588322456676892e-09
965.6735044549844,1.3167267427453066e-09
965.7735044549844,1.4955067495878375e-09
965.8735044549844,1.6978477176645532e-09
965.9735044549844,1.9267560412202475e-09
966.0735044549845,2.1856084446491566e-09
966.1735044549845,2.4781958599817108e-09
966.2735044549845,2.8087722819309583e-09
966.3735044549845,3.1821091379449167e-09
966.4735044549845,3.603555765502752e-09
966.5735044549846,4.079106648898768e-09
966.6735044549846,4.615476133433236e-09
966.7735044549846,5.22018140676427e-09
966.8735044549846,5.901634615697853e-09
966.9735044549847,6.669245072472016e-09
967.0735044549847,7.533532598236712e-09
967.1735044549847,8.50625315359924e-09
967.2735044549847,9.6005380174989e-09
967.3735044549848,1.0831047897049303e-08
967.4735044549848,1.221414348314945e-08
967.5735044549848,1.376807411047949e-08
967.6735044549848,1.551318633688915e-08
967.7735044549848,1.7472154427140337e-08
967.8735044549849,1.9670234910535588e-08
967.9735044549849,2.2135547582270735e-08
968.0735044549849,2.489938553558755e-08
968.1735044549849,2.799655704724252e-08
968.273504454985,3.146576239379695e-08
968.373504454985,3.535000895220402e-08
968.473504454985,3.9697068236646814e-08
968.573504454985,4.455997884615084e-08
968.673504454985,4.9997599645892814e-08
968.7735044549851,5.607521788110588e-08
968.8735044549851,6.286521732797134e-08
968.9735044549851,7.044781202286116e-08
969.0735044549851,7.891185158186255e-08
969.1735044549852,8.835570462888006e-08
969.2735044549852,9.888822739509035e-08
969.3735044549852,1.1062982513753702e-07
969.4735044549852,1.237136146527611e-07
969.5735044549853,1.3828669683516997e-07
969.6735044549853,1.5451154895219394e-07
969.7735044549853,1.7256754708195974e-07
969.8735044549853,1.9265262998729925e-07
969.9735044549853,2.1498511658545802e-07
970.0735044549854,2.398056901191167e-07
970.1735044549854,2.6737956314461675e-07
970.2735044549854,2.979988385309978e-07
970.3735044549854,3.319850828121842e-07
970.4735044549855,3.6969212945794515e-07
970.5735044549855,4.115091309309237e-07
970.6735044549855,4.578638797807557e-07
970.7735044549855,5.092264204960373e-07
970.8735044549856,5.661129753945043e-07
970.9735044549856,6.290902094852892e-07
971.0735044549856,6.987798609884451e-07
971.1735044549856,7.75863766050151e-07
971.2735044549856,8.61089308151159e-07
971.3735044549857,9.552753247750485e-07
971.4735044549857,1.0593185060857324e-06
971.5735044549857,1.174200322664267e-06
971.6735044549857,1.3009945217772112e-06
971.7735044549858,1.4408752341960993e-06
971.8735044549858,1.5951257362638056e-06
971.9735044549858,1.7651479147116451e-06
972.0735044549858,1.9524724846747e-06
972.1735044549858,2.1587700144340276e-06
972.2735044549859,2.385862813636867e-06
972.3735044549859,2.6357377451106196e-06
972.4735044549859,2.910560023896059e-06
972.5735044549859,3.2126880707808516e-06
972.673504454986,3.5446894914169323e-06
972.773504454986,3.909358256054846e-06
972.873504454986,4.30973315902479e-06
972.973504454986,4.749117641336614e-06
973.073504454986,5.231101064157424e-06
973.1735044549861,5.759581525453813e-06
973.2735044549861,6.3387903167522155e-06
973.3735044549861,6.9733181217707184e-06
973.4735044549861,7.668143063604781e-06
973.5735044549862,8.428660712199212e-06
973.6735044549862,9.260716169003178e-06
973.7735044549862,1.017063835097514e-05
973.8735044549862,1.11652766014677e-05
973.9735044549863,1.2252039760970196e-05
974.0735044549863,1.3438937836202968e-05
974.1735044549863,1.4734626411627325e-05
974.2735044549863,1.6148453953045237e-05
974.3735044549863,1.76905121585885e-05
974.4735044549864,1.937168951802531e-05
974.5735044549864,2.120372824691363e-05
974.6735044549864,2.319928476768654e-05
974.7735044549864,2.537199391523411e-05
974.8735044549865,2.773653704992336e-05
974.9735044549865,3.0308714266240773e-05
975.0735044549865,3.310552089031507e-05
975.1735044549865,3.614522846445067e-05
975.2735044549866,3.944747042142887e-05
975.3735044549866,4.303333265568244e-05
975.4735044549866,4.692544920246853e-05
975.5735044549866,5.114810323981328e-05
975.6735044549866,5.5727333631229865e-05
975.7735044549867,6.0691047229969703e-05
975.8735044549867,6.606913716779735e-05
975.9735044549867,7.189360735293068e-05
976.0735044549867,7.819870340280222e-05
976.1735044549868,8.502105023760193e-05
976.2735044549868,9.239979656011669e-05
976.3735044549868,0.00010037676644609033
976.4735044549868,0.0001089966182671517
976.5735044549868,0.00011830701116520483
976.6735044549869,0.00012835877929299533
976.7735044549869,0.0001392061140302488
976.8735044549869,0.0001509067543783087
976.9735044549869,0.00016352218572842888
977.073504454987,0.00017711784718979043
977.173504454987,0.00019176334765279678
977.273504454987,0.0002075326907511883
977.373504454987,0.0002245045088729312
977.473504454987,0.0002427623063545957
977.5735044549871,0.0002623947119769658
977.6735044549871,0.00028349574086084916
977.7735044549871,0.0003061650658413894
977.8735044549871,0.00033050829837658643
977.9735044549872,0.0003566372790210787
978.0735044549872,0.00038467037746953164
978.1735044549872,0.0004147328021450972
978.2735044549872,0.00044695691927733094
978.3735044549873,0.0004814825813805971
978.4735044549873,0.000518457465008347
978.5735044549873,0.0005580374176206405
978.6735044549873,0.0006003868133618971
978.7735044549873,0.0006456789175030392
978.8735044549874,0.0006940962592569867
978.9735044549874,0.0007458310126287537
979.0735044549874,0.0008010853849113284
979.1735044549874,0.0008600720123859358
979.2735044549875,0.0009230143627304017
979.3735044549875,0.0009901471435819773
979.4735044549875,0.001061716716641425
979.5735044549875,0.0011379815166432247
979.6735044549876,0.0012192124744527743
979.7735044549876,0.0013056934434852725
979.8735044549876,0.001397721628572872
979.9735044549876,0.001495608016336712
980.0735044549876,0.001599677806048761
980.1735044549877,0.0017102708398951392
980.2735044549877,0.0018277420314780006
980.3735044549877,0.001952461791317183
980.4735044549877,0.002084816448036128
980.5735044549878,0.0022252086638389974
980.6735044549878,0.0023740578428079343
980.7735044549878,0.0025318005304711816
980.8735044549878,0.0026988908030146216
980.9735044549878,0.0028758006444315433
981.0735044549879,0.003063020309828388
981.1735044549879,0.0032610586730282593
981.2735044549879,0.0034704435565393265
981.3735044549879,0.00369172204188271
981.473504454988,0.003925460758203628
981.573504454988,0.004172246147021956
981.673504454988,0.004432684700913326
981.773504454988,0.004707403173850695
981.873504454988,0.00499704876087889
981.9735044549881,0.005302289244741911
982.0735044549881,0.005623813107034586
982.1735044549881,0.005962329601407924
982.2735044549881,0.006318568786320795
982.3735044549882,0.006693281514800399
982.4735044549882,0.007087239378650925
982.5735044549882,0.0075012346045339505
982.6735044549882,0.007936079899336439
982.7735044549883,0.008392608242242852
982.8735044549883,0.008871672620937592
982.9735044549883,0.009374145709383132
983.0735044549883,0.00990091948464818
983.1735044549883,0.010452904780299744
983.2735044549884,0.011031030773923301
983.3735044549884,0.011636244406396592
983.4735044549884,0.012269509730616026
983.5735044549884,0.012931807187459702
983.6735044549885,0.013624132806868736
983.7735044549885,0.014347497332038607
983.8735044549885,0.01510292526483572
983.9735044549885,0.015891453830690197
984.0735044549886,0.01671413186136606
984.1735044549886,0.017572018594172387
984.2735044549886,0.018466182386356295
984.3735044549886,0.019397699343608157
984.4735044549886,0.0203676518618134
984.5735044549887,0.021377127081402342
984.6735044549887,0.02242721525387983
984.7735044549887,0.02351900802035972
984.8735044549887,0.024653596602185766
984.9735044549888,0.025832069903988786
985.0735044549888,0.027055512529810706
985.1735044549888,0.028325002713218153
985.2735044549888,0.029641610162631254
985.3735044549888,0.03100639382340651
985.4735044549889,0.032420399558535595
985.5735044549889,0.033884657750153264
985.6735044549889,0.03540018082438706
985.7735044549889,0.03696796070242799
985.873504454989,0.038588966181053425
985.973504454989,0.04026414024619061
986.073504454989,0.0419943973234701
986.173504454989,0.043780620470081015
986.273504454989,0.04562365851260512
986.3735044549891,0.047524323135869975
986.4735044549891,0.04948338592822441
986.5735044549891,0.05150157538899836
986.6735044549891,0.053579573904264155
986.7735044549892,0.05571801469736485
986.8735044549892,0.057917478761015204
986.9735044549892,0.06017849177811319
987.0735044549892,0.06250152103871916
987.1735044549893,0.06488697236096796
987.2735044549893,0.06733518702397154
987.3735044549893,0.06984643872104715
987.4735044549893,0.07242093054186466
987.5735044549893,0.0750587919923462
987.6735044549894,0.07776007606136988
987.7735044549894,0.08052475634352424
987.8735044549894,0.08335272422733175
987.9735044549894,0.08624378615850453
988.0735044549895,0.08919766098791292
988.1735044549895,0.09221397741403688
988.2735044549895,0.09529227152972795
988.3735044549895,0.09843198448313713
988.4735044549896,0.10163246026265778
988.5735044549896,0.10489294361569353
988.6735044549896,0.10821257811098628
988.7735044549896,0.11159040435413016
988.8735044549896,0.11502535836574951
988.9735044549897,0.11851627013163704
989.0735044549897,0.12206186233392627
989.1735044549897,0.1256607492721136
989.2735044549897,0.12931143598244926
989.3735044549898,0.13301231756388068
989.4735044549898,0.13676167871835918
989.5735044549898,0.1405576935129114
989.6735044549898,0.1443984253704277
989.7735044549898,0.14828182729563816
989.8735044549899,0.15220574234222398
989.9735044549899,0.1561679043264614
990.0735044549899,0.16016593879220456
990.1735044549899,0.16419736423139508
990.27350445499,0.1682595935636354
990.37350445499,0.1723499358776831
990.47350445499,0.17646559843701723
990.57350445499,0.18060368895089463
990.67350445499,0.184761218111562
990.7735044549901,0.18893510239751068
990.8735044549901,0.1931221671418715
990.9735044549901,0.19731914986423496
991.0735044549901,0.201522703863362
991.1735044549902,0.20572940206741838
991.2735044549902,0.2099357411375275
991.3735044549902,0.2141381458195921
991.4735044549902,0.21833297353849485
991.5735044549903,0.22251651922794347
991.6735044549903,0.22668502038839328
991.7735044549903,0.23083466236465147
991.8735044549903,0.234961583833955
991.9735044549903,0.23906188249451346
992.0735044549904,0.24313162094373106
992.1735044549904,0.2471668327345615
992.2735044549904,0.2511635285977207
992.3735044549904,0.2551177028167769
992.4735044549905,0.25902533974246866
992.5735044549905,0.26288242043196286
992.6735044549905,0.2666849293981701
992.7735044549905,0.27042886145367534
992.8735044549906,0.274110228633329
992.9735044549906,0.2777250671790783
993.0735044549906,0.2812694445701979
993.1735044549906,0.284739466581715
993.2735044549906,0.2881312843535068
993.3735044549907,0.29144110145229246
993.4735044549907,0.29466518090853705
993.5735044549907,0.2977998522101432
993.6735044549907,0.30084151823472133
993.7735044549908,0.3037866621022031
993.8735044549908,0.3066318539296058
993.9735044549908,0.30937375746984774
994.0735044549908,0.31200913661668206
994.1735044549908,0.31453486175803586
994.2735044549909,0.3169479159603297
994.3735044549909,0.3192454009666959
994.4735044549909,0.32142454299242573
994.5735044549909,0.3234826983014366
994.673504454991,0.32541735854808085
994.773504454991,0.3272261558691951
994.873504454991,0.3289068677119272
994.973504454991,0.3304574213835667
995.073504454991,0.33187589831034503
995.1735044549911,0.33316053799295686
995.2735044549911,0.3343097416473898
995.3735044549911,0.33532207552052384
995.4735044549911,0.3361962738708745
995.5735044549912,0.33693124160580684
995.6735044549912,0.33752605656752954
995.7735044549912,0.3379799714611867
995.8735044549912,0.338292415419407
995.9735044549913,0.33846299519872436
996.0735044549913,0.33849072476567105
996.1735044549913,0.33836336568888686
996.2735044549913,0.338076878010615
996.3735044549913,0.337631665995398
996.4735044549914,0.3370283574312122
996.5735044549914,0.3362678021543055
996.6735044549914,0.33535107005434517
996.7735044549914,0.3342794485664274
996.8735044549915,0.33305443965818016
996.9735044549915,0.331677756321828
997.0735044549915,0.33015131858268665
997.1735044549915,0.32847724903710723
997.2735044549916,0.32665786793438273
997.3735044549916,0.32469568781856756
997.4735044549916,0.3225934077475277
997.5735044549916,0.32035390710783607
997.6735044549916,0.31798023904534806
997.7735044549917,0.3154756235324284
997.8735044549917,0.31284344009385545
997.9735044549917,0.3100872202143867
998.0735044549917,0.3072106394518423
998.1735044549918,0.30421750928033287
998.2735044549918,0.3011117686889322
998.3735044549918,0.2978974755616699
998.4735044549918,0.29457879786518704
998.5735044549918,0.291160004670768
998.6735044549919,0.2876454570377239
998.7735044549919,0.28403959878526275
998.8735044549919,0.28034694718004
998.9735044549919,0.2765720835665342
999.073504454992,0.2727196439672487
999.173504454992,0.2687943096794932
999.273504454992,0.2648007978951552
999.373504454992,0.260743852369437
999.473504454992,0.25662823416400293
999.5735044549921,0.2524587124893697
999.6735044549921,0.2482400556706705
999.7735044549921,0.24397702226014778
999.8735044549921,0.23967435231887435
999.9735044549922,0.23533675888928085
1000.0735044549922,0.23096891967907807
1000.1735044549922,0.22657546897611416
1000.2735044549922,0.22216098981260538
1000.3735044549923,0.21773000639602544
1000.4735044549923,0.21328697682274628
1000.5735044549923,0.2088362860892895
1000.6735044549923,0.20438223941478448
1000.7735044549923,0.19992905588694238
1000.8735044549924,0.19548086244254398
1000.9735044549924,0.1910416881921205
1001.0735044549924,0.18661545909717409
1001.1735044549924,0.18220599300695486
1001.2735044549925,0.1778169950604814
1001.3735044549925,0.1734520534581735
1001.4735044549925,0.1691146356061603
1001.5735044549925,0.1648080846350408
1001.6735044549926,0.1605356162936139
1001.7735044549926,0.15630031621686172
1001.8735044549926,0.15210513756627084
1001.9735044549926,0.14795289903941686
1002.0735044549926,0.14384628324461582
1002.1735044549927,0.1397878354353724
1002.2735044549927,0.13577996259833008
1002.3735044549927,0.1318249328874505
1002.4735044549927,0.12792487539623199
1002.5735044549928,0.12408178025891048
1002.6735044549928,0.12029749907078124
1002.7735044549928,0.11657374561703313
1002.8735044549928,0.1129120968988034
1002.9735044549928,0.10931399444453771
1003.0735044549929,0.10578074589418267
1003.1735044549929,0.10231352684324044
1003.2735044549929,0.09891338293328555
1003.3735044549929,0.09558123217517317
1003.473504454993,0.0923178674908642
1003.573504454993,0.08912395945954805
1003.673504454993,0.08600005925356159
1003.773504454993,0.08294660174948057
1003.873504454993,0.07996390879969466
1003.9735044549931,0.07705219264977023
1004.0735044549931,0.07421155948695095
1004.1735044549931,0.07144201310524607
1004.2735044549931,0.06874345867270548
1004.3735044549932,0.0661157065866776
1004.4735044549932,0.06355847640308936
1004.5735044549932,0.06107140082607104
1004.6735044549932,0.058654029744574884
1004.7735044549933,0.0563058343029968
1004.8735044549933,0.05402621099320641
1004.9735044549933,0.051814485755817145
