957.1735044549824,0.0334097780184748
957.2735044549825,0.034821985740860116
957.3735044549825,0.03628275804008067
957.4735044549825,0.037793217591603506
957.5735044549825,0.039354487331178724
957.6735044549825,0.0409676890600517
957.7735044549826,0.04263394199411512
957.8735044549826,0.044354361257408714
957.9735044549826,0.04613005632051341
958.0735044549826,0.04796212938452917
958.1735044549827,0.049851673711473345
958.2735044549827,0.05179977190208637
958.3735044549827,0.05380749412218753
958.4735044549827,0.0558758962788798
958.5735044549828,0.058006018148064206
958.6735044549828,0.06019888145488752
958.7735044549828,0.062455487908912435
958.8735044549828,0.06477681719596659
958.9735044549828,0.06716382492879705
959.0735044549829,0.0696174405588248
959.1735044549829,0.07213856525146693
959.2735044549829,0.07472806972766298
959.3735044549829,0.0773867920744136
959.473504454983,0.08011553552730975
959.573504454983,0.08291506622819803
959.673504454983,0.08578611096129544
959.773504454983,0.08872935487123118
959.873504454983,0.09174543916665388
959.9735044549831,0.09483495881320159
960.0735044549831,0.09799846021978552
960.1735044549831,0.10123643892228759
960.2735044549831,0.10454933726891742
960.3735044549832,0.1079375421116115
960.4735044549832,0.11140138250799074
960.5735044549832,0.11494112743851763
960.6735044549832,0.11855698354361201
960.7735044549833,0.12224909288559498
960.8735044549833,0.126017530740431
960.9735044549833,0.12986230342433133
961.0735044549833,0.13378334616036333
961.1735044549833,0.13778052099028373
961.2735044549834,0.14185361473687383
961.3735044549834,0.14600233702210655
961.4735044549834,0.15022631834651162
961.5735044549834,0.15452510823513396
961.6735044549835,0.15889817345549084
961.7735044549835,0.16334489631293725
961.8735044549835,0.16786457302883287
961.9735044549835,0.17245641220687966
962.0735044549835,0.1771195333929573
962.1735044549836,0.18185296573372842
962.2735044549836,0.18665564673921553
962.3735044549836,0.19152642115446863
962.4735044549836,0.19646403994533976
962.5735044549837,0.201467159403269
962.6735044549837,0.20653434037385446
962.7735044549837,0.2116640476138342
962.8735044549837,0.21685464928094733
962.9735044549838,0.22210441656096658
963.0735044549838,0.22741152343600238
963.1735044549838,0.23277404659797413
963.2735044549838,0.23818996551092378
963.3735044549838,0.24365716262561116
963.4735044549839,0.24917342374958232
963.5735044549839,0.25473643857563916
963.6735044549839,0.2603438013713624
963.7735044549839,0.2659930118320506
963.873504454984,0.271681476099137
963.973504454984,0.27740650794583266
964.073504454984,0.2831653301314186
964.173504454984,0.2889550759252767
964.273504454984,0.2947727908014017
964.3735044549841,0.3006154343037848
964.4735044549841,0.30647988208269505
964.5735044549841,0.3123629281015168
964.6735044549841,0.31826128701342177
964.7735044549842,0.3241715967067775
964.8735044549842,0.3300904210178008
964.9735044549842,0.33601425260857876
965.0735044549842,0.34193951600818506
965.1735044549843,0.34786257081422334
965.2735044549843,0.3537797150517358
965.3735044549843,0.35968718868601807
965.4735044549843,0.3655811772854887
965.5735044549843,0.37145781583037135
965.6735044549844,0.3773131926625593
965.7735044549844,0.38314335357165147
965.8735044549844,0.3889443060117719
965.9735044549844,0.3947120234434165
966.0735044549845,0.40044244979421173
966.1735044549845,0.40613150403211684
966.2735044549845,0.41177508484426395
966.3735044549845,0.41736907541430035
966.4735044549845,0.4229093482907821
966.5735044549846,0.42839177033886816
966.6735044549846,0.4338122077672755
966.7735044549846,0.4391665312221869
966.8735044549846,0.44445062093954907
966.9735044549847,0.4496603719469624
967.0735044549847,0.4547916993061474
967.1735044549847,0.45984054338677527
967.2735044549847,0.46480287516227237
967.3735044549848,0.4696747015180529
967.4735044549848,0.4744520705625007
967.5735044549848,0.47913107693090573
967.6735044549848,0.48370786707247765
967.7735044549848,0.4881786445104875
967.8735044549849,0.4925396750655507
967.9735044549849,0.49678729203204547
968.0735044549849,0.5009179012976681
968.1735044549849,0.5049279863961589
968.273504454985,0.5088141134832872
968.373504454985,0.5125729362262693
968.473504454985,0.5162012005968933
968.573504454985,0.5196957495587632
968.673504454985,0.5230535276392234
968.7735044549851,0.5262715853767113
968.8735044549851,0.5293470836344838
968.9735044549851,0.5322772977718968
969.0735044549851,0.5350596216646626
969.1735044549852,0.537691571565789
969.2735044549852,0.5401707897991953
969.3735044549852,0.542495048278319
969.4735044549852,0.5446622518423649
969.5735044549853,0.5466704414032054
969.6735044549853,0.548517796896316
969.7735044549853,0.5502026400295235
969.8735044549853,0.5517234368237595
969.9735044549853,0.5530787999404311
970.0735044549854,0.5542674907904684
970.1735044549854,0.5552884214205606
970.2735044549854,0.5561406561725576
970.3735044549854,0.5568234131124983
970.4735044549855,0.5573360652262042
970.5735044549855,0.5576781413788859
970.6735044549855,0.5578493270367015
970.7735044549855,0.5578335585247363
970.8735044549856,0.5575351507589557
970.9735044549856,0.5569385739476441
971.0735044549856,0.5560447855777912
971.1735044549856,0.5548552188710887
971.2735044549856,0.5533717789542458
971.3735044549857,0.5515968377747154
971.4735044549857,0.5495332277808221
971.5735044549857,0.5471842343898632
971.6735044549857,0.5445535872722155
971.7735044549858,0.5416454504838147
971.8735044549858,0.5384644114835465
971.9735044549858,0.535015469076091
972.0735044549858,0.5313040203245739
972.1735044549858,0.5273358464809748
972.2735044549859,0.5231170979856187
972.3735044549859,0.5186542785902091
972.4735044549859,0.513954228661742
972.5735044549859,0.5090241077272506
972.673504454986,0.5038713763216706
972.773504454986,0.4985037772031645
972.873504454986,0.4929293160020049
972.973504454986,0.4871562413705716
973.073504454986,0.48119302470318265
973.1735044549861,0.47504833949532405
973.2735044549861,0.4687310404123963
973.3735044549861,0.46225014213833443
973.4735044549861,0.45561479807439803
973.5735044549862,0.4488342789580728
973.6735044549862,0.4419179514713699
973.7735044549862,0.4348752569068751
973.8735044549862,0.4277156899586867
973.9735044549863,0.42044877770389805
974.0735044549863,0.41308405883854565
974.1735044549863,0.4056310632299622
974.2735044549863,0.39809929184526305
974.3735044549863,0.39049819711326744
974.4735044549864,0.38283716377452826
974.5735044549864,0.37512549027133163
974.6735044549864,0.36737237072654816
974.7735044549864,0.3595868775570874
974.8735044549865,0.3517779447644421
974.9735044549865,0.34395435194143625
975.0735044549865,0.3361247090308117
975.1735044549865,0.32829744186774323
975.2735044549866,0.32048077853475865
975.3735044549866,0.3126827365538935
975.4735044549866,0.3049111109372365
975.5735044549866,0.29717346311334747
975.6735044549866,0.28947711074336635
975.7735044549867,0.2818291184370016
975.8735044549867,0.27423628937500066
975.9735044549867,0.2667051578411848
976.0735044549867,0.2592419826636872
976.1735044549868,0.25185274156168197
976.2735044549868,0.24454312639064818
976.3735044549868,0.2373185392760852
976.4735044549868,0.23018408962260067
976.5735044549868,0.22314459198243528
976.6735044549869,0.21620456476478428
976.7735044549869,0.20936822976472733
976.8735044549869,0.20263951248819792
976.9735044549869,0.19602204324721328
977.073504454987,0.18951915899755553
977.173504454987,0.18313390588924242
977.273504454987,0.17686904249846175
977.373504454987,0.17072704370816308
977.473504454987,0.1647101052032062
977.5735044549871,0.15882014854486415
977.6735044549871,0.1530588267885538
977.7735044549871,0.14742753060793606
977.8735044549871,0.14192739488796968
977.9735044549872,0.1365593057491258
978.0735044549872,0.13132390796476634
978.1735044549872,0.12622161273364912
978.2735044549872,0.12125260576964801
978.3735044549873,0.1164168556710524
978.4735044549873,0.1117141225322366
978.5735044549873,0.10714396676105381
978.6735044549873,0.10270575806600565
978.7735044549873,0.09839868457805846
978.8735044549874,0.09422176207290951
978.9735044549874,0.09017384326054696
979.0735044549874,0.08625362711008071
979.1735044549874,0.08245966817904289
979.2735044549875,0.07879038591765669
979.3735044549875,0.07524407391993586
979.4735044549875,0.07181890909490529
979.5735044549875,0.06851296073270431
979.6735044549876,0.06532419944184989
979.7735044549876,0.06225050593548164
979.8735044549876,0.05928967964597812
979.9735044549876,0.056439447148915335
980.0735044549876,0.0536974703789268
980.1735044549877,0.05106135462160914
980.2735044549877,0.04852865626719514
980.3735044549877,0.04609689031327532
980.4735044549877,0.04376353760538866
980.5735044549878,0.04152605180581061
980.6735044549878,0.03938186608234213
980.7735044549878,0.03732839951033806
980.8735044549878,0.03536306318260383
980.9735044549878,0.03348326602313124
981.0735044549879,0.03168642030193373
981.1735044549879,0.029969946849474825
981.2735044549879,0.02833127997035876
981.3735044549879,0.026767872057066135
981.473504454988,0.025277197905567893
981.573504454988,0.023856758735638382
981.673504454988,0.022504085919607463
981.773504454988,0.02121674442414737
981.873504454988,0.019992335970476807
981.9735044549881,0.018828501919086242
982.0735044549881,0.017722925885742858
982.1735044549881,0.016673336096123148
982.2735044549881,0.015677507486945633
982.3735044549882,0.014733263561937746
982.4735044549882,0.013838478011370609
982.5735044549882,0.01299107610423541
982.6735044549882,0.012189035862416788
982.7735044549883,0.01143038902644467
982.8735044549883,0.010713221822578818
982.9735044549883,0.010035675541101628
983.0735044549883,0.00939594693576791
983.1735044549883,0.00879228845438781
983.2735044549884,0.00822300831050285
983.3735044549884,0.007686470406059649
983.4735044549884,0.007181094114891746
983.5735044549884,0.006705353936692092
983.6735044549885,0.006257779030999029
983.7735044549885,0.0058369526405291465
983.8735044549885,0.005441511412975739
983.9735044549885,0.005070144630152747
984.0735044549886,0.004721593353104582
984.1735044549886,0.004394649491524817
984.2735044549886,0.004088154805533149
984.3735044549886,0.003800999847553643
984.4735044549886,0.003532122851719646
984.5735044549887,0.003280508577904646
984.6735044549887,0.0030451871171454617
984.7735044549887,0.002825232664886904
984.8735044549887,0.0026197622681369687
984.9735044549888,0.0024279345522806397
985.0735044549888,0.0022489484329602564
985.1735044549888,0.002082041818092396
985.2735044549888,0.001926490304756895
985.3735044549888,0.0017816058753644132
985.4735044549889,0.001646735597185615
985.5735044549889,0.0015212603290090004
985.6735044549889,0.0014045934383864764
985.7735044549889,0.001296179532626632
985.873504454989,0.0011954932064062898
985.973504454989,0.0011020378085916556
986.073504454989,0.0010153442305919306
986.173504454989,0.0009349697183109476
986.273504454989,0.0008604967095165616
986.3735044549891,0.0007915316982134348
986.4735044549891,0.0007277041273826446
986.5735044549891,0.0006686653112413346
986.6735044549891,0.0006140873879774005
986.7735044549892,0.0005636623037279374
986.8735044549892,0.0005171008283957794
986.9735044549892,0.0004741316037357641
987.0735044549892,0.00043450022399115504
987.1735044549893,0.0003979683492207175
987.2735044549893,0.0003643128513280074
987.3735044549893,0.0003333249926861161
987.4735044549893,0.0003048096371431694
987.5735044549893,0.00027858449309584634
987.6735044549894,0.00025447938822975336
987.7735044549894,0.00023233557544619202
987.8735044549894,0.0002120050694243336
987.9735044549894,0.00019335001320559876
988.0735044549895,0.00017624207413271338
988.1735044549895,0.0001605618684290581
988.2735044549895,0.0001461984136640744
988.3735044549895,0.00013304860831724142
988.4735044549896,0.00012101673762604917
988.5735044549896,0.00011001400488203146
988.6735044549896,9.995808732290267e-05
988.7735044549896,9.077271575773045e-05
988.8735044549896,8.238727705550173e-05
988.9735044549897,7.473643862501273e-05
989.0735044549897,6.775979401536298e-05
989.1735044549897,6.14015287711206e-05
989.2735044549897,5.561010568409612e-05
989.3735044549898,5.033796859430926e-05
989.4735044549898,4.554126390583297e-05
989.5735044549898,4.117957899848413e-05
989.6735044549898,3.721569673349719e-05
989.7735044549898,3.3615365270138534e-05
989.8735044549899,3.0347082430427175e-05
989.9735044549899,2.7381893870513897e-05
990.0735044549899,2.4693204339613514e-05
990.1735044549899,2.2256601330498174e-05
990.27350445499,2.0049690449253703e-05
990.37350445499,1.805194185612165e-05
990.47350445499,1.624454715363236e-05
990.57350445499,1.4610286122754371e-05
990.67350445499,1.3133402732306838e-05
990.7735044549901,1.179948987129809e-05
990.8735044549901,1.0595382278061876e-05
990.9735044549901,9.509057163973159e-06
991.0735044549901,8.529542053059885e-06
991.1735044549902,7.646829381913817e-06
991.2735044549902,6.851797426885933e-06
991.3735044549902,6.136137147575648e-06
991.4735044549902,5.4922845570464425e-06
991.5735044549903,4.913358249987208e-06
991.6735044549903,4.3931017401605825e-06
991.7735044549903,3.925830277912754e-06
991.8735044549903,3.506381837249392e-06
991.9735044549903,3.1300719799953645e-06
992.0735044549904,2.792652321848068e-06
992.1735044549904,2.4902723417010193e-06
992.2735044549904,2.2194442914592216e-06
992.3735044549904,1.9770109786948856e-06
992.4735044549905,1.7601162089102403e-06
992.5735044549905,1.566177687894191e-06
992.6735044549905,1.39286219769458e-06
992.7735044549905,1.238062872093567e-06
992.8735044549906,1.0998784091867049e-06
992.9735044549906,9.76594069745488e-07
993.0735044549906,8.666643205079487e-07
993.1735044549906,7.686969914128019e-07
993.2735044549906,6.814388250911481e-07
993.3735044549907,6.037623056773661e-07
993.4735044549907,5.346536622199804e-07
993.5735044549907,4.7320194968601067e-07
993.6735044549907,4.185891177810995e-07
993.7735044549908,3.70080984574792e-07
993.8735044549908,3.270190382476572e-07
993.9735044549908,2.888129961863304e-07
994.0735044549908,2.549340561652753e-07
994.1735044549908,2.2490877949104846e-07
994.2735044549909,1.9831355076634906e-07
994.3735044549909,1.7476956337708596e-07
994.4735044549909,1.539382839350216e-07
994.5735044549909,1.3551735273997297e-07
994.673504454991,1.1923688087670505e-07
994.773504454991,1.048561078497857e-07
994.873504454991,9.216038670110148e-08
994.973504454991,8.095846636522443e-08
995.073504454991,7.108004361229746e-08
995.1735044549911,6.237355932087562e-08
995.2735044549911,5.4704216027731575e-08
995.3735044549911,4.795219573091942e-08
995.4735044549911,4.2011058788524884e-08
995.5735044549912,3.678630647004692e-08
995.6735044549912,3.219409129110998e-08
995.7735044549912,2.816006070543591e-08
995.8735044549912,2.4618321050318583e-08
995.9735044549913,2.1510509852308912e-08
996.0735044549913,1.878496570687415e-08
996.1735044549913,1.6395985957414246e-08
996.2735044549913,1.4303163322587055e-08
996.3735044549913,1.2470793463364996e-08
996.4735044549914,1.086734624906584e-08
996.5735044549914,9.46499418078559e-09
996.6735044549914,8.239192066808225e-09
996.7735044549914,7.168302622870966e-09
996.8735044549915,6.233263195438146e-09
996.9735044549915,5.417289282853577e-09
997.0735044549915,4.705610961527766e-09
997.1735044549915,4.085238715991418e-09
997.2735044549916,3.5447555262367602e-09
997.3735044549916,3.0741323865246525e-09
997.4735044549916,2.6645647197500323e-09
997.5735044549916,2.3083274132889783e-09
997.6735044549916,1.9986464385278387e-09
997.7735044549917,1.7295852293243104e-09
997.8735044549917,1.4959441866025355e-09
997.9735044549917,1.2931718490946853e-09
998.0735044549917,1.1172864256959255e-09
998.1735044549918,9.648065246331336e-10
998.2735044549918,8.326900401534886e-10
998.3735044549918,7.182802700784246e-10
998.4735044549918,6.19258438583427e-10
998.5735044549918,5.336018890853948e-10
998.6735044549919,4.5954729317515843e-10
998.7735044549919,3.95558294058514e-10
998.8735044549919,3.402970678133915e-10
998.9735044549919,2.925993437038984e-10
999.073504454992,2.5145247651200397e-10
999.173504454992,2.1597620998638327e-10
999.273504454992,1.8540581163754165e-10
999.373504454992,1.5907729574547994e-10
999.473504454992,1.3641448405753015e-10
999.5735044549921,1.1691768266092304e-10
999.6735044549921,1.0015377929652295e-10
999.7735044549921,8.574758827909178e-11
999.8735044549921,7.337429051296345e-11
999.9735044549922,6.275283411687241e-11
1000.0735044549922,5.364017714631257e-11
1000.1735044549922,4.5826268049327296e-11
1000.2735044549922,3.912967201205108e-11
1000.3735044549923,3.3393762422904464e-11
1000.4735044549923,2.8483406469575e-11
1000.5735044549923,2.4282082524334907e-11
1000.6735044549923,2.068937459921158e-11
1000.7735044549923,1.7618795877598966e-11
1000.8735044549924,1.4995899255379995e-11
1000.9735044549924,1.2756638043687091e-11
1001.0735044549924,1.0845944578304831e-11
1001.1735044549924,9.216498519743596e-12
1001.2735044549925,7.827660177503796e-12
1001.3735044549925,6.644547309190456e-12
1001.4735044549925,5.637236580702566e-12
1001.5735044549925,4.7800732727688085e-12
1001.6735044549926,4.0510749215864704e-12
1001.7735044549926,3.431416422644411e-12
1001.8735044549926,2.9049857383108402e-12
1001.9735044549926,2.458000759172355e-12
1002.0735044549926,2.0786791009247024e-12
1002.1735044549927,1.756953694490306e-12
1002.2735044549927,1.484227966075191e-12
1002.3735044549927,1.2531652229323747e-12
1002.4735044549927,1.0575075745181237e-12
1002.5735044549928,8.91920340590064e-13
1002.6735044549928,7.518584391093761e-13
1002.7735044549928,6.334517176915585e-13
1002.8735044549928,5.33406601691986e-13
1002.9735044549928,4.4892178762004074e-13
1003.0735044549929,3.7761601929705864e-13
1003.1735044549929,3.174662520129473e-13
1003.2735044549929,2.667547421540333e-13
1003.3735044549929,2.240238009750484e-13
1003.473504454993,1.88037125399356e-13
1003.573504454993,1.577467694744206e-13
1003.673504454993,1.3226495046024875e-13
1003.773504454993,1.1083999617137833e-13
1003.873504454993,9.283583747025152e-14
1003.9735044549931,7.771453376229344e-14
1004.0735044549931,6.502139174884303e-14
1004.1735044549931,5.437230010064843e-14
1004.2735044549931,4.544295646788951e-14
1004.3735044549932,3.7959709512436066e-14
1004.4735044549932,3.169177845037397e-14
1004.5735044549932,2.644464680956906e-14
1004.6735044549932,2.205445650302269e-14
1004.7735044549933,1.8383253556942237e-14
1004.8735044549933,1.53149584869199e-14
1004.9735044549933,1.2751952883322115e-14
