957.6915091891383,0.048143500718914635
957.7915091891383,0.0499150777720527
957.8915091891383,0.05173700566438161
957.9915091891384,0.05361005831766555
958.0915091891384,0.05553499301299926
958.1915091891384,0.05751254890427974
958.2915091891384,0.05954344550453992
958.3915091891384,0.06162838114681979
958.4915091891385,0.06376803142136298
958.5915091891385,0.06596304759103833
958.6915091891385,0.0682140549869973
958.7915091891385,0.07052165138668846
958.8915091891386,0.07288640537645982
958.9915091891386,0.07530885470108686
959.0915091891386,0.07778950460267207
959.1915091891386,0.08032882615146324
959.2915091891387,0.08292725457124182
959.3915091891387,0.08558518756202953
959.4915091891387,0.0883029836229581
959.5915091891387,0.09108096037823875
959.6915091891387,0.09391939290925605
959.7915091891388,0.09681851209589507
959.8915091891388,0.09977850297029027
959.9915091891388,0.10279950308625849
960.0915091891388,0.10588160090774845
960.1915091891389,0.10902483421970208
960.2915091891389,0.11222918856478069
960.3915091891389,0.11549459570946116
960.4915091891389,0.1188209321430508
960.591509189139,0.1222080176132081
960.691509189139,0.1256556137015874
960.791509189139,0.12916342244324733
960.891509189139,0.13273108499348005
960.991509189139,0.13635818034572278
961.0915091891391,0.14004422410421513
961.1915091891391,0.14378866731505313
961.2915091891391,0.14759089535927422
961.3915091891391,0.15145022691157953
961.4915091891392,0.1553659129682626
961.5915091891392,0.15933713594786944
961.6915091891392,0.16336300886805738
961.7915091891392,0.16744257460205783
961.8915091891392,0.1715748052180718
961.9915091891393,0.17575860140484476
962.0915091891393,0.17999279198657173
962.1915091891393,0.1842761335301832
962.2915091891393,0.1886073100479462
962.3915091891394,0.19298493279819592
962.4915091891394,0.19740754018687776
962.5915091891394,0.20187359777244193
962.6915091891394,0.20638149837647937
962.7915091891394,0.21092956230232995
962.8915091891395,0.21551603766372512
962.9915091891395,0.22013910082534957
963.0915091891395,0.22479685695702264
963.1915091891395,0.22948734070300533
963.2915091891396,0.23420851696773884
963.3915091891396,0.23895828181911175
963.4915091891396,0.2437344635101382
963.5915091891396,0.24853482361970702
963.6915091891397,0.25335705831283406
963.7915091891397,0.25819879972061655
963.8915091891397,0.26305761743985
963.9915091891397,0.2679310201520244
964.0915091891397,0.27281645736116866
964.1915091891398,0.277711321249763
964.2915091891398,0.28261294865168396
964.3915091891398,0.28751862314089116
964.4915091891398,0.2924255772343067
964.5915091891399,0.2973309947070804
964.6915091891399,0.30223201301817426
964.7915091891399,0.30712572584393993
964.8915091891399,0.3120091857171074
964.99150918914,0.3168794067683437
965.09150918914,0.32173336756728954
965.19150918914,0.32656801405972913
965.29150918914,0.33138026259730136
965.39150918914,0.3361670030559193
965.4915091891401,0.3409251020388253
965.5915091891401,0.34565140615997986
965.6915091891401,0.3503427454032538
965.7915091891401,0.35499593655267986
965.8915091891402,0.3596077866888052
965.9915091891402,0.3641750967459885
966.0915091891402,0.3686946651252891
966.1915091891402,0.3731632913574184
966.2915091891402,0.37757777981004564
966.3915091891403,0.38193494343359335
966.4915091891403,0.3862316075395062
966.5915091891403,0.3904646136048392
966.6915091891403,0.3946308230968882
966.7915091891404,0.39872712131147037
966.8915091891404,0.40275042121836724
966.9915091891404,0.406697667307356
967.0915091891404,0.41056583942818475
967.1915091891404,0.414351956617793
967.2915091891405,0.41805308090803583
967.3915091891405,0.421666321107146
967.4915091891405,0.42518883654815676
967.5915091891405,0.4286178407975135
967.6915091891406,0.43195060531712465
967.7915091891406,0.43518446307313463
967.8915091891406,0.43831681208475987
967.9915091891406,0.44134511890659106
968.0915091891407,0.44426692203785256
968.1915091891407,0.44707983525220646
968.2915091891407,0.4497815508418071
968.3915091891407,0.4523698427694367
968.4915091891407,0.4548425697227035
968.5915091891408,0.4571976780644396
968.6915091891408,0.45943320467361215
968.7915091891408,0.46154727967124914
968.8915091891408,0.46353812902608327
968.9915091891409,0.4654040770348327
969.0915091891409,0.46714354867226665
969.1915091891409,0.4687550718064411
969.2915091891409,0.47023727927474535
969.391509189141,0.4715889108166612
969.491509189141,0.47280881485940957
969.591509189141,0.47389595015294317
969.691509189141,0.47484938725103654
969.791509189141,0.4756683098355228
969.8915091891411,0.4763520158810381
969.9915091891411,0.4768999186579454
970.0915091891411,0.4773115475714332
970.1915091891411,0.47758654883510837
970.2915091891412,0.4777246859777346
970.3915091891412,0.47771451062187886
970.4915091891412,0.4774857409043933
970.5915091891412,0.4770265887274554
970.6915091891412,0.4763377189109624
970.7915091891413,0.47542012808905576
970.8915091891413,0.474275142307347
970.9915091891413,0.47290441382957393
971.0915091891413,0.4713099171644504
971.1915091891414,0.4694939443260846
971.2915091891414,0.46745909934388963
971.3915091891414,0.46520829204039404
971.4915091891414,0.46274473109776265
971.5915091891414,0.460071916436152
971.6915091891415,0.457193630929238
971.7915091891415,0.45411393148436263
971.8915091891415,0.4508371395167318
971.9915091891415,0.4473678308489643
972.0915091891416,0.4437108250690232
972.1915091891416,0.4398711743811544
972.2915091891416,0.43585415198590527
972.3915091891416,0.4316652400265979
972.4915091891417,0.42731011714077166
972.5915091891417,0.42279464565610203
972.6915091891417,0.4181248584711224
972.7915091891417,0.4133069456617436
972.8915091891417,0.40834724085506047
972.9915091891418,0.4032522074122717
973.0915091891418,0.3980284244627067
973.1915091891418,0.39268257283096103
973.2915091891418,0.3872214208989862
973.3915091891419,0.38165181044466673
973.4915091891419,0.3759806424979484
973.5915091891419,0.37021486325496067
973.6915091891419,0.3643614500898114
973.791509189142,0.35842739770282345
973.891509189142,0.35241970444293835
973.991509189142,0.34634535884084483
974.091509189142,0.3402113263880933
974.191509189142,0.3340245365960521
974.2915091891421,0.3277918703670482
974.3915091891421,0.32152014770842496
974.4915091891421,0.3152161158185474
974.5915091891421,0.3088864375720091
974.6915091891422,0.3025376804294396
974.7915091891422,0.2961763057954013
974.8915091891422,0.28980865884589907
974.9915091891422,0.2834409588450164
975.0915091891422,0.27707928996815256
975.1915091891423,0.27072959264726815
975.2915091891423,0.26439765545146865
975.3915091891423,0.25808910751416847
975.4915091891423,0.2518094115159999
975.5915091891424,0.2455638572305586
975.6915091891424,0.2393575556380365
975.7915091891424,0.23319543360976788
975.8915091891424,0.22708222916474124
975.9915091891424,0.22102248729719087
976.0915091891425,0.21502055637249948
976.1915091891425,0.20908058508682215
976.2915091891425,0.20320651998407988
976.3915091891425,0.19740210352228743
976.4915091891426,0.19167087267956637
976.5915091891426,0.18601615808866637
976.6915091891426,0.18044108368737308
976.7915091891426,0.17494856687082652
976.8915091891427,0.16954131913051082
976.9915091891427,0.16422184716350974
977.0915091891427,0.15899245443455295
977.1915091891427,0.1538552431724063
977.2915091891427,0.1488121167812898
977.3915091891428,0.14386478264723643
977.4915091891428,0.13901475531863616
977.5915091891428,0.13426336003964134
977.6915091891428,0.12961173661463987
977.7915091891429,0.12506084358163316
977.8915091891429,0.12061146267208045
977.9915091891429,0.11626420353459296
978.0915091891429,0.1120195086997733
978.191509189143,0.10787765876349746
978.291509189143,0.10383877776602478
978.391509189143,0.099902838744491
978.491509189143,0.09606966943659019
978.591509189143,0.0923389581135741
978.6915091891431,0.08871025952109297
978.7915091891431,0.08518300090686408
978.8915091891431,0.08175648811467581
978.9915091891431,0.07842991172481681
979.0915091891432,0.07520235322165261
979.1915091891432,0.07207279116975293
979.2915091891432,0.0690401073806963
979.3915091891432,0.06610309305344142
979.4915091891432,0.06326045487194959
979.5915091891433,0.06051082104456648
979.6915091891433,0.05785274727051982
979.7915091891433,0.05528472261975622
979.8915091891433,0.052805175313222714
979.9915091891434,0.05041247839159067
980.0915091891434,0.04810495526131854
980.1915091891434,0.0458808851078495
980.2915091891434,0.04373850816664042
980.3915091891434,0.04167603084360967
980.4915091891435,0.0396916306774767
980.5915091891435,0.03778346113733716
980.6915091891435,0.03594965624967322
980.7915091891435,0.03418833504983637
980.8915091891436,0.032497605853856144
980.9915091891436,0.03087557034722096
981.0915091891436,0.02932032748804374
981.1915091891436,0.02782997722276462
981.2915091891437,0.02640262401325193
981.3915091891437,0.02503638017484126
981.4915091891437,0.023729369025498208
981.5915091891437,0.02247972784690293
981.6915091891437,0.021285610658832405
981.7915091891438,0.020145190808759324
981.8915091891438,0.01905666337909417
981.9915091891438,0.018018247414967714
982.0915091891438,0.0170281879758881
982.1915091891439,0.01608475801500497
982.2915091891439,0.015186260090078426
982.3915091891439,0.014331027910578737
982.4915091891439,0.013517427725637276
982.591509189144,0.012743859557829302
982.691509189144,0.012008758287996132
982.791509189144,0.011310594596508978
982.891509189144,0.010647875766539994
982.991509189144,0.010019146355039274
983.0915091891441,0.0094229887372206
983.1915091891441,0.008858023530434987
983.2915091891441,0.00832290990336094
983.3915091891441,0.00781634577646488
983.4915091891442,0.007337067919686066
983.5915091891442,0.006883851953279009
983.6915091891442,0.006455512257703664
983.7915091891442,0.0060509017983921415
983.8915091891442,0.005668911871140547
983.9915091891443,0.005308471773778272
984.0915091891443,0.0049685484096552626
984.1915091891443,0.0046481458283626825
984.2915091891443,0.004346304708964456
984.3915091891444,0.004062101790868801
984.4915091891444,0.0037946492573103204
984.5915091891444,0.0035430940762467477
984.6915091891444,0.0033066173033005136
984.7915091891444,0.0030844333511956994
984.8915091891445,0.002875789229956306
984.9915091891445,0.002679963761943714
985.0915091891445,0.0024962667756202412
985.1915091891445,0.0023240382817331933
985.2915091891446,0.0021626476354205523
985.3915091891446,0.0020114926875461625
985.4915091891446,0.0018699989283800713
985.5915091891446,0.0017376186265489922
985.6915091891447,0.0016138299659935519
985.7915091891447,0.0014981361834836956
985.8915091891447,0.0013900647090617274
985.9915091891447,0.0012891663116047795
986.0915091891447,0.0011950142515251964
986.1915091891448,0.0011072034424589466
986.2915091891448,0.0010253496236291093
986.3915091891448,0.0009490885444139121
986.4915091891448,0.0008780751624970726
986.5915091891449,0.0008119828568324876
986.6915091891449,0.0007505026565157981
986.7915091891449,0.000693342486522159
986.8915091891449,0.0006402264311427097
986.991509189145,0.0005908940158319323
987.091509189145,0.0005450995080641323
987.191509189145,0.0005026112376898933
987.291509189145,0.0004632109371822838
987.391509189145,0.0004266931020679032
987.4915091891451,0.00039286437174941563
987.5915091891451,0.0003615429308438594
987.6915091891451,0.00033255793108471056
987.7915091891451,0.0003057489337651583
987.8915091891452,0.0002809653726352195
987.9915091891452,0.0002580660371060038
988.0915091891452,0.0002369185755603691
988.1915091891452,0.00021739901852028818
988.2915091891452,0.0001993913213771948
988.3915091891453,0.00018278692635218959
988.4915091891453,0.0001674843433180893
988.5915091891453,0.0001533887490846113
988.6915091891453,0.0001404116047213314
988.7915091891454,0.00012847029047017653
988.8915091891454,0.00011748775777992566
988.9915091891454,0.00010739219797923433
989.0915091891454,9.811672709190187e-05
989.1915091891454,8.959908628819982e-05
989.2915091891455,8.178135745892014e-05
989.3915091891455,7.460969339413318e-05
989.4915091891455,6.803406204630519e-05
989.5915091891455,6.200800435720399e-05
989.6915091891456,5.648840512974066e-05
989.7915091891456,5.143527642938256e-05
989.8915091891456,4.681155300484643e-05
989.9915091891456,4.2582899224295774e-05
990.0915091891457,3.871752703105458e-05
990.1915091891457,3.51860244317676e-05
990.2915091891457,3.196119403985748e-05
990.3915091891457,2.901790120790075e-05
990.4915091891457,2.6332931294065517e-05
990.5915091891458,2.3884855619895522e-05
990.6915091891458,2.1653905689385137e-05
990.7915091891458,1.962185525236707e-05
990.8915091891458,1.7771909808638292e-05
990.9915091891459,1.608860316289137e-05
991.0915091891459,1.4557700654320808e-05
991.1915091891459,1.3166108698665062e-05
991.2915091891459,1.190179029435941e-05
991.391509189146,1.0753686158350633e-05
991.491509189146,9.711641170910977e-06
991.591509189146,8.766335822435361e-06
991.691509189146,7.909222368670081e-06
991.791509189146,7.132465414065673e-06
991.8915091891461,6.428886655936262e-06
991.9915091891461,5.7919135348159635e-06
992.0915091891461,5.215531548801957e-06
992.1915091891461,4.694240001745611e-06
992.2915091891462,4.223010966877472e-06
992.3915091891462,3.79725125881672e-06
992.4915091891462,3.4127672179087183e-06
992.5915091891462,3.0657321214476223e-06
992.6915091891462,2.7526560465687936e-06
992.7915091891463,2.4703580194348747e-06
992.8915091891463,2.215940294787901e-06
992.9915091891463,1.9867646189994565e-06
993.0915091891463,1.7804303384226795e-06
993.1915091891464,1.5947542231391377e-06
993.2915091891464,1.427751884104187e-06
993.3915091891464,1.2776206692340377e-06
993.4915091891464,1.1427239311527183e-06
993.5915091891464,1.0215765661368081e-06
993.6915091891465,9.128317302685599e-07
993.7915091891465,8.152686449440929e-07
993.8915091891465,7.277814096926052e-07
993.9915091891465,6.493687457560512e-07
994.0915091891466,5.791245990670752e-07
994.1915091891466,5.162295361576891e-07
994.2915091891466,4.599428711433617e-07
994.3915091891466,4.0959546626844807e-07
994.4915091891467,3.64583152580461e-07
994.5915091891467,3.2436072113415583e-07
994.6915091891467,2.884364387228188e-07
994.7915091891467,2.563670455048763e-07
994.8915091891467,2.2775319504965234e-07
994.9915091891468,2.0223530027775424e-07
995.0915091891468,1.7948975152943506e-07
995.1915091891468,1.5922547556865438e-07
995.2915091891468,1.4118080673129977e-07
995.3915091891469,1.2512064366269007e-07
995.4915091891469,1.1083386717134645e-07
995.5915091891469,9.813099666198231e-08
995.6915091891469,8.684206440929163e-08
995.791509189147,7.681468860366329e-08
995.891509189147,6.791232764825787e-08
995.991509189147,6.001269962150224e-08
996.091509189147,5.3006352147178617e-08
996.191509189147,4.6795369142712894e-08
996.2915091891471,4.129220205155163e-08
996.3915091891471,3.6418614213798964e-08
996.4915091891471,3.21047279964222e-08
996.5915091891471,2.828816519588032e-08
996.6915091891472,2.491327204718825e-08
996.7915091891472,2.1930420929155597e-08
996.8915091891472,1.929538155047741e-08
996.9915091891472,1.696875503987378e-08
997.0915091891472,1.4915464949697814e-08
997.1915091891473,1.310429972020267e-08
997.2915091891473,1.1507501644604953e-08
997.3915091891473,1.0100397826577836e-08
997.4915091891473,8.861069035026721e-09
997.5915091891474,7.770052738887206e-09
997.6915091891474,6.810076950007728e-09
997.7915091891474,5.965821817492904e-09
997.8915091891474,5.223706204587864e-09
997.9915091891475,4.571696741494825e-09
998.0915091891475,3.999137086494709e-09
998.1915091891475,3.4965953453140755e-09
998.2915091891475,3.055727796601855e-09
998.3915091891475,2.6691572513051217e-09
998.4915091891476,2.3303645371749976e-09
998.5915091891476,2.0335917479959096e-09
998.6915091891476,1.7737560317084797e-09
998.7915091891476,1.546372813581088e-09
998.8915091891477,1.3474874610778332e-09
998.9915091891477,1.1736144970827991e-09
999.0915091891477,1.0216835586020605e-09
999.1915091891477,8.889913798312949e-10
999.2915091891477,7.731591523313109e-10
999.3915091891478,6.720946817165696e-10
999.4915091891478,5.839588203904911e-10
999.5915091891478,5.071357100600589e-10
999.6915091891478,4.402064165814882e-10
999.7915091891479,3.81925583633133e-10
999.8915091891479,3.3120077124053204e-10
999.9915091891479,2.8707418071187865e-10
1000.0915091891479,2.4870649946194066e-10
1000.191509189148,2.1536262785717557e-10
1000.291509189148,1.8639907592101902e-10
1000.391509189148,1.612528407842233e-10
1000.491509189148,1.3943159641219278e-10
1000.591509189148,1.205050456270094e-10
1000.6915091891481,1.0409730098155453e-10
1000.7915091891481,8.988017583200113e-11
1000.8915091891481,7.75672801695943e-11
1000.9915091891481,6.690882757295969e-11
1001.0915091891482,5.7687070172692046e-11
1001.1915091891482,4.971228791120192e-11
1001.2915091891482,4.2819266750614284e-11
1001.3915091891482,3.686420793617754e-11
1001.4915091891482,3.1722017057962364e-11
1001.5915091891483,2.7283927555882032e-11
1001.6915091891483,2.345541855987262e-11
1001.7915091891483,2.0154391618266062e-11
1001.8915091891483,1.7309575005689135e-11
1001.9915091891484,1.4859127973572104e-11
1002.0915091891484,1.2749420562081919e-11
1002.1915091891484,1.093396747733625e-11
1002.2915091891484,9.37249709269346e-12
1002.3915091891485,8.03013889411675e-12
1002.4915091891485,6.876714689584165e-12
1002.5915091891485,5.886120670348599e-12
1002.6915091891485,5.035788973505694e-12
1002.7915091891485,4.306218774004639e-12
1002.8915091891486,3.6805681506136465e-12
1002.9915091891486,3.144299042878097e-12
1003.0915091891486,2.684868561213392e-12
1003.1915091891486,2.2914607445811035e-12
1003.2915091891487,1.9547535927233135e-12
1003.3915091891487,1.66671684423878e-12
1003.4915091891487,1.4204365381586165e-12
1003.5915091891487,1.209962894238638e-12
1003.6915091891487,1.0301784840283311e-12
1003.7915091891488,8.766840480769566e-13
1003.8915091891488,7.456996507570063e-13
1003.9915091891488,6.339791587511343e-13
1004.0915091891488,5.387362872443617e-13
1004.1915091891489,4.575806836920778e-13
1004.2915091891489,3.884627165881374e-13
1004.3915091891489,3.2962580937321203e-13
1004.4915091891489,2.7956531053347696e-13
1004.591509189149,2.3699302271845903e-13
1004.691509189149,2.008066287109328e-13
1004.791509189149,1.7006335238687648e-13
1004.891509189149,1.4395728023639067e-13
1004.991509189149,1.2179984518390924e-13
1005.0915091891491,1.0300304076023536e-13
1005.1915091891491,8.706499138045854e-14
1005.2915091891491,7.355755465963144e-14
