957.6915091891383,0.9721577942027336
957.7915091891383,0.9739293712558719
957.8915091891383,0.9757512991482009
957.9915091891384,0.9776243518014851
958.0915091891384,0.979549286496819
958.1915091891384,0.9815268423880998
958.2915091891384,0.9835577389883604
958.3915091891384,0.9856426746306407
958.4915091891385,0.9877823249051844
958.5915091891385,0.9899773410748604
958.6915091891385,0.9922283484708201
958.7915091891385,0.9945359448705121
958.8915091891386,0.9969006988602844
958.9915091891386,0.9993231481849127
959.0915091891386,1.0018037980864993
959.1915091891386,1.004343119635292
959.2915091891387,1.0069415480550727
959.3915091891387,1.0095994810458626
959.4915091891387,1.012317277106794
959.5915091891387,1.0150952538620779
959.6915091891387,1.017933686393099
959.7915091891388,1.0208328055797424
959.8915091891388,1.023792796454143
959.9915091891388,1.0268137965701172
960.0915091891388,1.0298958943916143
960.1915091891389,1.0330391277035764
960.2915091891389,1.036243482048665
960.3915091891389,1.0395088891933573
960.4915091891389,1.0428352256269606
960.591509189139,1.0462223110971338
960.691509189139,1.049669907185532
960.791509189139,1.053177715927214
960.891509189139,1.0567453784774725
960.991509189139,1.0603724738297453
961.0915091891391,1.064058517588273
961.1915091891391,1.0678029607991524
961.2915091891391,1.0716051888434217
961.3915091891391,1.0754645203957833
961.4915091891392,1.0793802064525322
961.5915091891392,1.0833514294322157
961.6915091891392,1.087377302352493
961.7915091891392,1.091456868086598
961.8915091891392,1.0955890987027335
961.9915091891393,1.099772894889648
962.0915091891393,1.1040070854715398
962.1915091891393,1.108290427015343
962.2915091891393,1.1126216035333292
962.3915091891394,1.1169992262838382
962.4915091891394,1.1214218336728214
962.5915091891394,1.1258878912587356
962.6915091891394,1.1303957918631793
962.7915091891394,1.1349438557895013
962.8915091891395,1.1395303311514433
962.9915091891395,1.1441533943137017
963.0915091891395,1.1488111504461094
963.1915091891395,1.153501634192943
963.2915091891396,1.1582228104586614
963.3915091891396,1.162972575311174
963.4915091891396,1.1677487570035185
963.5915091891396,1.1725491171146114
963.6915091891397,1.1773713518094995
963.7915091891397,1.1822130932193158
963.8915091891397,1.1870719109408974
963.9915091891397,1.1919453136557814
964.0915091891397,1.1968307508680507
964.1915091891398,1.2017256147602478
964.2915091891398,1.2066272421663204
964.3915091891398,1.2115329166603093
964.4915091891398,1.2164398707592297
964.5915091891399,1.221345288238338
964.6915091891399,1.2262463065567175
964.7915091891399,1.231140019390859
964.8915091891399,1.2360234792736515
964.99150918914,1.2408937003359426
965.09150918914,1.2457476611475797
965.19150918914,1.2505823076545826
965.29150918914,1.2553945562088582
965.39150918914,1.2601812966866255
965.4915091891401,1.2649393956914747
965.5915091891401,1.269665699837762
965.6915091891401,1.2743570391098085
965.7915091891401,1.279010230292159
965.8915091891402,1.2836220804659422
965.9915091891402,1.2881893905661768
966.0915091891402,1.292708958994672
966.1915091891402,1.2971775852829894
966.2915091891402,1.3015920737997628
966.3915091891403,1.3059492374965074
966.4915091891403,1.3102459016859058
966.5915091891403,1.3144789078464152
966.6915091891403,1.3186451174469178
966.7915091891404,1.3227414157850252
966.8915091891404,1.3267647158325475
966.9915091891404,1.3307119620815548
967.0915091891404,1.3345801343843846
967.1915091891404,1.3383662517808992
967.2915091891405,1.342067376306252
967.3915091891405,1.3456806167723958
967.4915091891405,1.349203132516556
967.5915091891405,1.3526321371099028
967.6915091891406,1.3559649020196631
967.7915091891406,1.3591987602179691
967.8915091891406,1.3623311097307724
967.9915091891406,1.3653594171202368
968.0915091891407,1.3682812208940982
968.1915091891407,1.3710941348355785
968.2915091891407,1.3737958512475654
968.3915091891407,1.376384144104886
968.4915091891407,1.3788568721086576
968.5915091891408,1.3812119816368555
968.6915091891408,1.3834475095854155
968.7915091891408,1.3855615860943682
968.8915091891408,1.3875524371537158
968.9915091891409,1.3894183870839734
969.0915091891409,1.391157860886519
969.1915091891409,1.3927693864591482
969.2915091891409,1.3942515966724716
969.391509189141,1.3956032313030629
969.491509189141,1.3968231388195358
969.591509189141,1.397910278018011
969.691509189141,1.398863719503733
969.791509189141,1.3996826470158843
969.8915091891411,1.4003663585929709
969.9915091891411,1.4009142675764499
970.0915091891411,1.4013259034506058
970.1915091891411,1.4016009125169993
970.2915091891412,1.4017390584021474
970.3915091891412,1.4017288928372063
970.4915091891412,1.4015001340795932
970.5915091891412,1.4010409941652786
970.6915091891412,1.400352138062555
970.7915091891413,1.3994345625700726
970.8915091891413,1.39828959391572
970.9915091891413,1.3969188845650962
971.0915091891413,1.3953244092503492
971.1915091891414,1.3935084602327723
971.2915091891414,1.3914736418151
971.3915091891414,1.3892228641219235
971.4915091891414,1.3867593361690647
971.5915091891414,1.3840865582450415
971.6915091891415,1.3812083136299986
971.7915091891415,1.3781286596795612
971.8915091891415,1.374851918303079
971.9915091891415,1.371382665867582
972.0915091891416,1.3677257225605164
972.1915091891416,1.3638861412459062
972.2915091891416,1.35986919585006
972.3915091891416,1.3556803693142245
972.4915091891417,1.3513253411527442
972.5915091891417,1.3468099746562718
972.6915091891417,1.3421403037804052
972.7915091891417,1.337322519760789
972.8915091891417,1.332362957496224
972.9915091891418,1.3272680817416613
973.0915091891418,1.322044473153138
973.1915091891418,1.316698814226709
973.2915091891418,1.3112378751732932
973.3915091891419,1.3056684997710306
973.4915091891419,1.299997591236291
973.5915091891419,1.2942320981538509
973.6915091891419,1.2883790005059998
973.791509189142,1.2824452958394348
973.891509189142,1.2764379856077532
973.991509189142,1.2703640617262046
974.091509189142,1.2642304933740593
974.191509189142,1.2580442140785566
974.2915091891421,1.2518121091128909
974.3915091891421,1.245541003239081
974.4915091891421,1.2392376488248813
974.5915091891421,1.2329087143621131
974.6915091891422,1.226560773411956
974.7915091891422,1.2202002940008256
974.8915091891422,1.213833628488509
974.9915091891422,1.2074670039282287
975.0915091891422,1.2011065129362648
975.1915091891423,1.194758105086715
975.2915091891423,1.1884275788448908
975.3915091891423,1.182120574050772
975.4915091891423,1.1758425649618736
975.5915091891424,1.1695988538628035
975.6915091891424,1.1633945652467625
975.7915091891424,1.1572346405722167
975.8915091891424,1.1511238335960023
975.9915091891424,1.1450667062821942
976.0915091891425,1.1390676252841898
976.1915091891425,1.1331307589956419
976.2915091891425,1.12726007516412
976.3915091891425,1.1214593390597
976.4915091891426,1.1157321121890682
976.5915091891426,1.1100817515442036
976.6915091891426,1.1045114093732615
976.7915091891426,1.099024033459925
976.8915091891427,1.093622367896231
976.9915091891427,1.08830895433271
977.0915091891427,1.0830861336886128
977.1915091891427,1.077956048304012
977.2915091891427,1.0729206445147121
977.3915091891428,1.0679816756301066
977.4915091891428,1.0631407052934643
977.5915091891428,1.0583991112035385
977.6915091891428,1.0537580891759242
977.7915091891429,1.049218657522203
977.8915091891429,1.0447816617246306
977.9915091891429,1.0404477793839335
978.0915091891429,1.0362175254176718
978.191509189143,1.0320912574866152
978.291509189143,1.028069181626649
978.391509189143,1.0241513580638673
978.491509189143,1.0203377071907522
978.591509189143,1.0166280156816176
978.6915091891431,1.01302194272588
978.7915091891431,1.0095190263581386
978.8915091891431,1.0061186898645404
978.9915091891431,1.0028202482454538
979.0915091891432,0.9996229147150639
979.1915091891432,0.996525807219145
979.2915091891432,0.9935279549529478
979.3915091891432,0.990628304861849
979.4915091891432,0.9878257281081622
979.5915091891433,0.985119026488276
979.6915091891433,0.9825069387850832
979.7915091891433,0.9799881470414665
979.8915091891433,0.9775612827414351
979.9915091891434,0.9752249328863288
980.0915091891434,0.972977645954343
980.1915091891434,0.9708179377324541
980.2915091891434,0.9687442970106568
980.3915091891434,0.9667551911292409
980.4915091891435,0.9648490713706415
980.5915091891435,0.9630243781881909
980.6915091891435,0.9612795462648769
980.7915091891435,0.9596130093959615
980.8915091891436,0.9580232051900522
980.9915091891436,0.9565085795839201
981.0915091891436,0.955067591167042
981.1915091891436,0.9536987153124934
981.2915091891437,0.9524004481114408
981.3915091891437,0.9511713101090711
981.4915091891437,0.950009849840355
981.5915091891437,0.9489146471645638
981.6915091891437,0.9478843163979517
981.7915091891438,0.9469175092444724
981.8915091891438,0.9460129175248233
981.9915091891438,0.9451692757044998
982.0915091891438,0.9443853632219005
982.1915091891439,0.9436600066178478
982.2915091891439,0.9429920814681833
982.3915091891439,0.9423805141213554
982.4915091891439,0.9418242832431556
982.591509189144,0.9413224211709572
982.691509189144,0.940874015079992
982.791509189144,0.940478207964351
982.891509189144,0.9401341994355222
982.991509189144,0.9398412463413851
983.0915091891441,0.9395986632086669
983.1915091891441,0.9394058225119322
983.2915091891441,0.9392621547722271
983.3915091891441,0.9391671484885373
983.4915091891442,0.9391203499052407
983.5915091891442,0.9391213626187469
983.6915091891442,0.9391698470265225
983.7915091891442,0.939265519621697
983.8915091891442,0.939408152136436
983.9915091891443,0.9395975705372607
984.0915091891443,0.9398336538754775
984.1915091891443,0.9401163329958783
984.2915091891443,0.9404455891068567
984.3915091891444,0.9408214522150895
984.4915091891444,0.9412439994279304
984.5915091891444,0.9417133531266779
984.6915091891444,0.9422296790138946
984.7915091891444,0.9427931840379864
984.8915091891445,0.9434041141982906
984.9915091891445,0.9440627522339734
985.0915091891445,0.9447694152001034
985.1915091891445,0.9455244519343472
985.2915091891446,0.9463282404178273
985.3915091891446,0.9471811850337887
985.4915091891446,0.9480837137278486
985.5915091891446,0.9490362750737378
985.6915091891447,0.950039335248599
985.7915091891447,0.951093374922077
985.8915091891447,0.9521988860636179
985.9915091891447,0.9533563686725918
986.0915091891447,0.95456632743607
986.1915091891448,0.9558292683193067
986.2915091891448,0.9571456950942157
986.3915091891448,0.9585161058113774
986.4915091891448,0.9599409892213732
986.5915091891449,0.9614208211515031
986.6915091891449,0.9629560608442229
986.7915091891449,0.9645471472639092
986.8915091891449,0.9661944953788443
986.991509189145,0.9678984924255991
987.091509189145,0.9696594941632711
987.191509189145,0.9714778211253208
987.291509189145,0.9733537548770245
987.391509189145,0.9752875342868355
987.4915091891451,0.977279351820209
987.5915091891451,0.979329349864697
987.6915091891451,0.9814376170953635
987.7915091891451,0.9836041848897956
987.8915091891452,0.9858290238021914
987.9915091891452,0.9881120401062015
988.0915091891452,0.9904530724163624
988.1915091891452,0.992851888398111
988.2915091891452,0.9953081815764824
988.3915091891453,0.9978215682536884
988.4915091891453,1.0003915845458349
988.5915091891453,1.0030176835490627
988.6915091891453,1.0056992326453982
988.7915091891454,1.0084355109585552
988.8915091891454,1.0112257069698602
988.9915091891454,1.0140689163043553
989.0915091891454,1.0169641396969806
989.1915091891454,1.0199102811485519
989.2915091891455,1.0229061462810036
989.3915091891455,1.025950440901102
989.4915091891455,1.0290417697815109
989.5915091891455,1.0321786356677294
989.6915091891456,1.035359438519021
989.7915091891456,1.0385824749910069
989.8915091891456,1.041845938167102
989.9915091891456,1.0451479175454514
990.0915091891457,1.0484863992874451
990.1915091891457,1.0518592667332791
990.2915091891457,1.0552643011893867
990.3915091891457,1.0586991829918677
990.4915091891457,1.062161492849327
990.5915091891458,1.0656487134677761
990.6915091891458,1.0691582314594599
990.7915091891458,1.0726873395366603
990.8915091891458,1.0762332389906815
990.9915091891459,1.0797930424553521
991.0915091891459,1.0833637769535012
991.1915091891459,1.086942387223948
991.2915091891459,1.0905257393256365
991.391509189146,1.09411062451461
991.491509189146,1.0976937633885868
991.591509189146,1.1012718102929546
991.691509189146,1.1048413579810652
991.791509189146,1.1083989425207732
991.8915091891461,1.111941048438234
991.9915091891461,1.1154641140890633
992.0915091891461,1.1189645372460655
992.1915091891461,1.1224386808918496
992.2915091891462,1.1258828792038114
992.3915091891462,1.1292934437181261
992.4915091891462,1.1326666696586107
992.5915091891462,1.1359988424155523
992.6915091891462,1.1392862441588916
992.7915091891463,1.1425251605694755
992.8915091891463,1.1457118876714671
992.9915091891463,1.1488427387484361
993.0915091891463,1.1519140513251258
993.1915091891464,1.1549221941964385
993.2915091891464,1.1578635744847752
993.3915091891464,1.1607346447065332
993.4915091891464,1.1635319098282813
993.5915091891464,1.1662519342929365
993.6915091891465,1.168891348996121
993.7915091891465,1.1714468581928132
993.8915091891465,1.1739152463144071
993.9915091891465,1.1762933846763726
994.0915091891466,1.1785782380568572
994.1915091891466,1.1807668711267878
994.2915091891466,1.1828564547123266
994.3915091891466,1.1848442718709038
994.4915091891467,1.1867277237624805
994.5915091891467,1.1885043352982112
994.6915091891467,1.190171760549245
994.7915091891467,1.1917277878990518
994.8915091891467,1.193170344923368
994.9915091891468,1.1944975029826275
995.0915091891468,1.1957074815125723
995.1915091891468,1.1967986519996296
995.2915091891468,1.1977695416285767
995.3915091891469,1.198618836591015
995.4915091891469,1.1993453850441995
995.5915091891469,1.1999481997108623
995.6915091891469,1.2004264601117758
995.791509189147,1.2007795144239548
995.891509189147,1.2010068809585774
995.991509189147,1.2011082492539042
996.091509189147,1.2010867579622984
996.191509189147,1.2009520494896142
996.2915091891471,1.2007049115449069
996.3915091891471,1.2003456451646792
996.4915091891471,1.1998746876957473
996.5915091891471,1.1992926119068765
996.6915091891472,1.1986001248269205
996.7915091891472,1.1977980663127472
996.8915091891472,1.1968874073510003
996.9915091891472,1.195869248098493
997.0915091891472,1.194744815666761
997.1915091891473,1.1935154616570118
997.2915091891473,1.1921826594523903
997.3915091891473,1.1907480012751503
997.4915091891473,1.189213195016951
997.5915091891474,1.1875800608511047
997.6915091891474,1.185850527636172
997.7915091891474,1.184026629120849
997.8915091891474,1.1821104999605851
997.9915091891475,1.180104371556847
998.0915091891475,1.1780105677303656
998.1915091891475,1.1758315002400996
998.2915091891475,1.1735696641599926
998.3915091891475,1.1712276331259073
998.4915091891476,1.168808054465391
998.5915091891476,1.1663136442231388
998.6915091891476,1.1637471820952028
998.7915091891476,1.1611115062851303
998.8915091891477,1.1584095082952985
998.9915091891477,1.1556441276667655
999.0915091891477,1.1528183466809507
999.1915091891477,1.1499351850364277
999.2915091891477,1.1469976945140177
999.3915091891478,1.1440089536432556
999.4915091891478,1.1409720623831292
999.5915091891478,1.13789013682979
999.6915091891478,1.1347663039636893
999.7915091891479,1.1316036964483107
999.8915091891479,1.1284054474923577
999.9915091891479,1.1251746857869014
1000.0915091891479,1.1219145305286156
1000.191509189148,1.118628086539808
1000.291509189148,1.115318439495525
1000.391509189148,1.1119886512675337
1000.491509189148,1.1086417553944947
1000.591509189148,1.1052807526871342
1000.6915091891481,1.1019086069766812
1000.7915091891481,1.0985282410142951
1000.8915091891481,1.0951425325286395
1000.9915091891481,1.0917543104481828
1001.0915091891482,1.0883663512942179
1001.1915091891482,1.0849813757499949
1001.2915091891482,1.0816020454107675
1001.3915091891482,1.0782309597189346
1001.4915091891482,1.0748706530878667
1001.5915091891483,1.071523592217391
1001.6915091891483,1.068192173603312
1001.7915091891483,1.0648787212427446
1001.8915091891483,1.0615854845364492
1001.9915091891484,1.058314636388773
1002.0915091891484,1.0550682715052422
1002.1915091891484,1.051848404887279
1002.2915091891484,1.04865697052299
1002.3915091891485,1.045495820272436
1002.4915091891485,1.0423667229452926
1002.5915091891485,1.0392713635683188
1002.6915091891485,1.0362113428395834
1002.7915091891485,1.0331881767659532
1002.8915091891486,1.0302032964799257
1002.9915091891486,1.0272580482314806
1003.0915091891486,1.0243536935502604
1003.1915091891486,1.021491409573032
1003.2915091891487,1.018672289531058
1003.3915091891487,1.015897343391709
1003.4915091891487,1.013167498648378
1003.5915091891487,1.0104836012525098
1003.6915091891487,1.0078464166813392
1003.7915091891488,1.0052566311347466
1003.8915091891488,1.0027148528544696
1003.9915091891488,1.0002216135587698
1004.0915091891488,0.9977773699855526
1004.1915091891489,0.9953825055368354
1004.2915091891489,0.9930373320174191
1004.3915091891489,0.9907420914605621
1004.4915091891489,0.9884969580334628
1004.591509189149,0.9863020400153529
1004.691509189149,0.9841573818410517
1004.791509189149,0.982062966202877
1004.891509189149,0.9800187162038932
1004.991509189149,0.9780244975555694
1005.0915091891491,0.976080120813037
1005.1915091891491,0.9741853436412719
1005.2915091891491,0.9723398731056732
