957.6915091891383,8.266293276268187e-16
957.7915091891383,9.840158782823314e-16
957.8915091891383,1.1708349412078727e-15
957.9915091891384,1.3924881694429338e-15
958.0915091891384,1.6553492060846014e-15
958.1915091891384,1.9669349935410117e-15
958.2915091891384,2.336106620315095e-15
958.3915091891384,2.7733046811150133e-15
958.4915091891385,3.2908249437627135e-15
958.5915091891385,3.903141064892577e-15
958.6915091891385,4.6272821961435155e-15
958.7915091891385,5.483274596862359e-15
958.8915091891386,6.494657845182821e-15
958.9915091891386,7.689087947666762e-15
959.0915091891386,9.099041624050586e-15
959.1915091891386,1.0762638328840557e-14
959.2915091891387,1.2724599212380071e-14
959.3915091891387,1.5037365274275327e-14
959.4915091891387,1.776240048325482e-14
959.5915091891387,2.097170970015599e-14
959.6915091891387,2.474960592546619e-14
959.7915091891388,2.919476679202727e-14
959.8915091891388,3.442262644268591e-14
959.9915091891388,4.056815609246784e-14
960.0915091891388,4.778909481301005e-14
960.1915091891389,5.6269701550718893e-14
960.2915091891389,6.622511027877353e-14
960.3915091891389,7.790638269107614e-14
960.4915091891389,9.160636720649468e-14
960.591509189139,1.0766648952942483e-13
960.691509189139,1.2648461890958174e-13
960.791509189139,1.4852417590324717e-13
960.891509189139,1.7432467224990987e-13
960.991509189139,2.0451390188549306e-13
961.0915091891391,2.398220346190198e-13
961.1915091891391,2.810979011742215e-13
961.2915091891391,3.2932780078818646e-13
961.3915091891391,3.8565721109861483e-13
961.4915091891392,4.5141583546980265e-13
961.5915091891392,5.281464861442936e-13
961.6915091891392,6.17638373724932e-13
961.7915091891392,7.219654556915152e-13
961.8915091891392,8.435305902940253e-13
961.9915091891393,9.851163487719719e-13
962.0915091891393,1.1499434601541491e-12
962.1915091891393,1.3417380008436737e-12
962.2915091891393,1.5648085979833562e-12
962.3915091891394,1.82413509369958e-12
962.4915091891394,2.125470319518165e-12
962.5915091891394,2.4754568596635757e-12
962.6915091891394,2.881760942107056e-12
962.7915091891394,3.353225891069853e-12
962.8915091891395,3.9000479086467525e-12
962.9915091891395,4.533977331264212e-12
963.0915091891395,5.268548934401185e-12
963.1915091891395,6.1193453426229124e-12
963.2915091891396,7.104298148498904e-12
963.3915091891396,8.244031961218488e-12
963.4915091891396,9.562257302425597e-12
963.5915091891396,1.1086219052738607e-11
963.6915091891397,1.2847208038512854e-11
963.7915091891397,1.488114434682065e-11
963.8915091891397,1.7229242080933943e-11
963.9915091891397,1.9938766533936106e-11
964.0915091891397,2.3063896181306428e-11
964.1915091891398,2.6666703493155404e-11
964.2915091891398,3.081827036410311e-11
964.3915091891398,3.55999559767494e-11
964.4915091891398,4.110483717901497e-11
964.5915091891399,4.743934399490715e-11
964.6915091891399,5.472511573413433e-11
964.7915091891399,6.310110635358209e-11
964.8915091891399,7.272597129181928e-11
964.99150918914,8.378077198955895e-11
965.09150918914,9.647203877191906e-11
965.19150918914,1.1103523775498441e-10
965.29150918914,1.2773869300761904e-10
965.39150918914,1.468880214137754e-10
965.4915091891401,1.6883114461133526e-10
965.5915091891401,1.9396395010862157e-10
965.6915091891401,2.2273668228486788e-10
965.7915091891401,2.5566115356034736e-10
965.8915091891402,2.9331887667931564e-10
965.9915091891402,3.3637023089814107e-10
966.0915091891402,3.8556478803716017e-10
966.1915091891402,4.417529389748621e-10
966.2915091891402,5.058989773873823e-10
966.3915091891403,5.790958155295014e-10
966.4915091891403,6.625815267955367e-10
966.5915091891403,7.577579318866262e-10
966.6915091891403,8.662114698601074e-10
966.7915091891404,9.897366223819675e-10
966.8915091891404,1.1303621894007385e-09
966.9915091891404,1.2903807474902836e-09
967.0915091891404,1.472381658573622e-09
967.1915091891404,1.6792880369710396e-09
967.2915091891405,1.9143981270735835e-09
967.3915091891405,2.1814315928173985e-09
967.4915091891405,2.4845812739508154e-09
967.5915091891405,2.8285710233025387e-09
967.6915091891406,3.2187203043762866e-09
967.7915091891406,3.661016300151686e-09
967.8915091891406,4.162194362548384e-09
967.9915091891406,4.729827718238409e-09
968.0915091891407,5.372427441052627e-09
968.1915091891407,6.099553804852523e-09
968.2915091891407,6.921940244219947e-09
968.3915091891407,7.851631274504227e-09
968.4915091891407,8.902135858572865e-09
968.5915091891408,1.0088597856022535e-08
968.6915091891408,1.1427985352671412e-08
968.7915091891408,1.2939300845007393e-08
968.8915091891408,1.4643814447113176e-08
968.9915091891409,1.656532249772753e-08
969.0915091891409,1.873043417391131e-08
969.1915091891409,2.1168888966746145e-08
969.2915091891409,2.391390814517096e-08
969.391509189141,2.700258362813839e-08
969.491509189141,3.0476308004526835e-08
969.591509189141,3.438124978656421e-08
969.691509189141,3.876887835792514e-08
969.791509189141,4.369654348426435e-08
969.8915091891411,4.922811469401541e-08
969.9915091891411,5.5434686313176455e-08
970.0915091891411,6.239535445204821e-08
970.1915091891411,7.019807279711746e-08
970.2915091891412,7.894059466028178e-08
970.3915091891412,8.873150938330733e-08
970.4915091891412,9.969138189087252e-08
970.5915091891412,1.1195400493397644e-07
970.6915091891412,1.2566777437025767e-07
970.7915091891413,1.4099719869235007e-07
970.8915091891413,1.5812455494348492e-07
970.9915091891413,1.7725170415487642e-07
971.0915091891413,1.9860208050598097e-07
971.1915091891414,2.2242286955054606e-07
971.2915091891414,2.4898739207265486e-07
971.3915091891414,2.785977114421176e-07
971.4915091891414,3.115874837319269e-07
971.5915091891414,3.483250713467251e-07
971.6915091891415,3.892169424949693e-07
971.7915091891415,4.3471138052341235e-07
971.8915091891415,4.853025289256012e-07
971.9915091891415,5.415347997410519e-07
972.0915091891416,6.040076750836633e-07
972.1915091891416,6.733809336815431e-07
972.2915091891416,7.503803365808549e-07
972.3915091891416,8.358038085682605e-07
972.4915091891417,9.305281544049157e-07
972.5915091891417,1.0355163516445758e-06
972.6915091891417,1.151825464633585e-06
972.7915091891417,1.2806152272659221e-06
972.8915091891417,1.4231573451961925e-06
972.9915091891418,1.5808455715013033e-06
973.0915091891418,1.7552066132313396e-06
973.1915091891418,1.94791192990492e-06
973.2915091891418,2.1607904887868885e-06
973.3915091891419,2.395842545738974e-06
973.4915091891419,2.6552545245586614e-06
973.5915091891419,2.941415072019083e-06
973.6915091891419,3.2569323702937968e-06
973.791509189142,3.604652793094176e-06
973.891509189142,3.9876809966628965e-06
973.991509189142,4.409401541752173e-06
974.091509189142,4.873502147866827e-06
974.191509189142,5.383998686365433e-06
974.2915091891421,5.945262024482393e-06
974.3915091891421,6.562046837951873e-06
974.4915091891421,7.2395225156742394e-06
974.5915091891421,7.983306285754988e-06
974.6915091891422,8.79949869825502e-06
974.7915091891422,9.694721606105489e-06
974.8915091891422,1.0676158791843956e-05
974.9915091891422,1.1751599394106234e-05
975.0915091891422,1.2929484294137004e-05
975.1915091891423,1.4218955628944334e-05
975.2915091891423,1.5629909604090263e-05
975.3915091891423,1.7173052785459166e-05
975.4915091891423,1.8859962055643466e-05
975.5915091891424,2.0703148426807145e-05
975.6915091891424,2.2716124907988802e-05
975.7915091891424,2.4913478630756953e-05
975.8915091891424,2.7310947442886194e-05
975.9915091891424,2.9925501185241484e-05
976.0915091891425,3.277542787229176e-05
976.1915091891425,3.5880425001574896e-05
976.2915091891425,3.926169622194749e-05
976.3915091891425,4.294205359452076e-05
976.4915091891426,4.6946025683749473e-05
976.5915091891426,5.1299971719136746e-05
976.6915091891426,5.603220207038047e-05
976.7915091891426,6.117310528044848e-05
976.8915091891427,6.67552819019537e-05
976.9915091891427,7.281368538223264e-05
977.0915091891427,7.938577024162959e-05
977.1915091891427,8.651164778758427e-05
977.2915091891427,9.423424960410388e-05
977.3915091891428,0.00010259949905201418
977.4915091891428,0.00011165649100991825
977.5915091891428,0.00012145768007895794
977.6915091891428,0.00013205907746619098
977.7915091891429,0.00014352045675155428
977.8915091891429,0.0001559055687319003
977.9915091891429,0.00016928236552236545
978.0915091891429,0.00018372323408026264
978.191509189143,0.00019930523929968688
978.291509189143,0.0002161103768060002
978.391509189143,0.0002342258355581997
978.491509189143,0.0002537442703438163
978.591509189143,0.0002747640842253177
978.6915091891431,0.0002973897209689397
978.7915091891431,0.00032173196745634075
978.8915091891431,0.0003479082660464141
978.9915091891431,0.0003760430368189051
979.0915091891432,0.0004062680095931201
979.1915091891432,0.0004387225655739304
979.2915091891432,0.00047355408843337347
979.3915091891432,0.0005109183245894786
979.4915091891432,0.0005509797523943838
979.5915091891433,0.0005939119598913819
979.6915091891433,0.000639898030745273
979.7915091891433,0.0006891309378922089
979.8915091891433,0.0007418139443942482
979.9915091891434,0.0007981610109200215
980.0915091891434,0.0008583972092063405
980.1915091891434,0.0009227591407863866
980.2915091891434,0.0009914953601982302
980.3915091891434,0.001064866801813158
980.4915091891435,0.0011431472093465986
980.5915091891435,0.001226623567035551
980.6915091891435,0.0013155965313854949
980.7915091891435,0.0014103808623070126
980.8915091891436,0.001511305852377927
980.9915091891436,0.0016187157528809674
981.0915091891436,0.001732970195180073
981.1915091891436,0.0018544446059106357
981.2915091891437,0.0019835306143707082
981.3915091891437,0.0021206364504116836
981.4915091891437,0.0022661873310386377
981.5915091891437,0.0024206258338427098
981.6915091891437,0.002584412255301118
981.7915091891438,0.0027580249518948967
981.8915091891438,0.0029419606619109947
981.9915091891438,0.003136734805713964
982.0915091891438,0.0033428817621942238
982.1915091891439,0.0035609551190247044
982.2915091891439,0.003791527894286641
982.3915091891439,0.004035192726958453
982.4915091891439,0.004292562033700192
982.591509189144,0.004564268129309792
982.691509189144,0.0048509633081777834
982.791509189144,0.005153319884023934
982.891509189144,0.005472030185164066
982.991509189144,0.005807806502527655
983.0915091891441,0.00616138098762821
983.1915091891441,0.006533505497679082
983.2915091891441,0.006924951385047946
983.3915091891441,0.007336509228254294
983.4915091891442,0.007768988501736563
983.5915091891442,0.008223217181649797
983.6915091891442,0.008700041285000713
983.7915091891442,0.009200324339486686
983.8915091891442,0.00972494678147737
983.9915091891443,0.010274805279664238
984.0915091891443,0.010850811982004065
984.1915091891443,0.01145389368369743
984.2915091891443,0.012084990914074114
984.3915091891444,0.012745056940402512
984.4915091891444,0.013435056686801894
984.5915091891444,0.014155965566613013
984.6915091891444,0.01490876822677595
984.7915091891444,0.015694457202972568
984.8915091891445,0.016514031484516176
984.9915091891445,0.017368494988211542
985.0915091891445,0.01825885494066497
985.1915091891445,0.019186120168795884
985.2915091891446,0.020151299298588582
985.3915091891446,0.021155398862424398
985.4915091891446,0.022199421315650426
985.5915091891446,0.023284362963370626
985.6915091891447,0.024411211798787243
985.7915091891447,0.025580945254775233
985.8915091891447,0.026794527870738053
985.9915091891447,0.028052908877168818
986.0915091891447,0.029357019700726576
986.1915091891448,0.030707771393029586
986.2915091891448,0.03210605198676835
986.3915091891448,0.03355272378314533
986.4915091891448,0.03504862057505792
986.5915091891449,0.03659454481085243
986.6915091891449,0.038191264703889
986.7915091891449,0.0398395112935689
986.8915091891449,0.04153997546388346
986.991509189145,0.04329330492594905
987.091509189145,0.04510010117138889
987.191509189145,0.046960916403812794
987.291509189145,0.04887625045602401
987.391509189145,0.05084654770094946
987.4915091891451,0.052872193964641476
987.5915091891451,0.05495351345003495
987.6915091891451,0.05709076568046066
987.7915091891451,0.05928414247221227
987.8915091891452,0.06153376494573803
987.9915091891452,0.0638396805852773
988.0915091891452,0.06620186035698392
988.1915091891452,0.06862019589577263
988.2915091891452,0.07109449677128706
988.3915091891453,0.07362448784351805
988.4915091891453,0.07620980671869855
988.5915091891453,0.07885000131615988
988.6915091891453,0.08154452755685862
988.7915091891454,0.08429274718426683
988.8915091891454,0.08709392572826223
988.9915091891454,0.08994723062255786
989.0915091891454,0.09285172948607057
989.1915091891454,0.0958063885784456
989.2915091891455,0.09881007143972648
989.3915091891455,0.10186153772388969
989.4915091891455,0.10495944223564645
989.5915091891455,0.10810233417955399
989.6915091891456,0.11128865663007322
989.7915091891456,0.11451674623075937
989.8915091891456,0.11778483313027893
989.9915091891456,0.12109104116240903
990.0915091891457,0.12443338827659589
990.1915091891457,0.1278097872250292
990.2915091891457,0.1312180465115287
990.3915091891457,0.13465587160684162
990.4915091891457,0.1381208664342149
990.5915091891458,0.14161053512833816
990.6915091891458,0.14512228406995237
990.7915091891458,0.14865342419758984
990.8915091891458,0.1522011735970546
990.9915091891459,0.15576266036837108
991.0915091891459,0.15933492576902875
991.1915091891459,0.1629149276314312
991.2915091891459,0.16649954405152392
991.391509189146,0.1700855773446335
991.491509189146,0.17366975826359773
991.591509189146,0.17724875047331395
991.691509189146,0.18081915527487843
991.791509189146,0.1843775165715411
991.8915091891461,0.18792032606775982
991.9915091891461,0.19144402869171037
992.0915091891461,0.19494502823069862
992.1915091891461,0.1984196931680298
992.2915091891462,0.20186436270902633
992.3915091891462,0.20527535298304916
992.4915091891462,0.20864896340757466
992.5915091891462,0.21198148319961269
992.6915091891462,0.2152691980190269
992.7915091891463,0.2185083967276379
992.8915091891463,0.2216953782473542
992.9915091891463,0.22482645849999905
993.0915091891463,0.22789797741096934
993.1915091891464,0.2309063059583971
993.2915091891464,0.23384785324907295
993.3915091891464,0.2367190736020459
993.4915091891464,0.23951647362053202
993.5915091891464,0.24223661923255216
993.6915091891465,0.24487614268057262
993.7915091891465,0.24743174944035023
993.8915091891465,0.24990022504917928
993.9915091891465,0.2522784418238087
994.0915091891466,0.25456336544844005
994.1915091891466,0.2567520614134335
994.2915091891466,0.25884170128563744
994.3915091891466,0.26082956879161945
994.4915091891467,0.26271306569550984
994.5915091891467,0.264489717453672
994.6915091891467,0.26615717862898813
994.7915091891467,0.26771323804818814
994.8915091891467,0.2691558236863548
994.9915091891468,0.2704830072635091
995.0915091891468,0.27169300853900274
995.1915091891468,0.2727841992903359
995.2915091891468,0.273755106963952
995.3915091891469,0.27460441798655333
995.4915091891469,0.2753309807265142
995.5915091891469,0.2759338080960475
995.6915091891469,0.27641207978589327
995.791509189147,0.27676514412544817
995.891509189147,0.2769925195624317
995.991509189147,0.27709389575738635
996.091509189147,0.27707241147212797
996.191509189147,0.27693770921042704
996.2915091891471,0.27669057676888664
996.3915091891471,0.27633131526224686
996.4915091891471,0.2758603621072011
996.5915091891471,0.2752782901348931
996.6915091891472,0.27458580642983027
996.7915091891472,0.2737837508985082
996.8915091891472,0.2728730945718006
996.9915091891472,0.27185493764591967
997.0915091891472,0.27073050726747794
997.1915091891473,0.26950115506889405
997.2915091891473,0.2681683544610705
997.3915091891473,0.26673369769093425
997.4915091891473,0.2651988926720639
997.5915091891474,0.2635657595972339
997.6915091891474,0.26183622734227696
997.7915091891474,0.26001232967120896
997.8915091891474,0.25809620125306076
997.9915091891475,0.2560900735013321
998.0915091891475,0.2539962702474104
998.1915091891475,0.25181720325968626
998.2915091891475,0.24955536762044664
998.3915091891475,0.24721333697293177
998.4915091891476,0.24479375865120825
998.5915091891476,0.24229934870572886
998.6915091891476,0.2397328868376287
998.7915091891476,0.23709721125493938
998.8915091891477,0.23439521346399303
998.9915091891477,0.23162983300933282
999.0915091891477,0.22880405217544894
999.1915091891477,0.22592089066361812
999.2915091891477,0.22298340025704047
999.3915091891478,0.21999465948734287
999.4915091891478,0.21695776831535227
999.5915091891478,0.21387584283883615
999.6915091891478,0.2107520100396647
999.7915091891479,0.20758940258256695
999.8915091891479,0.2043911536773387
999.9915091891479,0.20116039201600913
1000.0915091891479,0.19790023679609092
1000.191509189148,0.19461379284062708
1000.291509189148,0.19130414582530772
1000.391509189148,0.18797435762246262
1000.491509189148,0.18462746177124498
1000.591509189148,0.18126645908281108
1000.6915091891481,0.17789431338876582
1000.7915091891481,0.17451394744059678
1000.8915091891481,0.17112823896725404
1000.9915091891481,0.1677400168974559
1001.0915091891482,0.16435205775271255
1001.1915091891482,0.16096708221646452
1001.2915091891482,0.15758775188413016
1001.3915091891482,0.15421666619825233
1001.4915091891482,0.1508563595723265
1001.5915091891483,0.1475092987062888
1001.6915091891483,0.1441778800960383
1001.7915091891483,0.14086442773877209
1001.8915091891483,0.13757119103532137
1001.9915091891484,0.13430034289009574
1002.0915091891484,0.1310539780086746
1002.1915091891484,0.12783411139252693
1002.2915091891484,0.1246426770297994
1002.3915091891485,0.12148152678058777
1002.4915091891485,0.11835242945459788
1002.5915091891485,0.11525707007861467
1002.6915091891485,0.11219704935072941
1002.7915091891485,0.10917388327782894
1002.8915091891486,0.10618900299242703
1002.9915091891486,0.10324375474451807
1003.0915091891486,0.10033940006375733
1003.1915091891486,0.09747711608692247
1003.2915091891487,0.09465799604528506
1003.3915091891487,0.09188304990622402
1003.4915091891487,0.08915320516313949
1003.5915091891487,0.08646930776748174
1003.6915091891487,0.08383212319649085
1003.7915091891488,0.08124233765005187
1003.8915091891488,0.07870055936990566
1003.9915091891488,0.07620732007431777
1004.0915091891488,0.07376307650119564
1004.1915091891489,0.07136821205255968
1004.2915091891489,0.0690230385332124
1004.3915091891489,0.06672779797641437
1004.4915091891489,0.0644826645493651
1004.591509189149,0.06228774653129783
1004.691509189149,0.06014308835703276
1004.791509189149,0.05804867271888883
1004.891509189149,0.0560044227199312
1004.991509189149,0.05401020407162949
1005.0915091891491,0.05206582732911579
1005.1915091891491,0.05017105015736662
1005.2915091891491,0.04832557962178145
