952.7334638765032,0.005251089013823339
952.8334638765032,0.005529597252483091
952.9334638765032,0.005821127498894076
953.0334638765032,0.006126186489831138
953.1334638765032,0.006445295083815297
953.2334638765033,0.006778988358884677
953.3334638765033,0.007127815693560246
953.4334638765033,0.007492340829981507
953.5334638765033,0.007873141918172373
953.6334638765034,0.008270811540384608
953.7334638765034,0.008685956714455163
953.8334638765034,0.009119198875104628
953.9334638765034,0.009571173832097485
954.0334638765034,0.010042531704180143
954.1334638765035,0.010533936827710845
954.2334638765035,0.011046067638895938
954.3334638765035,0.011579616528550444
954.4334638765035,0.012135289668306825
954.5334638765036,0.012713806807204707
954.6334638765036,0.013315901037606721
954.7334638765036,0.013942318529400612
954.8334638765036,0.014593818231466427
954.9334638765037,0.015271171539409515
955.0334638765037,0.015975161928585436
955.1334638765037,0.01670658455147219
955.2334638765037,0.017466245798477376
955.3334638765037,0.01825496282130488
955.4334638765038,0.019073563018045785
955.5334638765038,0.01992288347920215
955.6334638765038,0.020803770393900994
955.7334638765038,0.021717078415607452
955.8334638765039,0.022663669986702707
955.9334638765039,0.023644414621351948
956.0334638765039,0.024660188146152746
956.1334638765039,0.025711871898121977
956.233463876504,0.02680035187965202
956.333463876504,0.027926517870143778
956.433463876504,0.02909126249410407
956.533463876504,0.03029548024558003
956.633463876504,0.03154006646889086
956.7334638765041,0.03282591629570981
956.8334638765041,0.034153923538645124
956.9334638765041,0.035524979541568066
957.0334638765041,0.036939971987039216
957.1334638765042,0.038399783661290085
957.2334638765042,0.03990529117732746
957.3334638765042,0.04145736365683931
957.4334638765042,0.04305686137169707
957.5334638765042,0.044704634345966936
957.6334638765043,0.04640152091946263
957.7334638765043,0.04814834627399512
957.8334638765043,0.04994592092359887
957.9334638765043,0.05179503917013968
958.0334638765044,0.053696477525837324
958.1334638765044,0.05565099310436395
958.2334638765044,0.05765932198230804
958.3334638765044,0.05972217753292413
958.4334638765044,0.061840248734216396
958.5334638765045,0.06401419845353543
958.6334638765045,0.06624466171099418
958.7334638765045,0.06853224392413754
958.8334638765045,0.07087751913642594
958.9334638765046,0.07328102823221759
959.0334638765046,0.07574327714105535
959.1334638765046,0.07826473503418475
959.2334638765046,0.08084583251634482
959.3334638765047,0.0834869598159866
959.4334638765047,0.0861884649771833
959.5334638765047,0.0889506520566002
959.6334638765047,0.0917737793289923
959.7334638765047,0.09465805750479218
959.8334638765048,0.0976036479634393
959.9334638765048,0.10061066100618525
960.0334638765048,0.10367915413218505
960.1334638765048,0.10680913034175464
960.2334638765049,0.11000053647073632
960.3334638765049,0.11325326155996888
960.4334638765049,0.11656713526390498
960.5334638765049,0.11994192630245613
960.633463876505,0.12337734096017536
960.733463876505,0.12687302163690653
960.833463876505,0.13042854545404056
960.933463876505,0.1340434229205189
961.033463876505,0.13771709666271478
961.1334638765051,0.14144894022230428
961.2334638765051,0.14523825692620712
961.3334638765051,0.14908427883263667
961.4334638765051,0.1529861657572482
961.5334638765052,0.1569430043833068
961.6334638765052,0.16095380745972718
961.7334638765052,0.16501751309074786
961.8334638765052,0.16913298412090597
961.9334638765052,0.1732990076188717
962.0334638765053,0.17751429446357866
962.1334638765053,0.18177747903595742
962.2334638765053,0.18608711901943428
962.3334638765053,0.19044169531220562
962.4334638765054,0.19483961205413086
962.5334638765054,0.19927919677091274
962.6334638765054,0.2037587006380454
962.7334638765054,0.20827629886681523
962.8334638765054,0.2128300912144311
962.9334638765055,0.21741810262014385
963.0334638765055,0.2220382839689891
963.1334638765055,0.22668851298455156
963.2334638765055,0.23136659525190514
963.3334638765056,0.23607026537163148
963.4334638765056,0.24079718824556018
963.5334638765056,0.2455449604946068
963.6334638765056,0.2503111120088127
963.7334638765057,0.25509310762941106
963.8334638765057,0.2598883489624615
963.9334638765057,0.26469417632330383
964.0334638765057,0.2695078708107946
964.1334638765057,0.2743266565099884
964.2334638765058,0.2791477028216356
964.3334638765058,0.28396812691656226
964.4334638765058,0.28878499631270405
964.5334638765058,0.29359533157226114
964.6334638765059,0.2983961091161474
964.7334638765059,0.30318426415260497
964.8334638765059,0.3079566937165645
964.9334638765059,0.3127102598160379
965.033463876506,0.3174417926815449
965.133463876506,0.32214809411429085
965.233463876506,0.32682594092854017
965.333463876506,0.3314720884833569
965.433463876506,0.3360832742986261
965.5334638765061,0.34065622175001314
965.6334638765061,0.3451876438372765
965.7334638765061,0.3496742470201155
965.8334638765061,0.354112735115509
965.9334638765062,0.35849981325029323
966.0334638765062,0.36283219186252597
966.1334638765062,0.36710659074499624
966.2334638765062,0.371319743124071
966.3334638765062,0.37546839976690755
966.4334638765063,0.37954933310991984
966.5334638765063,0.3835593414012585
966.6334638765063,0.38749525284995257
966.7334638765063,0.39135392977426653
966.8334638765064,0.3951322727417472
966.9334638765064,0.39882722469337506
967.0334638765064,0.4024357750441907
967.1334638765064,0.40595496375274304
967.2334638765064,0.40938188535169784
967.3334638765065,0.4127136929319584
967.4334638765065,0.41594760207267745
967.5334638765065,0.41908089470959237
967.6334638765065,0.422110922934179
967.7334638765066,0.42503511271620836
967.8334638765066,0.42785096754239454
967.9334638765066,0.4305560719639437
968.0334638765066,0.43314809504595847
968.1334638765067,0.4356247937118081
968.2334638765067,0.4379840159757545
968.3334638765067,0.44022370405731576
968.4334638765067,0.4423418973710637
968.5334638765067,0.4443367353857747
968.6334638765068,0.4462064603471016
968.7334638765068,0.44794941985818887
968.8334638765068,0.44956406931293
968.9334638765068,0.45104897417685097
969.0334638765069,0.4524028121109059
969.1334638765069,0.4536243749337839
969.2334638765069,0.45471257041865076
969.3334638765069,0.45566642392058554
969.433463876507,0.4564850798313165
969.533463876507,0.45716780285821856
969.633463876507,0.4577139791248949
969.733463876507,0.4581231170910364
969.833463876507,0.4583948482896301
969.9334638765071,0.45852892787996913
970.0334638765071,0.45851040330523435
970.1334638765071,0.45825924198648343
970.2334638765071,0.45776387861488443
970.3334638765072,0.45702510541521835
970.4334638765072,0.45604410283019964
970.5334638765072,0.4548224363774366
970.6334638765072,0.45336205248633843
970.7334638765072,0.45166527333046735
970.8334638765073,0.4497347906745366
970.9334638765073,0.4475736587588782
971.0334638765073,0.4451852862477054
971.1334638765073,0.4425734272708821
971.2334638765074,0.4397421715921491
971.3334638765074,0.4366959339398452
971.4334638765074,0.43343944253907507
971.5334638765074,0.4299777268870103
971.6334638765074,0.42631610481554644
971.7334638765075,0.42246016888787397
971.8334638765075,0.41841577217763615
971.9334638765075,0.41418901348124193
972.0334638765075,0.40978622201556436
972.1334638765076,0.4052139416546807
972.2334638765076,0.40047891476049613
972.3334638765076,0.39558806566303084
972.4334638765076,0.3905484838468449
972.5334638765077,0.3853674069005216
972.6334638765077,0.38005220328632666
972.7334638765077,0.37461035498711914
972.8334638765077,0.369049440087299
972.9334638765077,0.3633771153440573
973.0334638765078,0.357601098804436
973.1334638765078,0.3517291525227287
973.2334638765078,0.34576906543155617
973.3334638765078,0.3397286364185501
973.4334638765079,0.33361565765897605
973.5334638765079,0.3274378982528404
973.6334638765079,0.3212030882130663
973.7334638765079,0.3149189028491952
973.833463876508,0.3085929475888002
973.933463876508,0.30223274327638355
974.033463876508,0.2958457119870008
974.133463876508,0.2894391633892118
974.233463876508,0.2830202816892252
974.3334638765081,0.27659611318529354
974.4334638765081,0.27017355445853813
974.5334638765081,0.2637593412234619
974.6334638765081,0.2573600378584501
974.7334638765082,0.25098202763358607
974.8334638765082,0.24463150365012815
974.9334638765082,0.23831446050302518
975.0334638765082,0.23203668667490523
975.1334638765082,0.22580375766706243
975.2334638765083,0.21962102987011134
975.3334638765083,0.21349363517418324
975.4334638765083,0.20742647631581815
975.5334638765083,0.20142422295607149
975.6334638765084,0.19549130848181345
975.7334638765084,0.18963192751976413
975.8334638765084,0.18385003415048487
975.9334638765084,0.17814934080734443
976.0334638765084,0.1725333178434048
976.1334638765085,0.16700519374723258
976.2334638765085,0.1615679559868393
976.3334638765085,0.15622435245929678
976.4334638765085,0.1509768935220629
976.5334638765086,0.14582785458068967
976.6334638765086,0.14077927920637423
976.7334638765086,0.13583298275575337
976.8334638765086,0.1309905564644324
976.9334638765087,0.126253371984981
977.0334638765087,0.12162258633951971
977.1334638765087,0.11709914725655657
977.2334638765087,0.11268379886141479
977.3334638765087,0.10837708768941294
977.4334638765088,0.10417936899091526
977.5334638765088,0.10009081329745642
977.6334638765088,0.09611141321835912
977.7334638765088,0.09224099043759354
977.8334638765089,0.08847920288107608
977.9334638765089,0.08482555202515621
978.0334638765089,0.08127939031769547
978.1334638765089,0.07783992868388827
978.233463876509,0.07450624408980783
978.333463876509,0.07127728713757112
978.433463876509,0.0681518896669993
978.533463876509,0.06512877233969568
978.633463876509,0.06220655218256386
978.7334638765091,0.05938375006893905
978.8334638765091,0.05665879811669482
978.9334638765091,0.05403004698391157
979.0334638765091,0.0514957730439417
979.1334638765092,0.049054185422976126
979.2334638765092,0.046703432884496084
979.3334638765092,0.04444161054628159
979.4334638765092,0.04226676641693339
979.5334638765092,0.04017690774014398
979.6334638765093,0.03817000713622053
979.7334638765093,0.03624400853161147
979.8334638765093,0.034396832868415134
979.9334638765093,0.03262638358704799
980.0334638765094,0.03093055187641777
980.1334638765094,0.029307221687079367
980.2334638765094,0.027754274503944482
980.3334638765094,0.026269593876167875
980.4334638765094,0.024851069702839287
980.5334638765095,0.02349660227407007
980.6334638765095,0.022204106067973826
980.7334638765095,0.02097151330489998
980.8334638765095,0.019796777261087136
980.9334638765096,0.018677875344657216
981.0334638765096,0.017612811937573046
981.1334638765096,0.01659962100782861
981.2334638765096,0.015636368496734665
981.3334638765097,0.014721154486701945
981.4334638765097,0.013852115155410304
981.5334638765097,0.013027424522686622
981.6334638765097,0.012245295996796307
981.7334638765097,0.011503983727186496
981.8334638765098,0.010801783771002164
981.9334638765098,0.010137035080933344
982.0334638765098,0.00950812032214267
982.1334638765098,0.00891346652616986
982.2334638765099,0.008351545589815736
982.3334638765099,0.00782087462707474
982.4334638765099,0.007320016182213335
982.5334638765099,0.006847578312085898
982.63346387651,0.006402214545739501
982.73346387651,0.005982623729289492
982.83346387651,0.005587549763948727
982.93346387651,0.0052157812449685455
983.03346387651,0.004866151009101176
983.1334638765101,0.004537535598022508
983.2334638765101,0.00422885464496475
983.3334638765101,0.003939070191601229
983.4334638765101,0.00366718594200358
983.5334638765102,0.0034122464602561655
983.6334638765102,0.00317333631806622
983.7334638765102,0.0029495791984526136
983.8334638765102,0.002740136961333049
983.9334638765102,0.002544208676560793
984.0334638765103,0.002361029629689406
984.1334638765103,0.0021898703054685806
984.2334638765103,0.002030035353798001
984.3334638765103,0.0018808625425901907
984.4334638765104,0.0017417217017189003
984.5334638765104,0.0016120136619579217
984.6334638765104,0.001491169192547373
984.7334638765104,0.0013786479407612855
984.8334638765105,0.001273937376592854
984.9334638765105,0.001176551745422503
985.0334638765105,0.0010860310312898692
985.1334638765105,0.0010019399331543167
985.2334638765105,0.0009238668563003928
985.3334638765106,0.0008514229208249201
985.4334638765106,0.000784240988931741
985.5334638765106,0.0007219747125586412
985.6334638765106,0.000664297602668972
985.7334638765107,0.0006109021213580258
985.8334638765107,0.0005614987977515159
985.9334638765107,0.0005158153685104132
986.0334638765107,0.00047359594360309236
986.1334638765107,0.00043460019786195744
986.2334638765108,0.000398602588707521
986.3334638765108,0.00036539160029800733
986.4334638765108,0.0003347690142468365
986.5334638765108,0.00030654920694357684
986.6334638765109,0.00028055847341586904
986.7334638765109,0.0002566343775801692
986.8334638765109,0.00023462512864763676
986.9334638765109,0.0002143889833777965
987.033463876511,0.00019579367380640462
987.133463876511,0.0001787158600149129
987.233463876511,0.00016304060745674
987.333463876511,0.00014866088830980454
987.433463876511,0.00013547710628520804
987.5334638765111,0.0001233966442881084
987.6334638765111,0.00011233343429845543
987.7334638765111,0.00010220754881592443
987.8334638765111,9.294481319482898e-05
987.9334638765112,8.447643818060406e-05
988.0334638765112,7.6738671949359e-05
988.1334638765112,6.96724709456521e-05
988.2334638765112,6.322318881073208e-05
988.3334638765112,5.7340282693733605e-05
988.4334638765113,5.197703624141174e-05
988.5334638765113,4.709029856767115e-05
988.6334638765113,4.2640238512142435e-05
988.7334638765113,3.8590113507107374e-05
988.8334638765114,3.4906052383958195e-05
988.9334638765114,3.155685146385734e-05
989.0334638765114,2.8513783292128814e-05
989.1334638765114,2.575041739197276e-05
989.2334638765115,2.324245243015188e-05
989.3334638765115,2.096755920518531e-05
989.4334638765115,1.8905233887140723e-05
989.5334638765115,1.7036660957185848e-05
989.6334638765115,1.5344585314514054e-05
989.7334638765116,1.3813193037966433e-05
989.8334638765116,1.2428000309517859e-05
989.9334638765116,1.1175750026679751e-05
990.0334638765116,1.0044315650694673e-05
990.1334638765117,9.022611857080478e-06
990.2334638765117,8.100511574543315e-06
990.3334638765117,7.268769017458461e-06
990.4334638765117,6.518948335950916e-06
990.5334638765117,5.843357526048438e-06
990.6334638765118,5.234987260381806e-06
990.7334638765118,4.68745431743335e-06
990.8334638765118,4.194949304356385e-06
990.9334638765118,3.7521883848775554e-06
991.0334638765119,3.3543687397334774e-06
991.1334638765119,2.997127502466211e-06
991.2334638765119,2.676503928199159e-06
991.3334638765119,2.3889045672289113e-06
991.433463876512,2.131071228897036e-06
991.533463876512,1.9000515342486916e-06
991.633463876512,1.6931718684456947e-06
991.733463876512,1.508012555786263e-06
991.833463876512,1.3423850915000657e-06
991.9334638765121,1.1943112752455335e-06
992.0334638765121,1.0620041014487529e-06
992.1334638765121,9.438502713023985e-07
992.2334638765121,8.383942004043426e-07
992.3334638765122,7.443234046735805e-07
992.4334638765122,6.604551553529116e-07
992.5334638765122,5.857243016100099e-07
992.6334638765122,5.191721664987327e-07
992.7334638765122,4.599364288585376e-07
992.8334638765123,4.072419101296162e-07
992.9334638765123,3.603921910629167e-07
993.0334638765123,3.187619889255416e-07
993.1334638765123,2.817902310610239e-07
993.2334638765124,2.48973765578287e-07
993.3334638765124,2.198616545300428e-07
993.4334638765124,1.9404999921803397e-07
993.5334638765124,1.7117725124541528e-07
993.6334638765125,1.5091996664187343e-07
993.7334638765125,1.32988963830456e-07
993.8334638765125,1.171258494016868e-07
993.9334638765125,1.0309987862491313e-07
994.0334638765125,9.070512037310865e-08
994.1334638765126,7.975789867894169e-08
994.2334638765126,7.009448548973094e-08
994.3334638765126,6.156902135930421e-08
994.4334638765126,5.4051642817449195e-08
994.5334638765127,4.742679700380784e-08
994.6334638765127,4.159172585330759e-08
994.7334638765127,3.645510368460419e-08
994.8334638765127,3.19358134810381e-08
994.9334638765127,2.796184847427177e-08
995.0334638765128,2.4469326852523954e-08
995.1334638765128,2.1401608526151224e-08
995.2334638765128,1.870850390070613e-08
995.3334638765128,1.6345565538576648e-08
995.4334638765129,1.4273454441455047e-08
995.5334638765129,1.2457373463371462e-08
995.6334638765129,1.0866561073599457e-08
995.7334638765129,9.473839335787203e-09
995.833463876513,8.255210559179045e-09
995.933463876513,7.189497614440271e-09
996.033463876513,6.258023394697906e-09
996.133463876513,5.4443253459946965e-09
996.233463876513,4.733901394138146e-09
996.3334638765131,4.113983960364556e-09
996.4334638765131,3.5733390895212463e-09
996.5334638765131,3.1020880145438185e-09
996.6334638765131,2.691548752590064e-09
996.7334638765132,2.334095573794308e-09
996.8334638765132,2.0230344055339367e-09
996.9334638765132,1.752492435474881e-09
997.0334638765132,1.5173203574356502e-09
997.1334638765132,1.3130058670689645e-09
997.2334638765133,1.135597161145952e-09
997.3334638765133,9.816353263431152e-10
997.4334638765133,8.480946222503442e-10
997.5334638765133,7.32329770095204e-10
997.6334638765134,6.320294545611186e-10
997.7334638765134,5.451753321108072e-10
997.8334638765134,4.700059163639736e-10
997.9334638765134,4.049847801877816e-10
998.0334638765135,3.487725760284252e-10
998.1334638765135,3.002024313593131e-10
998.2334638765135,2.5825832559657763e-10
998.3334638765135,2.2205609902577855e-10
998.4334638765135,1.9082678372951177e-10
998.5334638765136,1.6390198168821238e-10
998.6334638765136,1.407010465832932e-10
998.7334638765136,1.207198537585414e-10
998.8334638765136,1.0352096764943327e-10
998.9334638765137,8.872503809276593e-11
999.0334638765137,7.600327657104865e-11
999.1334638765137,6.507088088877639e-11
999.2334638765137,5.568129225613329e-11
999.3334638765137,4.76211824812302e-11
999.4334638765138,4.070608113445566e-11
999.5334638765138,3.477656331823935e-11
999.6334638765138,2.9694928205227734e-11
999.7334638765138,2.5342306934354918e-11
999.8334638765139,2.161614590000177e-11
999.9334638765139,1.842801804392993e-11
1000.0334638765139,1.5701720560792937e-11
1000.1334638765139,1.3371622543186564e-11
1000.233463876514,1.1381230599355818e-11
1000.333463876514,9.681944445340164e-12
1000.433463876514,8.231977965428655e-12
1000.533463876514,6.995424305413268e-12
1000.633463876514,5.941446261281139e-12
1000.7334638765141,5.043575595225029e-12
1000.8334638765141,4.279106989843074e-12
1000.9334638765141,3.628574174456005e-12
1001.0334638765141,3.075297355004372e-12
1001.1334638765142,2.604992477949485e-12
1001.2334638765142,2.205434082838175e-12
1001.3334638765142,1.86616456880044e-12
1001.4334638765142,1.5782436358763273e-12
1001.5334638765142,1.3340324791813636e-12
1001.6334638765143,1.1270080270495414e-12
1001.7334638765143,9.51603136255556e-13
1001.8334638765143,8.030691995034169e-13
1001.9334638765143,6.773580925212914e-13
1002.0334638765144,5.710207990684676e-13
1002.1334638765144,4.811204096319476e-13
1002.2334638765144,4.0515750032328695e-13
1002.3334638765144,3.410061684136034e-13
1002.4334638765145,2.8685923526901e-13
1002.5334638765145,2.411813307323351e-13
1002.6334638765145,2.0266874923527732e-13
1002.7334638765145,1.7021512061603585e-13
1002.8334638765145,1.4288207082008327e-13
1002.9334638765146,1.19874162050508e-13
1003.0334638765146,1.0051750084467851e-13
1003.1334638765146,8.424148802462224e-14
1003.2334638765146,7.056325827742588e-14
1003.3334638765147,5.907442081887354e-14
1003.4334638765147,4.942976752808609e-14
1003.5334638765147,4.133766228779293e-14
1003.6334638765147,3.4551866045681257e-14
1003.7334638765147,2.8864587214894114e-14
1003.8334638765148,2.4100577227315732e-14
1003.9334638765148,2.01121170110434e-14
1004.0334638765148,1.677476246378514e-14
1004.1334638765148,1.3983736139880833e-14
1004.2334638765149,1.1650868795879626e-14
1004.3334638765149,9.70200852513264e-15
1004.4334638765149,8.074827281795322e-15
1004.5334638765149,6.7169649307857245e-15
1004.633463876515,5.584459806031148e-15
1004.733463876515,4.640422324826723e-15
1004.833463876515,3.853914672527921e-15
1004.933463876515,3.19900509526146e-15
1005.033463876515,2.6539700533813004e-15
1005.1334638765151,2.200621510792077e-15
1005.2334638765151,1.8237400645917206e-15
1005.3334638765151,1.5105975413491332e-15
1005.4334638765151,1.250555174252915e-15
1005.5334638765152,1.0347255924590472e-15
1005.6334638765152,8.556886543703074e-16
1005.7334638765152,7.072526867060926e-16
1005.8334638765152,5.842539908300186e-16
1005.9334638765152,4.823885809293153e-16
1006.0334638765153,3.980710544045331e-16
1006.1334638765153,3.283162881266984e-16
1006.2334638765153,2.7064032632082914e-16
1006.3334638765153,2.2297739490173594e-16
1006.4334638765154,1.8361045861510048e-16
1006.5334638765154,1.5111314453724431e-16
1006.6334638765154,1.2430119961956668e-16
1006.7334638765154,1.0219194061589424e-16
1006.8334638765155,8.397040006216393e-17
1006.9334638765155,6.896107892631752e-17
1007.0334638765155,5.660439100950744e-17
1007.1334638765155,4.643703116580828e-17
1007.2334638765155,3.807562316793884e-17
1007.3334638765156,3.1203107186602364e-17
1007.4334638765156,2.5557414427586143e-17
1007.5334638765156,2.0922050072755135e-17
1007.6334638765156,1.711826749051513e-17
1007.7334638765157,1.3998568572461074e-17
1007.8334638765157,1.144130858361597e-17
1007.9334638765157,9.346220408463017e-18
1008.0334638765157,7.630703652417649e-18
1008.1334638765157,6.2267496622231175e-18
1008.2334638765158,5.078394954892361e-18
1008.3334638765158,4.139613463967213e-18
1008.4334638765158,3.3725729889065743e-18
