952.7334638765032,0.8420919632303857
952.8334638765032,0.8423704714690455
952.9334638765032,0.8426620017154565
953.0334638765032,0.8429670607063935
953.1334638765032,0.8432861693003777
953.2334638765033,0.8436198625754471
953.3334638765033,0.8439686899101226
953.4334638765033,0.8443332150465439
953.5334638765033,0.8447140161347347
953.6334638765034,0.845111685756947
953.7334638765034,0.8455268309310175
953.8334638765034,0.845960073091667
953.9334638765034,0.8464120480486599
954.0334638765034,0.8468834059207425
954.1334638765035,0.8473748110442733
954.2334638765035,0.8478869418554583
954.3334638765035,0.8484204907451128
954.4334638765035,0.8489761638848692
954.5334638765036,0.8495546810237671
954.6334638765036,0.8501567752541691
954.7334638765036,0.850783192745963
954.8334638765036,0.8514346924480288
954.9334638765037,0.8521120457559719
955.0334638765037,0.8528160361451479
955.1334638765037,0.8535474587680346
955.2334638765037,0.8543071200150398
955.3334638765037,0.8550958370378673
955.4334638765038,0.8559144372346082
955.5334638765038,0.8567637576957646
955.6334638765038,0.8576446446104634
955.7334638765038,0.8585579526321699
955.8334638765039,0.8595045442032652
955.9334638765039,0.8604852888379144
956.0334638765039,0.8615010623627153
956.1334638765039,0.8625527461146846
956.233463876504,0.8636412260962146
956.333463876504,0.8647673920867064
956.433463876504,0.8659321367106668
956.533463876504,0.8671363544621428
956.633463876504,0.8683809406854537
956.7334638765041,0.8696667905122727
956.8334638765041,0.8709947977552082
956.9334638765041,0.8723658537581311
957.0334638765041,0.8737808462036025
957.1334638765042,0.8752406578778535
957.2334638765042,0.876746165393891
957.3334638765042,0.8782982378734031
957.4334638765042,0.8798977355882611
957.5334638765042,0.8815455085625313
957.6334638765043,0.8832423951360274
957.7334638765043,0.8849892204905603
957.8334638765043,0.8867867951401646
957.9334638765043,0.888635913386706
958.0334638765044,0.8905373517424043
958.1334638765044,0.8924918673209318
958.2334638765044,0.8945001961988769
958.3334638765044,0.8965630517494941
958.4334638765044,0.8986811229507877
958.5334638765045,0.9008550726701083
958.6334638765045,0.903085535927569
958.7334638765045,0.9053731181407145
958.8334638765045,0.9077183933530055
958.9334638765046,0.9101219024488002
959.0334638765046,0.9125841513576415
959.1334638765046,0.915105609250775
959.2334638765046,0.91768670673294
959.3334638765047,0.9203278340325874
959.4334638765047,0.9230293391937908
959.5334638765047,0.9257915262732155
959.6334638765047,0.9286146535456168
959.7334638765047,0.9314989317214273
959.8334638765048,0.9344445221800868
959.9334638765048,0.9374515352228473
960.0334638765048,0.9405200283488642
960.1334638765048,0.9436500045584535
960.2334638765049,0.9468414106874583
960.3334638765049,0.9500941357767179
960.4334638765049,0.9534080094806854
960.5334638765049,0.956782800519273
960.633463876505,0.9602182151770349
960.733463876505,0.9637138958538156
960.833463876505,0.9672694196710072
960.933463876505,0.9708842971375526
961.033463876505,0.9745579708798264
961.1334638765051,0.9782898144395064
961.2334638765051,0.9820791311435143
961.3334638765051,0.9859251530500658
961.4334638765051,0.9898270399748188
961.5334638765052,0.9937838786010416
961.6334638765052,0.9977946816776522
961.7334638765052,1.0018583873088933
961.8334638765052,1.0059738583393065
961.9334638765052,1.0101398818375678
962.0334638765053,1.0143551686826164
962.1334638765053,1.0186183532553907
962.2334638765053,1.0229279932393247
962.3334638765053,1.0272825695326242
962.4334638765054,1.0316804862751596
962.5334638765054,1.036120070992646
962.6334638765054,1.0405995748605914
962.7334638765054,1.0451171730902988
962.8334638765054,1.049670965438996
962.9334638765055,1.0542589768459547
963.0334638765055,1.0588791581962353
963.1334638765055,1.0635293872134506
963.2334638765055,1.0682074694827066
963.3334638765056,1.0729111396046214
963.4334638765056,1.0776380624810669
963.5334638765056,1.0823858347330062
963.6334638765056,1.0871519862505354
963.7334638765057,1.0919339818749507
963.8334638765057,1.0967292232123824
963.9334638765057,1.101535050578252
964.0334638765057,1.1063487450715082
964.1334638765057,1.1111675307773115
964.2334638765058,1.1159885770965323
964.3334638765058,1.1208090012001333
964.4334638765058,1.1256258706062061
964.5334638765058,1.1304362058771278
964.6334638765059,1.1352369834340132
964.7334638765059,1.140025138485333
964.8334638765059,1.1447975680662774
964.9334638765059,1.149551134185153
965.033463876506,1.1542826670728132
965.133463876506,1.158988968530843
965.233463876506,1.1636668153739358
965.333463876506,1.1683129629616422
965.433463876506,1.1729241488143984
965.5334638765061,1.1774970963084934
965.6334638765061,1.1820285184443913
965.7334638765061,1.1865151216825887
965.8334638765061,1.1909536098409665
965.9334638765062,1.1953406880473794
966.0334638765062,1.1996730667410354
966.1334638765062,1.2039474657160218
966.2334638765062,1.2081606182001698
966.3334638765062,1.2123092749622884
966.4334638765063,1.216390208440652
966.5334638765063,1.2204002168855081
966.6334638765063,1.2243361285082464
966.7334638765063,1.2281948056297882
966.8334638765064,1.2319731488206687
966.9334638765064,1.2356681010252288
967.0334638765064,1.2392766516622855
967.1334638765064,1.24279584069463
967.2334638765064,1.246222762659691
967.3334638765065,1.2495545706537166
967.4334638765065,1.2527884802618554
967.5334638765065,1.255921773426567
967.6334638765065,1.2589518022468604
967.7334638765066,1.2618759927009444
967.8334638765066,1.2646918482849798
967.9334638765066,1.2673969535607439
968.0334638765066,1.2699889776051632
968.1334638765067,1.272465677354825
968.2334638765067,1.2748249008387627
968.3334638765067,1.277064590292991
968.4334638765067,1.2791827851504982
968.5334638765067,1.2811776249006108
968.6334638765068,1.2830473518119
968.7334638765068,1.2847903135130587
968.8334638765068,1.2864049654264464
968.9334638765068,1.287889873049291
969.0334638765069,1.2892437140778348
969.1334638765069,1.2904652803700287
969.2334638765069,1.2915534797426997
969.3334638765069,1.2925073375994574
969.433463876507,1.2933259983859455
969.533463876507,1.2940087268694107
969.633463876507,1.2945549092399071
969.733463876507,1.2949640540308436
969.833463876507,1.295235792856949
969.9334638765071,1.2953698809681087
970.0334638765071,1.2953513659078575
970.1334638765071,1.2951002152083657
970.2334638765071,1.294604863683766
970.3334638765072,1.293866103694854
970.4334638765072,1.29288511583472
970.5334638765072,1.2916634657871449
970.6334638765072,1.2902031001650756
970.7334638765072,1.288506341344693
970.8334638765073,1.2865758813142847
970.9334638765073,1.284414774560757
971.0334638765073,1.2820264300201307
971.1334638765073,1.2794146021217454
971.2334638765074,1.2765833809591385
971.3334638765074,1.2735371816236576
971.4334638765074,1.2702807327397745
971.5334638765074,1.2668190642438115
971.6334638765074,1.2631574944503212
971.7334638765075,1.2593016164527044
971.8334638765075,1.2552572839067637
971.9334638765075,1.2510305962477883
972.0334638765075,1.2466278833934292
972.1334638765076,1.2420556899860524
972.2334638765076,1.2373207592294464
972.3334638765076,1.2324300163756958
972.4334638765076,1.2273905519187376
972.5334638765077,1.222209604551558
972.6334638765077,1.2168945439441892
972.7334638765077,1.2114528533996305
972.8334638765077,1.205892112444523
972.9334638765077,1.2002199794108994
973.0334638765078,1.1944441740645628
973.1334638765078,1.188572460334692
973.2334638765078,1.18261262919806
973.3334638765078,1.176572481769867
973.4334638765079,1.1704598126515853
973.5334638765079,1.1642823935844322
973.6334638765079,1.1580479574551308
973.7334638765079,1.151764182698493
973.833463876508,1.1454386781390968
973.933463876508,1.1390789683119138
974.033463876508,1.1326924792992235
974.133463876508,1.1262865251185086
974.233463876508,1.1198682946933003
974.3334638765081,1.1134448394361325
974.4334638765081,1.1070230614698962
974.5334638765081,1.1006097025109667
974.6334638765081,1.0942113334345205
974.7334638765082,1.0878343445394938
974.8334638765082,1.08148493652766
974.9334638765082,1.0751691122083327
975.0334638765082,1.0688926689372722
975.1334638765082,1.06266119179546
975.2334638765083,1.056480047510562
975.3334638765083,1.0503543791211059
975.4334638765083,1.0442891013806843
975.5334638765083,1.038288896896867
975.6334638765084,1.0323582129969635
975.7334638765084,1.0265012593103515
975.8334638765084,1.0207220060547688
975.9334638765084,1.0150241830117595
976.0334638765084,1.0094112791744074
976.1334638765085,1.0038865430485442
976.2334638765085,0.9984529835868228
976.3334638765085,0.9931133717333931
976.4334638765085,0.987870242555407
976.5334638765086,0.9827258979362155
976.6334638765086,0.977682409803913
976.7334638765086,0.9727416238678225
976.8334638765086,0.9679051638346048
976.9334638765087,0.9631744360749144
977.0334638765087,0.9585506347109156
977.1334638765087,0.9540347470945035
977.2334638765087,0.9496275596457502
977.3334638765087,0.9453296640209163
977.4334638765088,0.9411414635793134
977.5334638765088,0.9370631801183833
977.6334638765088,0.9330948608465688
977.7334638765088,0.9292363855638652
977.8334638765089,0.925487474020385
977.9334638765089,0.9218476934238019
978.0334638765089,0.918316466067185
978.1334638765089,0.9148930770494611
978.233463876509,0.9115766820615608
978.333463876509,0.908366315212194
978.433463876509,0.9052608968681642
978.533463876509,0.9022592414851508
978.633463876509,0.8993600654059672
978.7334638765091,0.8965619946044252
978.8334638765091,0.893863572354095
978.9334638765091,0.8912632668024468
979.0334638765091,0.8887594784320743
979.1334638765092,0.886350547391933
979.2334638765092,0.8840347606827736
979.3334638765092,0.8818103591821936
979.4334638765092,0.8796755444959778
979.5334638765092,0.8776284856236335
979.6334638765093,0.8756673254272455
979.7334638765093,0.8737901868939802
979.8334638765093,0.8719951791837435
979.9334638765093,0.8702804034546422
980.0334638765094,0.868643958460019
980.1334638765094,0.8670839459118993
980.2334638765094,0.8655984756067316
980.3334638765094,0.8641856703102903
980.4334638765094,0.8628436703995562
980.5334638765095,0.8615706382602911
980.6334638765095,0.8603647624398629
980.7334638765095,0.8592242615556772
980.8334638765095,0.8581473879603123
980.9334638765096,0.8571324311651399
981.0334638765096,0.8561777210248492
981.1334638765096,0.8552816306858715
981.2334638765096,0.8544425793022272
981.3334638765097,0.8536590345227875
981.4334638765097,0.8529295147543635
981.5334638765097,0.8522525912054032
981.6334638765097,0.851626889715391
981.7334638765097,0.8510510923753162
981.8334638765098,0.850523938944794
981.9334638765098,0.8500442280716026
982.0334638765098,0.8496108183195312
982.1334638765098,0.8492226290105229
982.2334638765099,0.848878640887157
982.3334638765099,0.848577896601528
982.4334638765099,0.8483195010365632
982.5334638765099,0.848102621465779
982.63346387651,0.8479264875573975
982.73346387651,0.8477903912286477
982.83346387651,0.8476936863559525
982.93346387651,0.8476357883465642
983.03346387651,0.847616173577047
983.1334638765101,0.8476343787038377
983.2334638765101,0.8476899998509265
983.3334638765101,0.8477826916795081
983.4334638765101,0.8479121663442527
983.5334638765102,0.8480781923406414
983.6334638765102,0.8482805932476049
983.7334638765102,0.8485192463694973
983.8334638765102,0.8487940812812375
983.9334638765102,0.8491050782802471
984.0334638765103,0.8494522667486284
984.1334638765103,0.84983572342884
984.2334638765103,0.8502555706159547
984.3334638765103,0.8507119742694282
984.4334638765104,0.8512051420471546
984.5334638765104,0.8517353212644561
984.6334638765104,0.8523027967805367
984.7334638765104,0.8529078888148283
984.8334638765105,0.8535509506955767
984.9334638765105,0.8542323665429508
985.0334638765105,0.8549525488889111
985.1334638765105,0.8557119362360504
985.2334638765105,0.8565109905576094
985.3334638765106,0.8573501947408875
985.4334638765106,0.858230049976296
985.5334638765106,0.8591510730943585
985.6334638765106,0.860113793853029
985.7334638765107,0.8611187521777945
985.8334638765107,0.8621664953571284
985.9334638765107,0.863257575195995
986.0334638765107,0.8643925451302411
986.1334638765107,0.8655719573048711
986.2334638765108,0.8667963596193748
986.3334638765108,0.8680662927434603
986.4334638765108,0.8693822871067454
986.5334638765108,0.8707448598661707
986.6334638765109,0.8721545118551101
986.7334638765109,0.8736117245183906
986.8334638765109,0.8751169568376591
986.9334638765109,0.8766706422517736
987.033463876511,0.8782731855771413
987.133463876511,0.8799249599331624
987.233463876511,0.8816263036781866
987.333463876511,0.8833775173616258
987.433463876511,0.8851788606981021
987.5334638765111,0.8870305495697454
987.6334638765111,0.8889327530629682
987.7334638765111,0.8908855905462688
987.8334638765111,0.8928891287958063
987.9334638765112,0.894943379175681
988.0334638765112,0.8970482948800325
988.1334638765112,0.8992037682442121
988.2334638765112,0.9014096281324351
988.3334638765112,0.9036656374094257
988.4334638765113,0.9059714905036687
988.5334638765113,0.9083268110699485
988.6334638765113,0.910731149758907
988.7334638765113,0.9131839821013662
988.8334638765114,0.9156847065151598
988.9334638765114,0.9182326424421763
989.0334638765114,0.9208270286232546
989.1334638765114,0.923467021518472
989.2334638765115,0.9261516938802394
989.3334638765115,0.9288800334864562
989.4334638765115,0.9316509420407846
989.5334638765115,0.9344632342468773
989.6334638765115,0.9373156370631319
989.7334638765116,0.940206789144254
989.8334638765116,0.9431352404755826
989.9334638765116,0.9460994522057764
990.0334638765116,0.9490977966830636
990.1334638765117,0.9521285576998371
990.2334638765117,0.9551899309499233
990.3334638765117,0.9582800247023645
990.4334638765117,0.961396860695045
990.5334638765117,0.9645383752509477
990.6334638765118,0.967702420619259
990.7334638765118,0.9708867665429504
990.8334638765118,0.9740891020538446
990.9334638765118,0.9773070374955433
991.0334638765119,0.9805381067739317
991.1334638765119,0.9837797698343064
991.2334638765119,0.9870294153634842
991.3334638765119,0.9902843637145506
991.433463876512,0.9935418700511971
991.533463876512,0.9967991277078799
991.633463876512,1.000053271761316
991.733463876512,1.0033013828081045
991.833463876512,1.0065404909425486
991.9334638765121,1.0097675799280323
992.0334638765121,1.0129795915546005
992.1334638765121,1.0161734301746923
992.2334638765121,1.019345967408295
992.3334638765122,1.0224940470081156
992.4334638765122,1.0256144898747193
992.5334638765122,1.028704099210961
992.6334638765122,1.031759665804433
992.7334638765122,1.0347779734260762
992.8334638765123,1.0377558043325723
992.9334638765123,1.040689944859611
993.0334638765123,1.0435771910926683
993.1334638765123,1.0464143546014952
993.2334638765124,1.0491982682241185
993.3334638765124,1.051925791885818
993.4334638765124,1.0545938184382333
993.5334638765124,1.0571992795035012
993.6334638765125,1.0597391513081182
993.7334638765125,1.0622104604910632
993.8334638765125,1.0646102898706156
993.9334638765125,1.0669357841542457
994.0334638765125,1.0691841555759622
994.1334638765126,1.0713526894455525
994.2334638765126,1.073438749594261
994.3334638765126,1.0754397837016239
994.4334638765126,1.0773533284883843
994.5334638765127,1.0791770147606998
994.6334638765127,1.0809085722911724
994.7334638765127,1.0825458345226164
994.8334638765127,1.084086743080908
994.9334638765127,1.085529352083751
995.0334638765128,1.086871832232715
995.1334638765128,1.0881124746764943
995.2334638765128,1.089249694633947
995.3334638765128,1.0902820347661566
995.4334638765129,1.091208168287459
995.5334638765129,1.0920269018061255
995.6334638765129,1.0927371778861819
995.7334638765129,1.0933380773226544
995.833463876513,1.0938288211233838
995.933463876513,1.0942087721914135
996.033463876513,1.0944774367028682
996.133463876513,1.0946344651761344
996.233463876513,1.094679642993416
996.3334638765131,1.0946116126993886
996.4334638765131,1.094429560788582
996.5334638765131,1.0941337288466007
996.6334638765131,1.0937245092118915
996.7334638765132,1.0932024441084771
996.8334638765132,1.0925682244485473
996.9334638765132,1.0918226883085995
997.0334638765132,1.0909668190838382
997.1334638765132,1.0900017433265132
997.2334638765133,1.0889287282748528
997.3334638765133,1.0877491790801712
997.4334638765133,1.086464635740648
997.5334638765133,1.0850767697511357
997.6334638765134,1.0835873804792042
997.7334638765134,1.081998391278409
997.8334638765134,1.0803118453505376
997.9334638765134,1.0785299013692868
998.0334638765135,1.0766548288784856
998.1334638765135,1.0746890034785905
998.2334638765135,1.0726349018157266
998.3334638765135,1.0704950963880608
998.4334638765135,1.0682722501847306
998.5334638765136,1.065969111172945
998.6334638765136,1.0635885066491986
998.7334638765136,1.0611333374708194
998.8334638765136,1.0586065721842717
998.9334638765137,1.0560112410667941
999.0334638765137,1.0533504300980412
999.1334638765137,1.0506272748784267
999.2334638765137,1.047844954510843
999.3334638765137,1.0450066854623423
999.4334638765138,1.0421157154222223
999.5334638765138,1.0391753171727598
999.6334638765138,1.036188782488585
999.7334638765138,1.0331594160803759
999.8334638765139,1.0300905295982028
999.9334638765139,1.0269854357094388
1000.0334638765139,1.023847442265708
1000.1334638765139,1.0206798465728377
1000.233463876514,1.0174859297772505
1000.333463876514,1.014268951381653
1000.433463876514,1.0110321439022623
1000.533463876514,1.0077787076791753
1000.633463876514,1.004511805850803
1000.7334638765141,1.0012345595025973
1000.8334638765141,0.9979500429995734
1000.9334638765141,0.994661279511383
1001.0334638765141,0.9913712367379429
1001.1334638765142,0.9880828228428418
1001.2334638765142,0.9847988826009687
1001.3334638765142,0.9815221937660197
1001.4334638765142,0.9782554636627423
1001.5334638765142,0.9750013260079857
1001.6334638765143,0.9717623379638378
1001.7334638765143,0.9685409774253408
1001.8334638765143,0.9653396405445067
1001.9334638765143,0.9621606394915893
1002.0334638765144,0.9590062004538199
1002.1334638765144,0.9558784618710836
1002.2334638765144,0.9527794729073011
1002.3334638765144,0.9497111921555894
1002.4334638765145,0.9466754865746132
1002.5334638765145,0.9436741306528916
1002.6334638765145,0.940708805797223
1002.7334638765145,0.9377810999407975
1002.8334638765145,0.9348925073660254
1002.9334638765146,0.9320444287365848
1003.0334638765146,0.9292381713327086
1003.1334638765146,0.9264749494832818
1003.2334638765146,0.9237558851879016
1003.3334638765147,0.9210820089216767
1003.4334638765147,0.9184542606151971
1003.5334638765147,0.9158734908018008
1003.6334638765147,0.9133404619239927
1003.7334638765147,0.9108558497906384
1003.8334638765148,0.9084202451763621
1003.9334638765148,0.9060341555544109
1004.0334638765148,0.9036980069541306
1004.1334638765148,0.9014121459341012
1004.2334638765149,0.8991768416619307
1004.3334638765149,0.896992288091676
1004.4334638765149,0.8948586062298779
1004.5334638765149,0.8927758464812282
1004.633463876515,0.8907439910649658
1004.733463876515,0.8887629564931916
1004.833463876515,0.88683259610242
1004.933463876515,0.8849527026298383
1005.033463876515,0.8831230108259163
1005.1334638765151,0.8813432000952127
1005.2334638765151,0.8796128971574385
1005.3334638765151,0.8779316787210795
1005.4334638765151,0.8762990741621358
1005.5334638765152,0.8747145682008072
1005.6334638765152,0.8731776035692408
1005.7334638765152,0.8716875836637566
1005.8334638765152,0.8702438751752755
1005.9334638765152,0.8688458106919938
1006.0334638765153,0.8674926912686792
1006.1334638765153,0.866183788957288
1006.2334638765153,0.8649183492939503
1006.3334638765153,0.8636955937377044
1006.4334638765154,0.8625147220567073
1006.5334638765154,0.8613749146579873
1006.6334638765154,0.8602753348571512
1006.7334638765154,0.8592151310847918
1006.8334638765155,0.8581934390266805
1006.9334638765155,0.857209383695161
1007.0334638765155,0.8562620814294786
1007.1334638765155,0.8553506418231063
1007.2334638765155,0.8544741695764316
1007.3334638765156,0.8536317662734724
1007.4334638765156,0.8528225320815823
1007.5334638765156,0.8520455673733872
1007.6334638765156,0.8512999742704642
1007.7334638765157,0.8505848581085385
1007.8334638765157,0.8498993288242157
1007.9334638765157,0.8492425022635092
1008.0334638765157,0.8486135014126405
1008.1334638765157,0.8480114575518053
1008.2334638765158,0.8474355113327933
1008.3334638765158,0.8468848137815361
1008.4334638765158,0.8463585272268288
