952.7334638765032,3.8435318323677244e-19
952.8334638765032,4.641045456892363e-19
952.9334638765032,5.601607327547019e-19
953.0334638765032,6.758043772254546e-19
953.1334638765032,8.149685299595026e-19
953.2334638765033,9.823634069616294e-19
953.3334638765033,1.1836274104153968e-18
953.4334638765033,1.4255069887471778e-18
953.5334638765033,1.716070743111033e-18
953.6334638765034,2.064964182315483e-18
953.7334638765034,2.483712702137884e-18
953.8334638765034,2.9860817498255715e-18
953.9334638765034,3.588504767457658e-18
954.0334638765034,4.31059143220916e-18
954.1334638765035,5.175730978330056e-18
954.2334638765035,6.211808054437147e-18
954.3334638765035,7.4520517102495e-18
954.4334638765035,8.936041800747066e-18
954.5334638765036,1.0710901438219518e-17
954.6334638765036,1.2832709225175416e-17
954.7334638765036,1.53681709936323e-17
954.8334638765036,1.8396597810672477e-17
954.9334638765037,2.2012245263327584e-17
955.0334638765037,2.6327078714227306e-17
955.1334638765037,3.1474040563441125e-17
955.2334638765037,3.761090884160045e-17
955.3334638765037,4.4924852020641164e-17
955.4334638765038,5.363780314052673e-17
955.5334638765038,6.401279765401318e-17
955.6334638765038,7.636144429922467e-17
955.7334638765038,9.105272741671633e-17
955.8334638765039,1.0852337312458735e-16
955.9334638765039,1.292900514537977e-16
956.0334638765039,1.5396373285564994e-16
956.1334638765039,1.8326657150191646e-16
956.233463876504,2.18051750753526e-16
956.333463876504,2.5932679952108826e-16
956.433463876504,3.0828097365237765e-16
956.533463876504,3.6631739589204946e-16
956.633463876504,4.3509076360351656e-16
956.7334638765041,5.165515679049144e-16
956.8334638765041,6.129979241332255e-16
956.9334638765041,7.271362950557136e-16
957.0334638765041,8.621525989657991e-16
957.1334638765042,1.0217954393101295e-15
957.2334638765042,1.2104734760683181e-15
957.3334638765042,1.4333692878214377e-15
957.4334638765042,1.6965724542913268e-15
957.5334638765042,2.0072350301514545e-15
957.6334638765043,2.3737530913492316e-15
957.7334638765043,2.8059786256638735e-15
957.8334638765043,3.315466721955736e-15
957.9334638765043,3.9157638015497445e-15
958.0334638765044,4.622743546505928e-15
958.1334638765044,5.454998231587717e-15
958.2334638765044,6.434294380657234e-15
958.3334638765044,7.586103068188309e-15
958.4334638765044,8.940216800270229e-15
958.5334638765045,1.05314667685485e-14
958.6334638765045,1.2400556411219732e-14
958.7334638765045,1.4595029678845216e-14
958.8334638765045,1.7170395236635037e-14
958.9334638765046,2.0191431092923484e-14
959.0334638765046,2.3733697887364143e-14
959.1334638765046,2.788529337208329e-14
959.2334638765046,3.274888555463658e-14
959.3334638765047,3.84440676341752e-14
959.4334638765047,4.5110084355457266e-14
959.5334638765047,5.290898684715982e-14
959.6334638765047,6.202928153550565e-14
959.7334638765047,7.269014848388226e-14
959.8334638765048,8.514631567703166e-14
959.9334638765048,9.969368854093655e-14
960.0334638765048,1.166758485896627e-13
960.1334638765048,1.3649155177074021e-13
960.2334638765049,1.5960337612758627e-13
960.3334638765049,1.8654769013515714e-13
960.4334638765049,2.1794613786049226e-13
960.5334638765049,2.545188653681709e-13
960.633463876505,2.970997450011895e-13
960.733463876505,3.466538908506573e-13
960.833463876505,4.0429780048151635e-13
960.933463876505,4.713225054820564e-13
961.033463876505,5.492201674140171e-13
961.1334638765051,6.397146171167117e-13
961.2334638765051,7.447964050300038e-13
961.3334638765051,8.667630093369598e-13
961.4334638765051,1.0082649385124479e-12
961.5334638765052,1.1723585666777557e-12
961.6334638765052,1.362566655551737e-12
961.7334638765052,1.5829476474959208e-12
961.8334638765052,1.8381749621267457e-12
961.9334638765052,2.133627696403179e-12
962.0334638765053,2.4754943174479497e-12
962.1334638765053,2.870891151376423e-12
962.2334638765053,3.3279977131702443e-12
962.3334638765053,3.856211195589401e-12
962.4334638765054,4.4663227431237205e-12
962.5334638765054,5.1707184843487964e-12
962.6334638765054,5.98360868758935e-12
962.7334638765054,6.921288845873155e-12
962.8334638765054,8.002436993777674e-12
962.9334638765055,9.248452117609787e-12
963.0334638765055,1.0683839148861614e-11
963.1334638765055,1.233664673734198e-11
963.2334638765055,1.4238964794016719e-11
963.3334638765056,1.6427489684660605e-11
963.4334638765056,1.8944165955326443e-11
963.5334638765056,2.183691459203464e-11
963.6334638765056,2.5160459074027156e-11
963.7334638765057,2.897726188800405e-11
963.8334638765057,3.335858574723388e-11
963.9334638765057,3.8385695523443335e-11
964.0334638765057,4.415121887213204e-11
964.1334638765057,5.0760685736834326e-11
964.2334638765058,5.833426938080738e-11
964.3334638765058,6.700875434422466e-11
964.4334638765058,7.693975979284737e-11
964.5334638765058,8.830425014513319e-11
964.6334638765059,1.0130336867730578e-10
964.7334638765059,1.1616563405231425e-10
964.8334638765059,1.3315054444555782e-10
964.9334638765059,1.5255263919893503e-10
965.033463876506,1.7470607378163097e-10
965.133463876506,1.9998977033301274e-10
965.233463876506,2.2883321327805073e-10
965.333463876506,2.617229675134544e-10
965.433463876506,2.992100055449579e-10
965.5334638765061,3.4191793980259616e-10
965.6334638765061,3.905522672693323e-10
965.7334638765061,4.4591074563649e-10
965.8334638765061,5.088950335642564e-10
965.9334638765062,5.805237424052558e-10
966.0334638765062,6.619470630835835e-10
966.1334638765062,7.544631498633732e-10
966.2334638765062,8.595364626558779e-10
966.3334638765062,9.78818291483438e-10
966.4334638765063,1.1141697109392035e-09
966.5334638765063,1.2676872391673568e-09
966.6334638765063,1.4417315052721463e-09
966.7334638765063,1.6389592613981473e-09
966.8334638765064,1.862359111281927e-09
966.9334638765064,2.115291366154166e-09
967.0334638765064,2.401532481791905e-09
967.1334638765064,2.7253245776309274e-09
967.2334638765064,3.0914305905236722e-09
967.3334638765065,3.5051956723749888e-09
967.4334638765065,3.97261550294322e-09
967.5334638765065,4.500412257030876e-09
967.6334638765065,5.096119039615557e-09
967.7334638765066,5.768173683734013e-09
967.8334638765066,6.526022894721709e-09
967.9334638765066,7.380237821354787e-09
968.0334638765066,8.34264224022419e-09
968.1334638765067,9.426454655015383e-09
968.2334638765067,1.0646445738055102e-08
968.3334638765067,1.2019112678349414e-08
968.4334638765067,1.3562872149266981e-08
968.5334638765067,1.5298273770971973e-08
968.6334638765068,1.7248236118692175e-08
968.7334638765068,1.9438307519008295e-08
968.8334638765068,2.1896954083715743e-08
968.9334638765068,2.465587765566873e-08
969.0334638765069,2.7750366584665052e-08
969.1334638765069,3.1219682515254425e-08
969.2334638765069,3.51074866538043e-08
969.3334638765069,3.946230929079498e-08
969.433463876507,4.4338066687764116e-08
969.533463876507,4.979462979831075e-08
969.633463876507,5.589844968092113e-08
969.733463876507,6.272324487999981e-08
969.833463876507,7.035075650240929e-08
969.9334638765071,7.887157720213017e-08
970.0334638765071,8.838606080759494e-08
970.1334638765071,9.900531988710786e-08
970.2334638765071,1.1085231915000131e-07
970.3334638765072,1.2406307322728297e-07
970.4334638765072,1.3878795806815846e-07
970.5334638765072,1.5519314593070122e-07
970.6334638765072,1.7346217473889322e-07
970.7334638765072,1.937976634272699e-07
970.8334638765073,2.1642318580144626e-07
970.9334638765073,2.4158531641103167e-07
971.0334638765073,2.6955586296411165e-07
971.1334638765073,3.0063430091279144e-07
971.2334638765074,3.351504270107434e-07
971.3334638765074,3.7346724988965823e-07
971.4334638765074,4.159841370254615e-07
971.5334638765074,4.6314023887073417e-07
971.6334638765074,5.15418212420487e-07
971.7334638765075,5.733482680579474e-07
971.8334638765075,6.375125651988636e-07
971.9334638765075,7.085499840207375e-07
972.0334638765075,7.871613024307845e-07
972.1334638765076,8.74114809396915e-07
972.2334638765076,9.702523878430367e-07
972.3334638765076,1.0764961024968206e-06
972.4334638765076,1.1938553303780023e-06
972.5334638765077,1.3234344740312763e-06
972.6334638765077,1.4664413001427477e-06
972.7334638765077,1.6241959488356314e-06
972.8334638765077,1.7981406617210645e-06
972.9334638765077,1.9898502796865502e-06
973.0334638765078,2.201043564438581e-06
973.1334638765078,2.4335954009789017e-06
973.2334638765078,2.689549941486796e-06
973.3334638765078,2.9711347545027144e-06
973.4334638765079,3.2807760468611574e-06
973.5334638765079,3.621115029502877e-06
973.6334638765079,3.995025502105598e-06
973.7334638765079,4.405632735407155e-06
973.833463876508,4.856333734151971e-06
973.933463876508,5.3508189677666025e-06
974.033463876508,5.893095660158856e-06
974.133463876508,6.487512734430645e-06
974.233463876508,7.1387875127913166e-06
974.3334638765081,7.852034276546738e-06
974.4334638765081,8.632794795710748e-06
974.5334638765081,9.487070942529245e-06
974.6334638765081,1.0421359508010483e-05
974.7334638765082,1.1442689345404352e-05
974.8334638765082,1.2558660969454612e-05
974.9334638765082,1.3777488745141279e-05
975.0334638765082,1.5108045804521592e-05
975.1334638765082,1.6559911835141256e-05
975.2334638765083,1.814342388830603e-05
975.3334638765083,1.9869730360248123e-05
975.4334638765083,2.1750848303869925e-05
975.5334638765083,2.3799724233267613e-05
975.6334638765084,2.6030298587601082e-05
975.7334638765084,2.8457574025049636e-05
975.8334638765084,3.109768772154085e-05
975.9334638765084,3.396798785262721e-05
976.0334638765084,3.708711444026622e-05
976.1334638765085,4.047508474930158e-05
976.2334638765085,4.4153383421090656e-05
976.3334638765085,4.814505753394237e-05
976.4334638765085,5.247481678175488e-05
976.5334638765086,5.716913896344286e-05
976.6334638765086,6.225638097634338e-05
976.7334638765086,6.7766895506753e-05
976.8334638765086,7.373315361000055e-05
976.9334638765087,8.018987337095467e-05
977.0334638765087,8.717415483352957e-05
977.1334638765087,9.47256213845305e-05
977.2334638765087,0.00010288656777300056
977.3334638765087,0.0001117021149410326
977.4334638765088,0.00012122037183572072
977.5334638765088,0.00013149260436447639
977.6334638765088,0.00014257341164726
977.7334638765088,0.00015452090970930447
977.8334638765089,0.0001673969227465607
977.9334638765089,0.00018126718208331664
978.0334638765089,0.00019620153292714722
978.1334638765089,0.00021227414901048888
978.233463876509,0.00022956375519061082
978.333463876509,0.00024815385806054447
978.433463876509,0.00026813298460252573
978.533463876509,0.00028959492889268516
978.633463876509,0.00031263900684099356
978.7334638765091,0.0003373703189238152
978.8334638765091,0.00036390002083775644
978.9334638765091,0.00039234560197282315
979.0334638765091,0.0004228311715701133
979.1334638765092,0.00045548775239442457
979.2334638765092,0.0004904535817151402
979.3334638765092,0.0005278744193496237
979.4334638765092,0.0005679038624820431
979.5334638765092,0.0006107036669270933
979.6334638765093,0.0006564440744624877
979.7334638765093,0.0007053041458063636
979.8334638765093,0.0007574720987659286
979.9334638765093,0.0008131456510318225
980.0334638765094,0.0008725323670387922
980.1334638765094,0.0009358500082575172
980.2334638765094,0.0010033268862248148
980.3334638765094,0.0010752022175600346
980.4334638765094,0.001151726480154552
980.5334638765095,0.0012331617696586985
980.6334638765095,0.0013197821553266572
980.7334638765095,0.0014118740342147947
980.8334638765095,0.0015097364826628299
980.9334638765096,0.0016136816039203626
981.0334638765096,0.0017240348707137539
981.1334638765096,0.0018411354614805008
981.2334638765096,0.0019653365889301735
981.3334638765097,0.002097005819523135
981.4334638765097,0.002236525382390769
981.5334638765097,0.0023842924661541445
981.6334638765097,0.002540719502032349
981.7334638765097,0.0027062344315673184
981.8334638765098,0.0028812809572293526
981.9334638765098,0.003066318774106915
982.0334638765098,0.003261823780826183
982.1334638765098,0.00346828826779065
982.2334638765099,0.0036862210807789538
982.3334638765099,0.00391614775789088
982.4334638765099,0.004158610637787394
982.5334638765099,0.004414168937130653
982.63346387651,0.004683398795095672
982.73346387651,0.004966893282795835
982.83346387651,0.005265262375441431
982.93346387651,0.005579132885033237
983.03346387651,0.005909148351383388
983.1334638765101,0.006255968889252802
983.2334638765101,0.006620270989399391
983.3334638765101,0.007002747271344504
983.4334638765101,0.0074041061856867305
983.5334638765102,0.007825071663822857
983.6334638765102,0.008266382712976207
983.7334638765102,0.008728792954482268
983.8334638765102,0.009213070103342026
983.9334638765102,0.009719995387123854
984.0334638765103,0.010250362902376606
984.1334638765103,0.010804978906808971
984.2334638765103,0.011384661045594269
984.3334638765103,0.011990237510275618
984.4334638765104,0.01262254612887328
984.5334638765104,0.013282433385935778
984.6334638765104,0.013970753371426926
984.7334638765104,0.01468836665750458
984.8334638765105,0.015436139102421446
984.9334638765105,0.016214940580965908
985.0334638765105,0.0170256436410589
985.1334638765105,0.017869122086333653
985.2334638765105,0.01874624948474659
985.3334638765106,0.01965789760350014
985.4334638765106,0.020604934770801876
985.5334638765106,0.02158822416523738
985.6334638765106,0.022608622033797668
985.7334638765107,0.023666975839874132
985.8334638765107,0.02476412234281454
985.9334638765107,0.025900885610922235
986.0334638765107,0.027078074970075607
986.1334638765107,0.02829648289044681
986.2334638765108,0.029556882814104957
986.3334638765108,0.03086002692659982
986.4334638765108,0.03220664387593619
986.5334638765108,0.0335974364426647
986.6334638765109,0.03503307916513175
986.7334638765109,0.03651421592424804
986.8334638765109,0.038041457492449055
986.9334638765109,0.03961537905183347
987.033463876511,0.04123651768677252
987.133463876511,0.042905369856585086
987.233463876511,0.044622388854167534
987.333463876511,0.0463879822567536
987.433463876511,0.0482025093752546
987.5334638765111,0.05006627870889487
987.6334638765111,0.05197954541210729
987.7334638765111,0.05394250878089055
987.8334638765111,0.05595530976604902
987.9334638765112,0.058018028520938014
988.0334638765112,0.06013068199152067
988.1334638765112,0.06229322155670402
988.2334638765112,0.06450553072706196
988.3334638765112,0.06676742291016959
988.4334638765113,0.06907863925086484
988.5334638765113,0.07143884655481847
988.6334638765113,0.07384763530383248
988.7334638765113,0.07630451777129674
988.8334638765114,0.0788089262462134
988.9334638765114,0.08136021137415002
989.0334638765114,0.08395764062340005
989.1334638765114,0.08660039688451765
989.2334638765115,0.0892875772112469
989.3334638765115,0.09201819171068863
989.4334638765115,0.09479116259033507
989.5334638765115,0.0976053233693577
989.6334638765115,0.10045941826125507
989.7334638765116,0.10335210173465366
989.8334638765116,0.1062819382587107
989.9334638765116,0.10924740223918734
990.0334638765116,0.11224687815085045
990.1334638765117,0.11527866087141761
990.2334638765117,0.11834095622178638
990.3334638765117,0.12143188171678462
990.4334638765117,0.12454946753014667
990.5334638765117,0.1276916576768592
990.6334638765118,0.13085631141543624
990.7334638765118,0.1340412048720705
990.8334638765118,0.1372440328879778
990.9334638765118,0.14046241109059604
991.0334638765119,0.1436938781886296
991.1334638765119,0.14693589849024155
991.2334638765119,0.1501858646429936
991.3334638765119,0.153441100593421
991.433463876512,0.15669886476340575
991.533463876512,0.15995635343978332
991.633463876512,0.16321070437288523
991.733463876512,0.1664590005789864
991.833463876512,0.1696982743408948
991.9334638765121,0.17292551140019477
992.0334638765121,0.1761376553339366
992.1334638765121,0.17933161210785853
992.2334638765121,0.18250425479753224
992.3334638765122,0.1856524284681485
992.4334638765122,0.18877295520300144
992.5334638765122,0.19186263927009703
992.6334638765122,0.19491827241570403
992.7334638765122,0.19793663927308502
992.8334638765123,0.2009145228740999
992.9334638765123,0.20384871025085743
993.0334638765123,0.206735998114117
993.1334638765123,0.20957319859470183
993.2334638765124,0.2123571450337907
993.3334638765124,0.21508469780760123
993.4334638765124,0.21775275017167178
993.5334638765124,0.22035823410968766
993.6334638765125,0.2228981261715892
993.7334638765125,0.225369453285537
993.8334638765125,0.22776929852820374
993.9334638765125,0.23009480683780462
994.0334638765125,0.2323431906542795
994.1334638765126,0.23451173547109136
994.2334638765126,0.23659780528321311
994.3334638765126,0.2385988479160401
994.4334638765126,0.24051240022017897
994.5334638765127,0.24233609311734033
994.6334638765127,0.24406765648288428
994.7334638765127,0.24570492385095039
994.8334638765127,0.2472458369285322
994.9334638765127,0.24868844990534006
995.0334638765128,0.2500309335468259
995.1334638765128,0.2512715790583234
995.2334638765128,0.2524088017088806
995.3334638765128,0.2534411442040287
995.4334638765129,0.2543672797974422
995.5334638765129,0.25518601513218975
995.6334638765129,0.25589629280305837
995.7334638765129,0.25649719363225276
995.833463876513,0.2569879386516107
995.933463876513,0.2573678907853535
996.033463876513,0.2576365562282824
996.133463876513,0.2577935855152466
996.233463876513,0.2578387640429523
996.3334638765131,0.2577707343688423
996.4334638765131,0.2575886829986804
996.5334638765131,0.2572928515279503
996.6334638765131,0.2568836323037803
996.7334638765132,0.2563615675578192
996.8334638765132,0.2557273482089504
996.9334638765132,0.25498181233954464
997.0334638765132,0.25412594334995536
997.1334638765132,0.253160867796945
997.2334638765133,0.25208785292269326
997.3334638765133,0.2509083038819736
997.4334638765133,0.24962376067599087
997.5334638765133,0.24823589480224348
997.6334638765134,0.2467465056306123
997.7334638765134,0.24515751651667128
997.8334638765134,0.2434709706639694
997.9334638765134,0.24168902674773962
998.0334638765135,0.23981395431315075
998.1334638765135,0.23784812896182578
998.2334638765135,0.2357940273409059
998.3334638765135,0.23365422194944227
998.4334638765135,0.23143137577734152
998.5334638765136,0.22912823679248068
998.6334638765136,0.22674763229193523
998.7334638765136,0.22429246313353718
998.8334638765136,0.22176569786418826
998.9334638765137,0.2191703667615066
999.0334638765137,0.2165095558054754
999.1334638765137,0.21378640059679327
999.2334638765137,0.21100408023859926
999.3334638765137,0.20816581119815883
999.4334638765138,0.20527484116495384
999.5334638765138,0.2023344429214209
999.6334638765138,0.19934790824232768
999.7334638765138,0.19631854183847128
999.8334638765139,0.19324965536002425
999.9334638765139,0.19014456147444847
1000.0334638765139,0.18700656803344393
1000.1334638765139,0.18383897234290364
1000.233463876514,0.180645055549307
1000.333463876514,0.1774280771554087
1000.433463876514,0.17419126967746792
1000.533463876514,0.17093783345561742
1000.633463876514,0.16767093162829896
1000.7334638765141,0.1643936852809913
1000.8334638765141,0.16110916877873183
1000.9334638765141,0.15782040529119193
1001.0334638765141,0.15453036251830526
1001.1334638765142,0.1512419486236744
1001.2334638765142,0.14795800838220086
1001.3334638765142,0.14468131954759117
1001.4334638765142,0.1414145894446016
1001.5334638765142,0.13816045179008926
1001.6334638765143,0.1349214637461484
1001.7334638765143,0.1317001032078268
1001.8334638765143,0.1284987663271412
1001.9334638765143,0.12531976527434951
1002.0334638765144,0.1221653262366865
1002.1334638765144,0.11903758765404016
1002.2334638765144,0.11593859869033354
1002.3334638765144,0.11287031793868607
1002.4334638765145,0.1098346123577639
1002.5334638765145,0.10683325643608808
1002.6334638765145,0.10386793158045798
1002.7334638765145,0.1009402257240649
1002.8334638765145,0.09805163314932012
1002.9334638765146,0.09520355451990248
1003.0334638765146,0.09239729711604568
1003.1334638765146,0.0896340752666352
1003.2334638765146,0.08691501097126868
1003.3334638765147,0.0842411347050552
1003.4334638765147,0.08161338639858526
1003.5334638765147,0.07903261658519711
1003.6334638765147,0.0764995877073957
1003.7334638765147,0.07401497557404715
1003.8334638765148,0.07157937095977558
1003.9334638765148,0.06919328133782841
1004.0334638765148,0.06685713273755141
1004.1334638765148,0.0645712717175249
1004.2334638765149,0.062335967445356646
1004.3334638765149,0.06015141387510392
1004.4334638765149,0.05801773201330739
1004.5334638765149,0.05593497226465905
1004.633463876515,0.05390311684839787
1004.733463876515,0.051922082276624586
1004.833463876515,0.049991721885853845
1004.933463876515,0.04811182841327268
1005.033463876515,0.04628213660935121
1005.1334638765151,0.04450232587864808
1005.2334638765151,0.042772022940874274
1005.3334638765151,0.041090804504515605
1005.4334638765151,0.03945819994557216
1005.5334638765152,0.03787369398424373
1005.6334638765152,0.036336729352677545
1005.7334638765152,0.03484670944719356
1005.8334638765152,0.03340300095871243
1005.9334638765152,0.032004936475430935
1006.0334638765153,0.030651817052116448
1006.1334638765153,0.029342914740725288
1006.2334638765153,0.02807747507738757
1006.3334638765153,0.026854719521141785
1006.4334638765154,0.025673847840144697
1006.5334638765154,0.0245340404414248
1006.6334638765154,0.023434460640588746
1006.7334638765154,0.022374256868229234
1006.8334638765155,0.021352564810118078
1006.9334638765155,0.020368509478598567
1007.0334638765155,0.019421207212916156
1007.1334638765155,0.018509767606543878
1007.2334638765155,0.017633295359869152
1007.3334638765156,0.016790892056909923
1007.4334638765156,0.01598165786501991
1007.5334638765156,0.015204693156824767
1007.6334638765156,0.014459100053901833
1007.7334638765157,0.013743983891976104
1007.8334638765157,0.013058454607653331
1007.9334638765157,0.012401628046946798
1008.0334638765157,0.011772627196078071
1008.1334638765157,0.011170583335242856
1008.2334638765158,0.0105946371162309
1008.3334638765158,0.010043939564973776
1008.4334638765158,0.009517653010266393
