957.5435078365223,1.6881697686575547e-14
957.6435078365223,1.980073475945686e-14
957.7435078365223,2.321484153196361e-14
957.8435078365223,2.7206292970800714e-14
957.9435078365224,3.187074732539677e-14
958.0435078365224,3.731937430112652e-14
958.1435078365224,4.3681313586524703e-14
958.2435078365224,5.1106513710797994e-14
958.3435078365225,5.976900856195364e-14
958.4435078365225,6.987069730008332e-14
958.5435078365225,8.164570299990688e-14
958.6435078365225,9.536539631608822e-14
958.7435078365226,1.1134418297042744e-13
958.8435078365226,1.2994616812271927e-13
958.9435078365226,1.5159282694555513e-13
959.0435078365226,1.7677182924744639e-13
959.1435078365226,2.0604718708349104e-13
959.2435078365227,2.400709183028452e-13
959.3435078365227,2.795964462965299e-13
959.4435078365227,3.2549398726650685e-13
959.5435078365227,3.7876821163239294e-13
959.6435078365228,4.4057850628347317e-13
959.7435078365228,5.122622098993177e-13
959.8435078365228,5.953612452093413e-13
959.9435078365228,6.916526306365317e-13
960.0435078365228,8.03183420167792e-13
960.1435078365229,9.323106955192336e-13
960.2435078365229,1.081747319849049e-12
960.3435078365229,1.2546142586816397e-12
960.4435078365229,1.4545003827678e-12
960.543507836523,1.6855307909125805e-12
960.643507836523,1.952444830143172e-12
960.743507836523,2.260685147967247e-12
960.843507836523,2.616499289128897e-12
960.943507836523,3.0270555497137673e-12
961.0435078365231,3.5005750274907123e-12
961.1435078365231,4.046482062138544e-12
961.2435078365231,4.675575545992395e-12
961.3435078365231,5.400223909060773e-12
961.4435078365232,6.234586945667334e-12
961.5435078365232,7.19486805901965e-12
961.6435078365232,8.299600959707454e-12
961.7435078365232,9.569975370614373e-12
961.8435078365233,1.1030206870689714e-11
961.9435078365233,1.2707956660928205e-11
962.0435078365233,1.46348077660297e-11
962.1435078365233,1.6846805003764566e-11
962.2435078365233,1.9385066971265613e-11
962.3435078365234,2.229647932464018e-11
962.4435078365234,2.5634479778015304e-11
962.5435078365234,2.9459946534309545e-11
962.6435078365234,3.384220329809406e-11
962.7435078365235,3.88601556279139e-11
962.8435078365235,4.460357518026621e-11
962.9435078365235,5.1174550400916864e-11
963.0435078365235,5.868912445442963e-11
963.1435078365236,6.727914367508322e-11
963.2435078365236,7.709434259984326e-11
963.3435078365236,8.830469473760604e-11
963.4435078365236,1.0110306167265875e-10
963.5435078365236,1.1570817693165003e-10
963.6435078365237,1.3236800530364165e-10
963.7435078365237,1.513635230373503e-10
963.8435078365237,1.730129695983524e-10
963.9435078365237,1.9767662750652832e-10
964.0435078365238,2.2576219325047662e-10
964.1435078365238,2.5773080945680444e-10
964.2435078365238,2.9410383645036346e-10
964.3435078365238,3.354704501556343e-10
964.4435078365238,3.824961630460299e-10
964.5435078365239,4.3593237564156226e-10
964.6435078365239,4.966270779892784e-10
964.7435078365239,5.655368337482541e-10
964.8435078365239,6.437401940645107e-10
964.943507836524,7.324527044957722e-10
965.043507836524,8.33043685977375e-10
965.143507836524,9.47054990368527e-10
965.243507836524,1.0762219526559171e-09
965.343507836524,1.222496785607543e-09
965.4435078365241,1.3880746887688252e-09
965.5435078365241,1.5754229723977126e-09
965.6435078365241,1.7873135284867216e-09
965.7435078365241,2.0268590156793382e-09
965.8435078365242,2.2975531629390552e-09
965.9435078365242,2.603315638578064e-09
966.0435078365242,2.948541977030371e-09
966.1435078365242,3.338159105920171e-09
966.2435078365243,3.777687070915376e-09
966.3435078365243,4.273307615987944e-09
966.4435078365243,4.831940342474344e-09
966.5435078365243,5.461327242227336e-09
966.6435078365243,6.170126478694337e-09
966.7435078365244,6.968016375507987e-09
966.8435078365244,7.865810665735014e-09
966.9435078365244,8.875586156942854e-09
967.0435078365244,1.0010824078405857e-08
967.1435078365245,1.12865664978239e-08
967.2435078365245,1.2719589326661004e-08
967.3435078365245,1.4328593576480066e-08
967.4435078365245,1.613441668435805e-08
967.5435078365246,1.8160265894583845e-08
967.6435078365246,2.0431975867400294e-08
967.7435078365246,2.297829288464984e-08
967.8435078365246,2.583118823799859e-08
967.9435078365246,2.902620361917494e-08
968.0435078365247,3.260283158470494e-08
968.1435078365247,3.66049344413439e-08
968.2435078365247,4.108120519427971e-08
968.3435078365247,4.608567451979649e-08
968.4435078365248,5.167826806908352e-08
968.5435078365248,5.7925418782017794e-08
968.6435078365248,6.490073929087756e-08
968.7435078365248,7.268575992601597e-08
968.8435078365249,8.137073830056809e-08
968.9435078365249,9.105554695144798e-08
969.0435078365249,1.0185064605145396e-07
969.1435078365249,1.138781487846086e-07
969.2435078365249,1.2727298759639046e-07
969.343507836525,1.4218419019481432e-07
969.443507836525,1.5877627489012501e-07
969.543507836525,1.7723077562292363e-07
969.643507836525,1.9774790784579812e-07
969.743507836525,2.2054838729497147e-07
969.8435078365251,2.458754146192292e-07
969.9435078365251,2.739968398266661e-07
970.0435078365251,3.052075215689551e-07
970.1435078365251,3.3983189741122295e-07
970.2435078365252,3.782267824368215e-07
970.3435078365252,4.207844148138365e-07
970.4435078365252,4.6793576830773855e-07
970.5435078365252,5.201541531659192e-07
970.6435078365253,5.779591283287402e-07
970.7435078365253,6.419207495419227e-07
970.8435078365253,7.126641796606101e-07
970.9435078365253,7.908746892499126e-07
971.0435078365254,8.773030775043243e-07
971.1435078365254,9.727715455326203e-07
971.2435078365254,1.0781800561898294e-06
971.3435078365254,1.194513216887036e-06
971.4435078365254,1.3228477241770612e-06
971.5435078365255,1.464360411402754e-06
971.6435078365255,1.6203369433082578e-06
971.7435078365255,1.7921812042553181e-06
971.8435078365255,1.9814254295593996e-06
971.9435078365256,2.1897411324669664e-06
972.0435078365256,2.4189508824379605e-06
972.1435078365256,2.67104099367861e-06
972.2435078365256,2.9481751862906657e-06
972.3435078365256,3.2527092859655662e-06
972.4435078365257,3.5872070318564447e-06
972.5435078365257,3.954457066107659e-06
972.6435078365257,4.357491182510092e-06
972.7435078365257,4.799603915880549e-06
972.8435078365258,5.2843735580323556e-06
972.9435078365258,5.8156846906099e-06
973.0435078365258,6.397752329599745e-06
973.1435078365258,7.035147780998373e-06
973.2435078365259,7.732826311909694e-06
973.3435078365259,8.49615674625455e-06
973.4435078365259,9.330953099294788e-06
973.5435078365259,1.0243508370294876e-05
973.6435078365259,1.1240630617856848e-05
973.743507836526,1.2329681447756046e-05
973.843507836526,1.3518617048464211e-05
973.943507836526,1.48160319149579e-05
974.043507836526,1.6231205406857255e-05
974.143507836526,1.7774151292407397e-05
974.2435078365261,1.9455670435277528e-05
974.3435078365261,2.1287406786597443e-05
974.4435078365261,2.3281906850044517e-05
974.5435078365261,2.5452682793119536e-05
974.6435078365262,2.781427938297364e-05
974.7435078365262,3.0382344930244365e-05
974.8435078365262,3.317370642929099e-05
974.9435078365262,3.620644908795848e-05
975.0435078365263,3.9500000444504023e-05
975.1435078365263,4.3075219273552525e-05
975.2435078365263,4.6954489486868455e-05
975.3435078365263,5.1161819238294065e-05
975.4435078365264,5.572294544536061e-05
975.5435078365264,6.0665443942787455e-05
975.6435078365264,6.6018845485282e-05
975.7435078365264,7.181475781870024e-05
975.8435078365264,7.808699403965037e-05
975.9435078365265,8.48717074639842e-05
976.0435078365265,9.220753322423267e-05
976.1435078365265,0.00010013573681487431
976.2435078365265,0.00010870036980228093
976.3435078365266,0.00011794843291321485
976.4435078365266,0.00012793004671179213
976.5435078365266,0.00013869863006977772
976.6435078365266,0.00015031108662891374
976.7435078365266,0.0001628279994465794
976.8435078365267,0.00017631383400740404
976.9435078365267,0.00019083714977341293
977.0435078365267,0.00020647082043379655
977.1435078365267,0.00022329226300240375
977.2435078365268,0.00024138367589646436
977.3435078365268,0.000260832286113804
977.4435078365268,0.0002817306056078273
977.5435078365268,0.00030417669693973956
977.6435078365269,0.0003282744482658199
977.7435078365269,0.00035413385769392485
977.8435078365269,0.0003818713270177741
977.9435078365269,0.0004116099648098843
978.0435078365269,0.0004434798988241584
978.143507836527,0.00047761859762716
978.243507836527,0.0005141712013428532
978.343507836527,0.0005532908613590793
978.443507836527,0.0005951390888052614
978.543507836527,0.0006398861115696693
978.6435078365271,0.0006877112395811197
978.7435078365271,0.0007388032380341535
978.8435078365271,0.0007933607081885073
978.9435078365271,0.0008515924753232056
979.0435078365272,0.0009137179833726916
979.1435078365272,0.0009799676957172616
979.2435078365272,0.0010505835015426578
979.3435078365272,0.0011258191271240555
979.4435078365273,0.0012059405513279422
979.5435078365273,0.00129122642456161
979.6435078365273,0.001381968490334269
979.7435078365273,0.001478472008526257
979.8435078365274,0.0015810561793935707
979.9435078365274,0.0016900545672641617
980.0435078365274,0.0018058155228103266
980.1435078365274,0.001928702602708107
980.2435078365274,0.002059094985420334
980.3435078365275,0.002197387881764735
980.4435078365275,0.0023439929388529863
980.5435078365275,0.0024993386359105046
980.6435078365275,0.0026638706704109577
980.7435078365276,0.0028380523328836744
980.8435078365276,0.0030223648686771663
980.9435078365276,0.0032173078248877696
981.0435078365276,0.003423399380589576
981.1435078365276,0.0036411766584305513
981.2435078365277,0.0038711960155905943
981.3435078365277,0.004114033312030434
981.4435078365277,0.004370284153896355
981.5435078365277,0.004640564109885045
981.6435078365278,0.004925508898315825
981.7435078365278,0.0052257745426047535
981.8435078365278,0.005542037492786827
981.9435078365278,0.0058749947106894185
982.0435078365279,0.006225363716322516
982.1435078365279,0.006593882593019789
982.2435078365279,0.006981309948839733
982.3435078365279,0.007388424831717975
982.4435078365279,0.007816026595851679
982.543507836528,0.008264934716794476
982.643507836528,0.008735988552746543
982.743507836528,0.009230047049539548
982.843507836528,0.009747988386840677
982.943507836528,0.010290709563134375
983.0435078365281,0.010859125917085297
983.1435078365281,0.01145417058294117
983.2435078365281,0.012076793877701116
983.3435078365281,0.012727962617852796
983.4435078365282,0.013408659363571922
983.5435078365282,0.014119881588379323
983.6435078365282,0.01486264077236545
983.7435078365282,0.01563796141721919
983.8435078365283,0.016446879981437408
983.9435078365283,0.017290443734245
984.0435078365283,0.018169709526920427
984.1435078365283,0.01908574248040128
984.2435078365284,0.02003961458823609
984.3435078365284,0.02103240323415373
984.4435078365284,0.022065189623740062
984.5435078365284,0.023139057129941784
984.6435078365284,0.024255089552361046
984.7435078365285,0.025414369290559433
984.8435078365285,0.02661797543185751
984.9435078365285,0.02786698175439418
985.0435078365285,0.029162454646499907
985.1435078365286,0.030505450943736995
985.2435078365286,0.03189701568526976
985.3435078365286,0.03333817979154503
985.4435078365286,0.03482995766558952
985.5435078365286,0.03637334472056412
985.6435078365287,0.03796931483655409
985.7435078365287,0.03961881774991913
985.8435078365287,0.041322776378875735
985.9435078365287,0.0430820840893361
986.0435078365288,0.04489760190538123
986.1435078365288,0.04677015566909942
986.2435078365288,0.04870053315487506
986.3435078365288,0.050689481143562545
986.4435078365289,0.052737702462327764
986.5435078365289,0.05484585299628136
986.6435078365289,0.0570145386783632
986.7435078365289,0.05924431246426405
986.8435078365289,0.06153567129948834
986.943507836529,0.06388905308596689
987.043507836529,0.06630483365592145
987.143507836529,0.06878332376096069
987.243507836529,0.07132476608464909
987.343507836529,0.07392933228703359
987.4435078365291,0.07659712008983731
987.5435078365291,0.07932815041123222
987.6435078365291,0.08212236455928335
987.7435078365291,0.08497962149331278
987.8435078365292,0.08789969516256228
987.9435078365292,0.09088227193163638
988.0435078365292,0.09392694810228293
988.1435078365292,0.09703322754111249
988.2435078365293,0.10020051942287245
988.3435078365293,0.1034281360988739
988.4435078365293,0.10671529110011706
988.5435078365293,0.11006109728457796
988.6435078365294,0.11346456513799696
988.7435078365294,0.11692460123735623
988.8435078365294,0.12044000688604076
988.9435078365294,0.12400947692945086
989.0435078365294,0.1276315987595686
989.1435078365295,0.1313048515166803
989.2435078365295,0.1350276054961194
989.3435078365295,0.1387981217675185
989.4435078365295,0.14261455201365017
989.5435078365296,0.14647493859548844
989.6435078365296,0.15037721484964225
989.7435078365296,0.15431920562379592
989.8435078365296,0.15829862805524372
989.9435078365296,0.16231309259702367
990.0435078365297,0.1663601042955451
990.1435078365297,0.17043706432296382
990.2435078365297,0.1745412717668898
990.3435078365297,0.1786699256793193
990.4435078365298,0.18282012738596648
990.5435078365298,0.18698888305642802
990.6435078365298,0.19117310653485994
990.7435078365298,0.19536962243006667
990.8435078365299,0.19957516946311646
990.9435078365299,0.20378640406979381
991.0435078365299,0.20799990425439102
991.1435078365299,0.21221217369052464
991.24350783653,0.2164196460638435
991.34350783653,0.22061868965067655
991.44350783653,0.22480561212585204
991.54350783653,0.22897666559211136
991.64350783653,0.23312805182273846
991.7435078365301,0.23725592770824078
991.8435078365301,0.24135641089714352
991.9435078365301,0.24542558562020803
992.0435078365301,0.2494595086866537
992.1435078365301,0.25345421564025855
992.2435078365302,0.2574057270625363
992.3435078365302,0.2613100550095433
992.4435078365302,0.2651632095682588
992.5435078365302,0.2689612055179073
992.6435078365303,0.2727000690810612
992.7435078365303,0.27637584474886967
992.8435078365303,0.2799846021643158
992.9435078365303,0.28352244304700713
993.0435078365304,0.2869855081426565
993.1435078365304,0.2903699841801137
993.2435078365304,0.2936721108185685
993.3435078365304,0.2968881875673552
993.4435078365304,0.30001458066066194
993.5435078365305,0.30304772986937145
993.6435078365305,0.3059841552322491
993.7435078365305,0.3088204636887365
993.8435078365305,0.31155335559571573
993.9435078365306,0.31417963111077374
994.0435078365306,0.31669619642472047
994.1435078365306,0.31910006982640116
994.2435078365306,0.3213883875831855
994.3435078365306,0.323558409620919
994.4435078365307,0.3256075249875823
994.5435078365307,0.32753325708542086
994.6435078365307,0.3293332686568751
994.7435078365307,0.3310053665102681
994.8435078365308,0.332547505971879
994.9435078365308,0.3339577950517563
995.0435078365308,0.33523449831139035
995.1435078365308,0.33637604042218
995.2435078365309,0.33738100940448107
995.3435078365309,0.33824815953791343
995.4435078365309,0.33897641393453093
995.5435078365309,0.3395648667674139
995.643507836531,0.3400127851482285
995.743507836531,0.34031961064830524
995.843507836531,0.340484960458817
995.943507836531,0.34050859778156894
996.043507836531,0.34039009725366665
996.1435078365311,0.3401294854049119
996.2435078365311,0.3397270887036668
996.3435078365311,0.33918341090443727
996.4435078365311,0.3384991319969481
996.5435078365311,0.33767510678887913
996.6435078365312,0.3367123631263967
996.7435078365312,0.335612099757666
996.8435078365312,0.33437568384556104
996.9435078365312,0.33300464813679587
997.0435078365313,0.33150068779568176
997.1435078365313,0.3298656569116665
997.2435078365313,0.32810156469072604
997.3435078365313,0.32621057134155934
997.4435078365314,0.3241949836683745
997.5435078365314,0.32205725038285077
997.6435078365314,0.3197999571486069
997.7435078365314,0.31742582137221015
997.8435078365314,0.3149376867554067
997.9435078365315,0.3123385176238498
998.0435078365315,0.3096313930481455
998.1435078365315,0.3068195007735165
998.2435078365315,0.3039061309748133
998.3435078365316,0.3008946698539681
998.4435078365316,0.2977885930972927
998.5435078365316,0.29459145921026963
998.6435078365316,0.2913069027476695
998.7435078365316,0.2879386274569529
998.8435078365317,0.2844903993529764
998.9435078365317,0.28096603974202783
999.0435078365317,0.277369418213155
999.1435078365317,0.273704445614639
999.2435078365318,0.269975067033287
999.3435078365318,0.2661852547939884
999.4435078365318,0.26233900149669537
999.5435078365318,0.25844031310764576
999.6435078365319,0.25449320212126
999.7435078365319,0.2505016808087018
999.8435078365319,0.2464697545686086
999.9435078365319,0.2424014153949672
1000.043507836532,0.23830063547653657
1000.143507836532,0.2341713609416132
1000.243507836532,0.23001750576128482
1000.343507836532,0.2258429458236409
1000.443507836532,0.22165151319069867
1000.5435078365321,0.21744699054906885
1000.6435078365321,0.21323310586462457
1000.7435078365321,0.20901352725065955
1000.8435078365321,0.20479185805822397
1000.9435078365321,0.20057163219651733
1001.0435078365322,0.19635630969039786
1001.1435078365322,0.19214927248123892
1001.2435078365322,0.18795382047653367
1001.3435078365322,0.1837731678528167
1001.4435078365323,0.17961043961564013
1001.5435078365323,0.1754686684195204
1001.6435078365323,0.17135079164995334
1001.7435078365323,0.16725964876879262
1001.8435078365324,0.1631979789234945
1001.9435078365324,0.15916841881995886
1002.0435078365324,0.1551735008579406
1002.1435078365324,0.15121565152727223
1002.2435078365324,0.1472971900624288
1002.3435078365325,0.14342032735228077
1002.4435078365325,0.13958716510122549
1002.5435078365325,0.13579969523725846
1002.6435078365325,0.13205979956195119
1002.7435078365326,0.12836924963673527
1002.8435078365326,0.1247297068993655
1002.9435078365326,0.12114272300393415
1003.0435078365326,0.11760974037735208
1003.1435078365326,0.11413209298478477
1003.2435078365327,0.1107110072961457
1003.3435078365327,0.10734760344539757
1003.4435078365327,0.10404289657409974
1003.5435078365327,0.10079779835036413
1003.6435078365328,0.09761311865414295
1003.7435078365328,0.09448956741957143
1003.8435078365328,0.09142775662492311
1003.9435078365328,0.08842820242060749
1004.0435078365329,0.08549132738554686
1004.1435078365329,0.0826174629022105
1004.2435078365329,0.07980685164056124
1004.3435078365329,0.07705965014117648
1004.443507836533,0.07437593148784712
1004.543507836533,0.07175568806002809
1004.643507836533,0.0691988343556141
1004.743507836533,0.0667052098746421
1004.843507836533,0.06427458205467594
1004.9435078365331,0.061906649248807996
1005.0435078365331,0.05960104373741477
1005.1435078365331,0.05735733476502785
1005.2435078365331,0.05517503159392586
1005.3435078365331,0.05305358656631587
1005.4435078365332,0.05099239816725271
1005.5435078365332,0.04899081408073967
1005.6435078365332,0.04704813423176178
1005.7435078365332,0.04516361380732484
