957.5435078365223,0.04249382036868167
957.6435078365223,0.04419796967842918
957.7435078365223,0.0459565494862027
957.8435078365223,0.047770639956938386
957.9435078365224,0.04964131267320395
958.0435078365224,0.05156962897397013
958.1435078365224,0.05355663824387693
958.2435078365224,0.055603376154222645
958.3435078365225,0.057710862857055435
958.4435078365225,0.05988010113390194
958.5435078365225,0.06211207450082448
958.6435078365225,0.06440774527165657
958.7435078365226,0.06676805258142679
958.8435078365226,0.06919391037214205
958.9435078365226,0.07168620534326324
959.0435078365226,0.07424579486936762
959.1435078365226,0.07687350488765532
959.2435078365227,0.07957012775811682
959.3435078365227,0.08233642009933965
959.4435078365227,0.08517310060309008
959.5435078365227,0.08808084783096176
959.6435078365228,0.0910602979965379
959.7435078365228,0.09411204273666215
959.8435078365228,0.09723662687556216
959.9435078365228,0.10043454618571085
960.0435078365228,0.10370624514944898
960.1435078365229,0.10705211472552498
960.2435078365229,0.11047249012483458
960.3435078365229,0.11396764859976377
960.4435078365229,0.1175378072516507
960.543507836523,0.1211831208609899
960.643507836523,0.12490367974509863
960.743507836523,0.1286995076480559
960.843507836523,0.13257055966780415
960.943507836523,0.13651672022537525
961.0435078365231,0.14053780108126376
961.1435078365231,0.14463353940401918
961.2435078365231,0.14880359589617073
961.3435078365231,0.15304755298262468
961.4435078365232,0.15736491306669087
961.5435078365232,0.16175509685890047
961.6435078365232,0.16621744178376627
961.7435078365232,0.17075120046961823
961.8435078365233,0.1753555393266101
961.9435078365233,0.1800295372179469
962.0435078365233,0.18477218422932049
962.1435078365233,0.18958238054146392
962.2435078365233,0.19445893541064901
962.3435078365234,0.19940056626184233
962.4435078365234,0.20440589789912292
962.5435078365234,0.20947346183782617
962.6435078365234,0.21460169576273747
962.7435078365235,0.2197889431164924
962.8435078365235,0.22503345282217
962.9435078365235,0.23033337914387114
963.0435078365235,0.23568678168887564
963.1435078365236,0.24109162555474878
963.2435078365236,0.24654578162454371
963.3435078365236,0.25204702701299625
963.4435078365236,0.2575930456663566
963.5435078365236,0.2631814291182314
963.6435078365237,0.26880967740352896
963.7435078365237,0.2744752001323091
963.8435078365237,0.28017531772503584
963.9435078365237,0.2859072628104162
964.0435078365238,0.2916681817866889
964.1435078365238,0.29745513654689243
964.2435078365238,0.30326510636830123
964.3435078365238,0.30909498996587603
964.4435078365238,0.3149416077092135
964.5435078365239,0.3208017040021278
964.6435078365239,0.3266719498236262
964.7435078365239,0.3325489454286756
964.8435078365239,0.3384292232067844
964.943507836524,0.34430925069604995
965.043507836524,0.3501854337499468
965.143507836524,0.35605411985375757
965.243507836524,0.3619116015871713
965.343507836524,0.3677541202292061
965.4435078365241,0.37357786950124033
965.5435078365241,0.3793789994435727
965.6435078365241,0.3851536204205737
965.7435078365241,0.3908978072491359
965.8435078365242,0.39660760344478196
965.9435078365242,0.40227902557945816
966.0435078365242,0.40790806774470506
966.1435078365242,0.4134907061135847
966.2435078365243,0.4190229035944349
966.3435078365243,0.424500614569228
966.4435078365243,0.42991978970903044
966.5435078365243,0.435276380858795
966.6435078365243,0.4405663459834648
966.7435078365244,0.4457856541671367
966.8435078365244,0.45093029065681206
966.9435078365244,0.4559962619420644
967.0435078365244,0.4609796008617743
967.1435078365245,0.46587637172891816
967.2435078365245,0.47068267546425874
967.3435078365245,0.475394654729664
967.4435078365245,0.48000849905168086
967.5435078365246,0.48452044992591536
967.6435078365246,0.48892680589271326
967.7435078365246,0.493223927574603
967.8435078365246,0.4974082426659553
967.9435078365246,0.5014762508653237
968.0435078365247,0.5054245287409697
968.1435078365247,0.5092497345201348
968.2435078365247,0.5129486127927066
968.3435078365247,0.5165179991200316
968.4435078365248,0.5199548245397582
968.5435078365248,0.5232561199577481
968.6435078365248,0.5264190204182687
968.7435078365248,0.5294407692438778
968.8435078365249,0.5323187220366361
968.9435078365249,0.535050350532522
969.0435078365249,0.5376332463011886
969.1435078365249,0.540065124283488
969.2435078365249,0.5423438261594931
969.343507836525,0.5444673235400662
969.443507836525,0.5464337209753737
969.543507836525,0.5482412587740975
969.643507836525,0.5498883156274761
969.743507836525,0.551373411032698
969.8435078365251,0.552695207510576
969.9435078365251,0.5538525126128544
970.0435078365251,0.5548442807149293
970.1435078365251,0.5556696145902116
970.2435078365252,0.5563277667628133
970.3435078365252,0.5568181406357018
970.4435078365252,0.5571402913919405
970.5435078365252,0.5572939266671082
970.6435078365253,0.5572598217223199
970.7435078365253,0.5569564159824755
970.8435078365253,0.5563748746873017
970.9435078365253,0.5555160694333954
971.0435078365254,0.5543812862606955
971.1435078365254,0.5529722224433321
971.2435078365254,0.5512909822593735
971.3435078365254,0.5493400717542302
971.4435078365254,0.5471223925159591
971.5435078365255,0.5446412344841061
971.6435078365255,0.541900267817036
971.7435078365255,0.5389035338458888
971.8435078365255,0.5356554351463683
971.9435078365256,0.5321607247625008
972.0435078365256,0.5284244946192787
972.1435078365256,0.5244521631637219
972.2435078365256,0.5202494622763283
972.3435078365256,0.5158224234971506
972.4435078365257,0.5111773636127981
972.5435078365257,0.5063208696525343
972.6435078365257,0.501259783343299
972.7435078365257,0.4960011850749333
972.8435078365258,0.49055237742811697
972.9435078365258,0.48492086831853815
973.0435078365258,0.479114353811602
973.1435078365258,0.473140700662551
973.2435078365259,0.4670079286372049
973.3435078365259,0.4607241926686472
973.4435078365259,0.4542977649050782
973.5435078365259,0.44773701670372984
973.6435078365259,0.4410504006252039
973.743507836526,0.43424643248184325
973.843507836526,0.42733367349280393
973.943507836526,0.4203207125973459
974.043507836526,0.41321614897653375
974.143507836526,0.4060285748320264
974.2435078365261,0.3987665584689566
974.3435078365261,0.3914386277280633
974.4435078365261,0.384053253810256
974.5435078365261,0.3766188355346644
974.6435078365262,0.3691436840689848
974.7435078365262,0.3616360081685694
974.8435078365262,0.3541038999582524
974.9435078365262,0.3465553212883541
975.0435078365263,0.33899809069368764
975.1435078365263,0.3314398709817136
975.2435078365263,0.32388815747325395
975.3435078365263,0.31635026691641954
975.4435078365264,0.30883332709161787
975.5435078365264,0.3013442671227154
975.6435078365264,0.29388980850664004
975.7435078365264,0.28647645687093737
975.8435078365264,0.279110494466049
975.9435078365265,0.27179797339637757
976.0435078365265,0.2645447095915485
976.1435078365265,0.25735627751668866
976.2435078365265,0.2502380056180167
976.3435078365266,0.24319497249760477
976.4435078365266,0.23623200380881584
976.5435078365266,0.22935366986166972
976.6435078365266,0.22256428392524122
976.7435078365266,0.2158679012121556
976.8435078365267,0.2092683185283272
976.9435078365267,0.2027690745692875
977.0435078365267,0.19637345084277832
977.1435078365267,0.19008447319574448
977.2435078365268,0.18390491392245095
977.3435078365268,0.17783729442917973
977.4435078365268,0.17188388842982136
977.5435078365268,0.16604672564568124
977.6435078365269,0.16032759598195775
977.7435078365269,0.15472805415262436
977.8435078365269,0.1492494247248595
977.9435078365269,0.1438928075537119
978.0435078365269,0.13865908357736395
978.143507836527,0.1335489209431584
978.243507836527,0.12856278143448052
978.343507836527,0.12370092716863537
978.443507836527,0.11896342753602147
978.543507836527,0.1143501663511754
978.6435078365271,0.10986084918664017
978.7435078365271,0.10549501086108788
978.8435078365271,0.10125202305369908
978.9435078365271,0.09713110201745938
979.0435078365272,0.09313131636477565
979.1435078365272,0.08925159489962813
979.2435078365272,0.08549073447135874
979.3435078365272,0.08184740782614101
979.4435078365273,0.07832017143317603
979.5435078365273,0.07490747326370842
979.6435078365273,0.07160766050204383
979.7435078365273,0.06841898716887634
979.8435078365274,0.06533962163838564
979.9435078365274,0.06236765403174016
980.0435078365274,0.059501103470833795
980.1435078365274,0.056737925177285334
980.2435078365274,0.0540760174029365
980.3435078365275,0.05151322817928845
980.4435078365275,0.04904736187451688
980.5435078365275,0.046676185547891644
980.6435078365275,0.044397435092600246
980.7435078365276,0.04220882115912332
980.8435078365276,0.04010803485243924
980.9435078365276,0.038092753197431654
981.0435078365276,0.03616064436794148
981.1435078365276,0.03430937267593636
981.2435078365277,0.03253660331826534
981.3435078365277,0.030840006879420345
981.4435078365277,0.02921726358963843
981.5435078365277,0.0276660673385468
981.6435078365278,0.026184129445374515
981.7435078365278,0.02476918218753061
981.8435078365278,0.023418982090076073
981.9435078365278,0.022131312979296273
982.0435078365279,0.020903988804210575
982.1435078365279,0.019734856230437945
982.2435078365279,0.018621797011369064
982.3435078365279,0.017562730142080322
982.4435078365279,0.016555613801860502
982.543507836528,0.015598447091610268
982.643507836528,0.014689271572717056
982.743507836528,0.01382617261430546
982.843507836528,0.013007280556017074
982.943507836528,0.012230771693684785
983.0435078365281,0.01149486909543712
983.1435078365281,0.010797843255899183
983.2435078365281,0.010138012596250502
983.3435078365281,0.009513743817957986
983.4435078365282,0.008923452118026347
983.5435078365282,0.008365601273600878
983.6435078365282,0.007838703603719424
983.7435078365282,0.007341319815945504
983.8435078365283,0.006872058745522786
983.9435078365283,0.006429576994575969
984.0435078365283,0.006012578478746297
984.1435078365283,0.005619813888492582
984.2435078365284,0.005250080072113948
984.3435078365284,0.004902219347359466
984.4435078365284,0.004575118748284709
984.5435078365284,0.0042677092137979235
984.6435078365284,0.003978964724110114
984.7435078365285,0.00370790139106686
984.8435078365285,0.0034535765080949323
984.9435078365285,0.0032150875652471322
985.0435078365285,0.0029915712345743597
985.1435078365286,0.002782202330796796
985.2435078365286,0.0025861927519874985
985.3435078365286,0.0024027904047226
985.4435078365286,0.0022312781178941464
985.5435078365286,0.0020709725491253475
985.6435078365287,0.001921223087474499
985.7435078365287,0.0017814107558642063
985.8435078365287,0.0016509471164274049
985.9435078365287,0.0015292731817218822
986.0435078365288,0.0014158583345311527
986.1435078365288,0.0013101992587423049
986.2435078365288,0.001211818883571101
986.3435078365288,0.001120265343191977
986.4435078365289,0.0010351109536256187
986.5435078365289,0.0009559512085400847
986.6435078365289,0.0008824037954331235
986.7435078365289,0.0008141076334835502
986.8435078365289,0.000750721934188525
986.943507836529,0.0006919252857413207
987.043507836529,0.0006374147619506999
987.143507836529,0.0005869050563583688
987.243507836529,0.000540127642075097
987.343507836529,0.0004968299577287681
987.4435078365291,0.0004567746197989112
987.5435078365291,0.0004197386615018408
987.6435078365291,0.000385512798288295
987.7435078365291,0.0003539007199211853
987.8435078365292,0.000324718409014519
987.9435078365292,0.0002977934858354547
988.0435078365292,0.0002729645790995836
988.1435078365292,0.0002500807224245661
988.2435078365293,0.0002290007760489441
988.3435078365293,0.00020959287337096822
988.4435078365293,0.00019173389181633451
988.5435078365293,0.00017530894750352494
988.6435078365294,0.000160210913140649
988.7435078365294,0.0001463399585580051
988.8435078365294,0.00013360311325573047
988.9435078365294,0.00012191385032551288
989.0435078365294,0.00011119169108920244
989.1435078365295,0.0001013618297848961
989.2435078365295,9.235477762244715e-05
989.3435078365295,8.410602552505991e-05
989.4435078365295,7.655572487143931e-05
989.5435078365296,6.964838555354842e-05
989.6435078365296,6.333259066821398e-05
989.7435078365296,5.756072716628788e-05
989.8435078365296,5.228873179065687e-05
989.9435078365296,4.747585164383054e-05
990.0435078365297,4.308441873693477e-05
990.1435078365297,3.9079637884502594e-05
990.2435078365297,3.5429387323282316e-05
990.3435078365297,3.2104031448215136e-05
990.4435078365298,2.9076245074593205e-05
990.5435078365298,2.6320848652049238e-05
990.6435078365298,2.3814653873299235e-05
990.7435078365298,2.153631913833171e-05
990.8435078365299,1.9466214352886796e-05
990.9435078365299,1.7586294558481658e-05
991.0435078365299,1.5879981909810366e-05
991.1435078365299,1.4332055533985607e-05
991.24350783653,1.2928548824707044e-05
991.34350783653,1.165665374295881e-05
991.44350783653,1.0504631714191172e-05
991.54350783653,9.46173073006081e-06
991.64350783653,8.518108280640417e-06
991.7435078365301,7.664759760510352e-06
991.8435078365301,6.893452009271968e-06
991.9435078365301,6.196661663738075e-06
992.0435078365301,5.567518015329796e-06
992.1435078365301,4.999750082016299e-06
992.2435078365302,4.487637619452746e-06
992.3435078365302,4.025965810787831e-06
992.4435078365302,3.6099833889114e-06
992.5435078365302,3.2353639586877275e-06
992.6435078365303,2.8981702999656243e-06
992.7435078365303,2.594821444869935e-06
992.8435078365303,2.322062335061716e-06
992.9435078365303,2.076935876308846e-06
993.0435078365304,1.8567572188405682e-06
993.1435078365304,1.659090102575635e-06
993.2435078365304,1.4817251164231635e-06
993.3435078365304,1.322659730468326e-06
993.4435078365304,1.18007996898331e-06
993.5435078365305,1.0523436008600265e-06
993.6435078365305,9.379647322585694e-07
993.7435078365305,8.355996940185838e-07
993.8435078365305,7.440341237043667e-07
993.9435078365306,6.621711490637826e-07
994.0435078365306,5.890205861918837e-07
994.1435078365306,5.236890718177275e-07
994.2435078365306,4.653710548935798e-07
994.3435078365306,4.1334057807495257e-07
994.4435078365307,3.6694378475384804e-07
994.5435078365307,3.2559209206141133e-07
994.6435078365307,2.8875597470559386e-07
994.7435078365307,2.5595930866935604e-07
994.8435078365308,2.2677422768014326e-07
994.9435078365308,2.0081644898641214e-07
995.0435078365308,1.7774102835565378e-07
995.1435078365308,1.5723850735448936e-07
995.2435078365309,1.390314188979431e-07
995.3435078365309,1.2287111977470435e-07
995.4435078365309,1.0853492138027068e-07
995.5435078365309,9.582349223198412e-08
995.643507836531,8.455850801038453e-08
995.743507836531,7.458052688076529e-08
995.843507836531,6.574706970748637e-08
995.943507836531,5.793088649134008e-08
996.043507836531,5.101839194625063e-08
996.1435078365311,4.4908254594694476e-08
996.2435078365311,3.95101251097564e-08
996.3435078365311,3.474349087360012e-08
996.4435078365311,3.053664486477464e-08
996.5435078365311,2.682575803723212e-08
996.6435078365312,2.355404531883603e-08
996.7435078365312,2.067101624268861e-08
996.8435078365312,1.8131802036685893e-08
996.9435078365312,1.5896551740774768e-08
997.0435078365313,1.3929890602595894e-08
997.1435078365313,1.2200434625342117e-08
997.2435078365313,1.0680355711243293e-08
997.3435078365313,9.344992364286902e-09
997.4435078365314,8.17250139051014e-09
997.5435078365314,7.143546467082023e-09
997.6435078365314,6.2410198458170965e-09
997.7435078365314,5.44979381586042e-09
997.8435078365314,4.7564988769690525e-09
997.9435078365315,4.149325871786733e-09
998.0435078365315,3.6178495952604625e-09
998.1435078365315,3.1528716441919544e-09
998.2435078365315,2.7462804919834365e-09
998.3435078365316,2.390926974896182e-09
998.4435078365316,2.0805135584033983e-09
998.5435078365316,1.8094959171587943e-09
998.6435078365316,1.5729955112534259e-09
998.7435078365316,1.3667219762098573e-09
998.8435078365317,1.1869042658597093e-09
998.9435078365317,1.0302295970588722e-09
999.0435078365317,8.937893442026938e-10
999.1435078365317,7.750311207105869e-10
999.2435078365318,6.717163649673348e-10
999.3435078365318,5.818828204717637e-10
999.4435078365318,5.038113649138618e-10
999.5435078365318,4.359967012734178e-10
999.6435078365319,3.771214764403471e-10
999.7435078365319,3.260334398753779e-10
999.8435078365319,2.8172529698452793e-10
999.9435078365319,2.4331694964851095e-10
1000.043507836532,2.1003985016207602e-10
1000.143507836532,1.8122322509136426e-10
1000.243507836532,1.5628195260595526e-10
1000.343507836532,1.347059010093322e-10
1000.443507836532,1.1605055776921078e-10
1000.5435078365321,9.992879760190121e-11
1000.6435078365321,8.600365533148601e-11
1000.7435078365321,7.398198454081807e-11
1000.8435078365321,6.360889665175854e-11
1000.9435078365321,5.466288719218458e-11
1001.0435078365322,4.6951566785123354e-11
1001.1435078365322,4.0307923973188535e-11
1001.2435078365322,3.4587055497282075e-11
1001.3435078365322,2.966330719722706e-11
1001.4435078365323,2.542777539692852e-11
1001.5435078365323,2.1786124570437678e-11
1001.6435078365323,1.8656682341027536e-11
1001.7435078365323,1.59687775174906e-11
1001.8435078365324,1.3661290986994784e-11
1001.9435078365324,1.1681392921580565e-11
1002.0435078365324,9.98344296905684e-12
1002.1435078365324,8.528032936234389e-12
1002.2435078365324,7.281153975632696e-12
1002.3435078365325,6.213472493886563e-12
1002.4435078365325,5.2997009448463795e-12
1002.5435078365325,4.518051382890356e-12
1002.6435078365325,3.849761159013771e-12
1002.7435078365326,3.2786814676430007e-12
1002.8435078365326,2.7909206169930176e-12
1002.9435078365326,2.374534918937352e-12
1003.0435078365326,2.019260992461226e-12
1003.1435078365326,1.7162840626056975e-12
1003.2435078365327,1.4580375274874152e-12
1003.3435078365327,1.2380296710929147e-12
1003.4435078365327,1.050693929368538e-12
1003.5435078365327,8.912595807315348e-13
1003.6435078365328,7.556401375389512e-13
1003.7435078365328,6.403370693512275e-13
1003.8435078365328,5.423567982673968e-13
1003.9435078365328,4.591391767011558e-13
1004.0435078365329,3.8849589356851985e-13
1004.1435078365329,3.285574602454774e-13
1004.2435078365329,2.7772760659224376e-13
1004.3435078365329,2.3464407313914854e-13
1004.443507836533,1.9814492109674438e-13
1004.543507836533,1.6723959974397604e-13
1004.643507836533,1.4108411320495664e-13
1004.743507836533,1.189597176133636e-13
1004.843507836533,1.0025465690676588e-13
1004.9435078365331,8.444851250067546e-14
1005.0435078365331,7.109880018464675e-14
1005.1435078365331,5.98294979158934e-14
1005.2435078365331,5.0321231769465314e-14
1005.3435078365331,4.23028850203255e-14
1005.4435078365332,3.554442795175354e-14
1005.5435078365332,2.985079417820545e-14
1005.6435078365332,2.505665362474746e-14
1005.7435078365332,2.1021953329727434e-14
