957.5435078365223,1.0832665565103685
957.6435078365223,1.0849707058201188
957.7435078365223,1.0867292856278958
957.8435078365223,1.0885433760986354
957.9435078365224,1.0904140488149057
958.0435078365224,1.0923423651156774
958.1435078365224,1.0943293743855904
958.2435078365224,1.0963761122959437
958.3435078365225,1.0984835989987851
958.4435078365225,1.1006528372756417
958.5435078365225,1.102884810642576
958.6435078365225,1.1051804814134218
958.7435078365226,1.107540788723208
958.8435078365226,1.109966646513942
958.9435078365226,1.1124589414850847
959.0435078365226,1.1150185310112142
959.1435078365226,1.1176462410295311
959.2435078365227,1.1203428639000268
959.3435078365227,1.1231091562412892
959.4435078365227,1.1259458367450854
959.5435078365227,1.1288535839730105
959.6435078365228,1.1318330341386484
959.7435078365228,1.1348847788788443
959.8435078365228,1.1380093630178274
959.9435078365228,1.1412072823280723
960.0435078365228,1.144478981291922
960.1435078365229,1.1478248508681272
960.2435078365229,1.1512452262675863
960.3435078365229,1.1547403847426883
960.4435078365229,1.1583105433947751
960.543507836523,1.1619558570043453
960.643507836523,1.165676415888721
960.743507836523,1.1694722437919864
960.843507836523,1.1733432958120904
960.943507836523,1.1772894563700722
961.0435078365231,1.1813105372264343
961.1435078365231,1.1854062755497354
961.2435078365231,1.1895763320425161
961.3435078365231,1.1938202891296947
961.4435078365232,1.1981376492145954
961.5435078365232,1.2025278330077651
961.6435078365232,1.2069901779337358
961.7435078365232,1.211523936620858
961.8435078365233,1.2161282754793101
961.9435078365233,1.2208022733723247
962.0435078365233,1.2255449203856252
962.1435078365233,1.2303551166999807
962.2435078365233,1.235231671571704
962.3435078365234,1.2401733024258086
962.4435078365234,1.2451786340664273
962.5435078365234,1.250246198008956
962.6435078365234,1.2553744319382496
962.7435078365235,1.2605616792970225
962.8435078365235,1.2658061890084435
962.9435078365235,1.2711061153367156
963.0435078365235,1.2764595178892346
963.1435078365236,1.2818643617636978
963.2435078365236,1.287318517843308
963.3435078365236,1.2928197632429708
963.4435078365236,1.2983657819091294
963.5435078365236,1.3039541653756095
963.6435078365237,1.309582413677567
963.7435078365237,1.3152479364253424
963.8435078365237,1.3209480540397187
963.9435078365237,1.3266799991497626
964.0435078365238,1.332440918154121
964.1435078365238,1.338227872946293
964.2435078365238,1.344037842804075
964.3435078365238,1.3498677264430163
964.4435078365238,1.3557143442333794
964.5435078365239,1.36157444057973
964.6435078365239,1.3674446864619232
964.7435078365239,1.3733216821358822
964.8435078365239,1.3792019599921945
964.943507836524,1.3850819875701725
965.043507836524,1.3909581707246603
965.143507836524,1.3968268569424824
965.243507836524,1.4026843388050632
965.343507836524,1.4085268575933727
965.4435078365241,1.4143506070309848
965.5435078365241,1.4201517371606656
965.6435078365241,1.4259263583495572
965.7435078365241,1.4316705454176648
965.8435078365242,1.437380341884005
965.9435078365242,1.4430517643244436
966.0435078365242,1.4486808068349168
966.1435078365242,1.4542634455934136
966.2435078365243,1.4597956435137918
966.3435078365243,1.4652733549842054
966.4435078365243,1.4706925306826406
966.5435078365243,1.476049122461792
966.6435078365243,1.481339088295261
966.7435078365244,1.486558397276823
966.8435078365244,1.4917030346642925
966.9435078365244,1.4967690069593205
967.0435078365244,1.5017523470142682
967.1435078365245,1.5066491191571545
967.2435078365245,1.511455424325518
967.3435078365245,1.5161674051999274
967.4435078365245,1.5207812513277674
967.5435078365246,1.525293204227851
967.6435078365246,1.529699562466359
967.7435078365246,1.5339966866945658
967.8435078365246,1.5381810046388134
967.9435078365246,1.5422490160331972
968.0435078365247,1.5461972974854712
968.1435078365247,1.550022507266739
968.2435078365247,1.5537213900155817
968.3435078365247,1.557290781347376
968.4435078365248,1.5607276123596963
968.5435078365248,1.5640289140248367
968.6435078365248,1.567191821460678
968.7435078365248,1.5702135780713076
968.8435078365249,1.5730915395490443
968.9435078365249,1.575823177729739
969.0435078365249,1.5784060842935044
969.1435078365249,1.5808379743033067
969.2435078365249,1.5831166895741506
969.343507836525,1.5852402018659264
969.443507836525,1.5872066158933185
969.543507836525,1.589014172146543
969.643507836525,1.5906612495170538
969.743507836525,1.5921463677227552
969.8435078365251,1.5934681895276603
969.9435078365251,1.5946255227513642
970.0435078365251,1.5956173220641208
970.1435078365251,1.5964426905637787
970.2435078365252,1.5971008811312655
970.3435078365252,1.5975912975617865
970.4435078365252,1.5979134954693788
970.5435078365252,1.5980671829629314
970.6435078365253,1.5980331358231181
970.7435078365253,1.597729794044895
970.8435078365253,1.5971483234931512
970.9435078365253,1.5962895964497545
971.0435078365254,1.595154899705443
971.1435078365254,1.5937459313565476
971.2435078365254,1.5920647965810995
971.3435078365254,1.590114002409117
971.4435078365254,1.587896451505353
971.5435078365255,1.5854154349861873
971.6435078365255,1.5826746242956493
971.7435078365255,1.579678062168763
971.8435078365255,1.5764301527134676
971.9435078365256,1.5729356506453032
972.0435078365256,1.569199649711831
972.1435078365256,1.5652275703463854
972.2435078365256,1.5610251465931846
972.3435078365256,1.5565984123481065
972.4435078365257,1.5519536869614998
972.5435078365257,1.5470975602512702
972.6435078365257,1.5420368769761514
972.7435078365257,1.536778720820519
972.8435078365258,1.5313303979433448
972.9435078365258,1.5256994201448986
973.0435078365258,1.5198934877056014
973.1435078365258,1.5139204719520019
973.2435078365259,1.5077883976051867
973.3435078365259,1.5015054249670634
973.4435078365259,1.4950798319998473
973.5435078365259,1.48851999635377
973.6435078365259,1.4818343773974916
973.743507836526,1.4750314983049608
973.843507836526,1.4681199282515223
973.943507836526,1.4611082647709308
974.043507836526,1.4540051163236105
974.143507836526,1.4468190851249887
974.2435078365261,1.4395587502810616
974.3435078365261,1.4322326512765198
974.4435078365261,1.424849271858776
974.5435078365261,1.4174170243591275
974.6435078365262,1.4099442344900377
974.7435078365262,1.4024391266551695
974.8435078365262,1.3949098098063515
974.9435078365262,1.387364263879112
975.0435078365263,1.379810326835802
975.1435078365263,1.372255682342657
975.2435078365263,1.3647078481044108
975.3435078365263,1.3571741648773277
975.4435078365264,1.349661786178733
975.5435078365264,1.342177668708328
975.6435078365264,1.3347285634937953
975.7435078365264,1.327321007770426
975.8435078365264,1.3199613176017586
975.9435078365265,1.3126555812455114
976.0435078365265,1.3054096532664428
976.1435078365265,1.2982291493951734
976.2435078365265,1.2911194421294887
976.3435078365266,1.284085657072188
976.4435078365266,1.2771326699971974
976.5435078365266,1.2702651046334092
976.6435078365266,1.26348733115354
976.7435078365266,1.256803465353272
976.8435078365267,1.2502173685040046
976.9435078365267,1.243732647860731
977.0435078365267,1.237352657804882
977.1435078365267,1.2310805016004167
977.2435078365268,1.2249190337400173
977.3435078365268,1.2188708628569633
977.4435078365268,1.2129383551770991
977.5435078365268,1.207123638484291
977.6435078365269,1.2014286065718935
977.7435078365269,1.1958549241519882
977.8435078365269,1.1904040321935472
977.9435078365269,1.1850771536601916
978.0435078365269,1.179875299617858
978.143507836527,1.1747992756824555
978.243507836527,1.1698496887774932
978.343507836527,1.1650269541716642
978.443507836527,1.1603313027664965
978.543507836527,1.1557627886044148
978.6435078365271,1.1513212965678912
978.7435078365271,1.147006550240792
978.8435078365271,1.1428181199035574
978.9435078365271,1.1387554306344525
979.0435078365272,1.1348177704898181
979.1435078365272,1.1310042987370152
979.2435078365272,1.1273140541145712
979.3435078365272,1.123745963094935
979.4435078365273,1.1202988481261738
979.5435078365273,1.1169714358299399
979.6435078365273,1.113762365134048
979.7435078365273,1.1106701953190725
979.8435078365274,1.107693413959449
979.9435078365274,1.1048304447406743
980.0435078365274,1.102079655135314
980.1435078365274,1.0994393639216633
980.2435078365274,1.0969078485300268
980.3435078365275,1.094483352202723
980.4435078365275,1.0921640909550396
980.5435078365275,1.089948260325472
980.6435078365275,1.087834041904681
980.7435078365276,1.085819609633677
980.8435078365276,1.0839031358627862
980.9435078365276,1.0820827971639893
981.0435078365276,1.080356779890201
981.1435078365276,1.0787232854760367
981.2435078365277,1.0771805354755257
981.3435078365277,1.0757267763331206
981.4435078365277,1.0743602838852047
981.5435078365277,1.0730793675901018
981.6435078365278,1.0718823744853603
981.7435078365278,1.0707676928718053
981.8435078365278,1.0697337557245328
981.9435078365278,1.0687790438316556
982.0435078365279,1.067902088662203
982.1435078365279,1.0671014749651275
982.2435078365279,1.0663758431018786
982.3435078365279,1.0657238911154683
982.4435078365279,1.065144376539382
982.543507836528,1.0646361179500745
982.643507836528,1.0641979962671335
982.743507836528,1.063828955805515
982.843507836528,1.0635280050845277
982.943507836528,1.063294217398489
983.0435078365281,1.0631267311541923
983.1435078365281,1.0630247499805103
983.2435078365281,1.0629875426156215
983.3435078365281,1.0630144425774806
983.4435078365282,1.063104847623268
983.5435078365282,1.0632582190036501
983.6435078365282,1.0634740805177547
983.7435078365282,1.0637520173748345
983.8435078365283,1.06409167486863
983.9435078365283,1.064492756870491
984.0435078365283,1.0649550241473367
984.1435078365283,1.0654782925105637
984.2435078365284,1.06606243080202
984.3435078365284,1.066707358723183
984.4435078365284,1.0674130445136947
984.5435078365284,1.0681795024854095
984.6435078365284,1.069006790418141
984.7435078365285,1.0698950068232962
984.8435078365285,1.0708442880816222
984.9435078365285,1.0718548054613113
985.0435078365285,1.072926762022744
985.1435078365286,1.0740603894162037
985.2435078365286,1.0752559445789271
985.3435078365286,1.0765137063379375
985.4435078365286,1.0778339719251535
985.5435078365286,1.0792170534113594
985.6435078365287,1.0806632740656985
985.7435078365287,1.0821729646474532
985.8435078365287,1.083746459636973
985.9435078365287,1.085384093412728
986.0435078365288,1.0870861963815823
986.1435078365288,1.0888530910695116
986.2435078365288,1.090685088180116
986.3435078365288,1.0925824826284245
986.4435078365289,1.0945455495576233
986.5435078365289,1.0965745403464913
986.6435078365289,1.0986696786154662
986.7435078365289,1.1008311562394175
986.8435078365289,1.1030591293753467
986.943507836529,1.105353714513378
987.043507836529,1.107714984559542
987.143507836529,1.110142964958989
987.243507836529,1.112637629868394
987.343507836529,1.1151988983864323
987.4435078365291,1.117826630851306
987.5435078365291,1.120520625214404
987.6435078365291,1.1232806134992415
987.7435078365291,1.1261062583549037
987.8435078365292,1.1289971497132467
987.9435078365292,1.1319528015591418
988.0435078365292,1.1349726488230525
988.1435078365292,1.138056044405207
988.2435078365293,1.1412022563405912
988.3435078365293,1.1444104651139146
988.4435078365293,1.1476797611336034
988.5435078365293,1.1510091423737514
988.6435078365294,1.1543975121928074
988.7435078365294,1.1578436773375842
988.8435078365294,1.1613463461409663
988.9435078365294,1.1649041269214462
989.0435078365294,1.1685155265923277
989.1435078365295,1.1721789494881352
989.2435078365295,1.1758926964154117
989.3435078365295,1.1796549639347134
989.4435078365295,1.1834638438801914
989.5435078365296,1.1873173231227119
989.6435078365296,1.1912132835819804
989.7435078365296,1.1951495024926322
989.8435078365296,1.1991236529287042
989.9435078365296,1.2031333045903374
990.0435078365297,1.207175924855952
990.1435078365297,1.2112488801025183
990.2435078365297,1.2153494372958829
990.3435078365297,1.2194747658524374
990.4435078365298,1.2236219397727108
990.5435078365298,1.22778794004675
990.6435078365298,1.231969657330403
990.7435078365298,1.2361638948908749
990.8435078365299,1.2403673718191393
990.9435078365299,1.2445767265060221
991.0435078365299,1.2487885203779707
991.1435078365299,1.2529992418877285
991.24350783653,1.2572053107543382
991.34350783653,1.2614030824460893
991.44350783653,1.265588852899236
991.54350783653,1.2697588634645114
991.64350783653,1.273909306072689
991.7435078365301,1.2780363286096712
991.8435078365301,1.2821360404908226
991.9435078365301,1.2862045184235416
992.0435078365301,1.290237812346339
992.1435078365301,1.2942319515320104
992.2435078365302,1.2981829508418257
992.3435078365302,1.302086817117024
992.4435078365302,1.3059395556933175
992.5435078365302,1.309737177023536
992.6435078365303,1.313475703393031
992.7435078365303,1.3171511757119845
992.8435078365303,1.3207596603683207
992.9435078365303,1.3242972561245532
993.0435078365304,1.3277601010415452
993.1435078365304,1.3311443794118862
993.2435078365304,1.3344463286853547
993.3435078365304,1.3376622463687555
993.4435078365304,1.3407884968823007
993.5435078365305,1.3438215183546423
993.6435078365305,1.3467578293386513
993.7435078365305,1.3495940354301004
993.8435078365305,1.3523268357715093
993.9435078365306,1.3549530294235927
994.0435078365306,1.3574695215869765
994.1435078365306,1.3598733296571428
994.2435078365306,1.3621615890959102
994.3435078365306,1.3643315591031668
994.4435078365307,1.3663806280730368
994.5435078365307,1.3683063188191829
994.6435078365307,1.3701062935545196
994.7435078365307,1.3717783586112466
994.8435078365308,1.3733204688877765
994.9435078365308,1.3747307320098752
995.0435078365308,1.3760074121940886
995.1435078365308,1.3771489338023573
995.2435078365309,1.3781538845775698
995.3435078365309,1.379021018550703
995.4435078365309,1.3797492586111222
995.5435078365309,1.380337698732576
995.643507836531,1.3807856058484065
995.743507836531,1.381092421370502
995.843507836531,1.3812577623475566
995.943507836531,1.3812813918541254
996.043507836531,1.3811628844137285
996.1435078365311,1.3809022664548363
996.2435078365311,1.3804998643554618
996.3435078365311,1.379956181789598
996.4435078365311,1.3792718986752628
996.5435078365311,1.378447869756307
996.6435078365312,1.3774851228221119
996.7435078365312,1.376384856570352
996.8435078365312,1.3751484381190329
996.9435078365312,1.3737774001750176
997.0435078365313,1.3722734378672423
997.1435078365313,1.370638405253771
997.2435078365313,1.3688743115127515
997.3435078365313,1.3669833168282217
997.4435078365314,1.3649677279825458
997.5435078365314,1.362829993668067
997.6435078365314,1.3605726995312966
997.7435078365314,1.358198562963674
997.8435078365314,1.3557104276535754
997.9435078365315,1.3531112579148457
998.0435078365315,1.350404132807665
998.1435078365315,1.347592240068058
998.2435078365315,1.3446788698627636
998.3435078365316,1.341667408386565
998.4435078365316,1.3385613313194762
998.5435078365316,1.3353641971614354
998.6435078365316,1.332079640462335
998.7435078365316,1.3287113649653448
998.8435078365317,1.3252631366815506
998.9435078365317,1.3217387769139273
999.0435078365317,1.3181421552486141
999.1435078365317,1.31447718253134
999.2435078365318,1.3107478038466733
999.3435078365318,1.306957991517541
999.4435078365318,1.3031117381421766
999.5435078365318,1.2992130496853123
999.6435078365319,1.2952659386400514
999.7435078365319,1.291274417276405
999.8435078365319,1.2872424909920037
999.9435078365319,1.283174151779954
1000.043507836532,1.2790733718282463
1000.143507836532,1.2749440972645063
1000.243507836532,1.2707902420592367
1000.343507836532,1.2666156821000167
1000.443507836532,1.262424249448419
1000.5435078365321,1.2582197267906676
1000.6435078365321,1.2540058420922982
1000.7435078365321,1.2497862634663115
1000.8435078365321,1.2455645942635027
1000.9435078365321,1.24134436839285
1001.0435078365322,1.2371290458790192
1001.1435078365322,1.2329220086632167
1001.2435078365322,1.2287265566527905
1001.3435078365322,1.2245459040241498
1001.4435078365323,1.2203831757827377
1001.5435078365323,1.2162414045829764
1001.6435078365323,1.21212352781028
1001.7435078365323,1.2080323849264314
1001.8435078365324,1.2039707150788257
1001.9435078365324,1.19994115497331
1002.0435078365324,1.195946237009594
1002.1435078365324,1.1919883876774702
1002.2435078365324,1.1880699262113799
1002.3435078365325,1.184193063500164
1002.4435078365325,1.1803599012481951
1002.5435078365325,1.1765724313834465
1002.6435078365325,1.172832535707471
1002.7435078365326,1.1691419857816838
1002.8435078365326,1.1655024430438263
1002.9435078365326,1.1619154591479786
1003.0435078365326,1.1583824765210413
1003.1435078365326,1.154904829128171
1003.2435078365327,1.1514837434392735
1003.3435078365327,1.1481203395883055
1003.4435078365327,1.1448156327168202
1003.5435078365327,1.1415705344929252
1003.6435078365328,1.1383858547965684
1003.7435078365328,1.1352623035618816
1003.8435078365328,1.1322004927671354
1003.9435078365328,1.1292009385627364
1004.0435078365329,1.1262640635276053
1004.1435078365329,1.123390199044209
1004.2435078365329,1.1205795877825089
1004.3435078365329,1.117832386283081
1004.443507836533,1.115148667629715
1004.543507836533,1.1125284242018652
1004.643507836533,1.1099715704974251
1004.743507836533,1.107477946016431
1004.843507836533,1.105047318196446
1004.9435078365331,1.1026793853905623
1005.0435078365331,1.1003737798791557
1005.1435078365331,1.0981300709067576
1005.2435078365331,1.095947767735646
1005.3435078365331,1.093826322708028
1005.4435078365332,1.091765134308958
1005.5435078365332,1.0897635502224394
1005.6435078365332,1.0878208703734566
1005.7435078365332,1.0859363499490158
