957.3955064839064,1.9539986300961838e-12
957.4955064839064,2.2419864630161674e-12
957.5955064839064,2.5714920803566366e-12
957.6955064839065,2.948362441717249e-12
957.7955064839065,3.379247672212032e-12
957.8955064839065,3.8717084860632654e-12
957.9955064839065,4.434337571472311e-12
958.0955064839065,5.076896695604684e-12
958.1955064839066,5.810471502680957e-12
958.2955064839066,6.647646217428309e-12
958.3955064839066,7.602700733343993e-12
958.4955064839066,8.69183286347513e-12
958.5955064839067,9.93340886418612e-12
958.6955064839067,1.1348245713490746e-11
958.7955064839067,1.2959929039195969e-11
958.8955064839067,1.479517105300671e-11
958.9955064839068,1.688421336003683e-11
959.0955064839068,1.9261280084545554e-11
959.1955064839068,2.1965087388450608e-11
959.2955064839068,2.5039416166182828e-11
959.3955064839068,2.853375548535925e-11
959.4955064839069,3.2504025215973576e-11
959.5955064839069,3.7013387260563496e-11
959.6955064839069,4.2133155874294455e-11
959.7955064839069,4.794381875828103e-11
959.895506483907,5.453618193402562e-11
959.995506483907,6.201265287510463e-11
960.095506483907,7.048867799897775e-11
960.195506483907,8.009435242329259e-11
960.295506483907,9.097622188513824e-11
960.3955064839071,1.0329929892788474e-10
960.4955064839071,1.172493178999512e-10
960.5955064839071,1.330352560064681e-10
960.6955064839071,1.5089215063397572e-10
960.7955064839072,1.7108424645808345e-10
960.8955064839072,1.9390850947494389e-10
960.9955064839072,2.196985491030306e-10
961.0955064839072,2.4882899391843723e-10
961.1955064839073,2.8172037145469805e-10
961.2955064839073,3.1884454786026326e-10
961.3955064839073,3.6073078911065165e-10
961.4955064839073,4.0797251196949486e-10
961.5955064839073,4.6123480003922894e-10
961.6955064839074,5.212627680990384e-10
961.7955064839074,5.888908665613557e-10
961.8955064839074,6.650532273605423e-10
961.9955064839074,7.507951629968117e-10
962.0955064839075,8.472859418797434e-10
962.1955064839075,9.55832975640984e-10
962.2955064839075,1.0778975678148642e-09
962.3955064839075,1.2151123883264468e-09
962.4955064839075,1.3693008546962905e-09
962.5955064839076,1.542498618896168e-09
962.6955064839076,1.7369773785072482e-09
962.7955064839076,1.9552712523893732e-09
962.8955064839076,2.200205984626325e-09
962.9955064839077,2.474931266240663e-09
963.0955064839077,2.7829564922563315e-09
963.1955064839077,3.1281903023302495e-09
963.2955064839077,3.5149842865887668e-09
963.3955064839078,3.948181274723632e-09
963.4955064839078,4.433168666075002e-09
963.5955064839078,4.975937301621172e-09
963.6955064839078,5.583146425797388e-09
963.7955064839078,6.262195337182972e-09
963.8955064839079,7.021302382662565e-09
963.9955064839079,7.869592010033914e-09
964.0955064839079,8.817190659582582e-09
964.1955064839079,9.875332346279783e-09
964.295506483908,1.105647486141363e-08
964.395506483908,1.2374427606105147e-08
964.495506483908,1.3844492159777376e-08
964.595506483908,1.548361678477107e-08
964.695506483908,1.7310566174493187e-08
964.7955064839081,1.934610786734467e-08
964.8955064839081,2.161321687283839e-08
964.9955064839081,2.4137300190463983e-08
965.0955064839081,2.694644304670291e-08
965.1955064839082,3.007167883190778e-08
965.2955064839082,3.3547284887343557e-08
965.3955064839082,3.741110647440569e-08
965.4955064839082,4.170491145378067e-08
965.5955064839083,4.6474778413069745e-08
965.6955064839083,5.177152120816198e-08
965.7955064839083,5.7651153127485444e-08
965.8955064839083,6.417539415033107e-08
965.9955064839083,7.14122250518941e-08
966.0955064839084,7.943649240979132e-08
966.1955064839084,8.833056889088164e-08
966.2955064839084,9.818507354463846e-08
966.3955064839084,1.0909965720152733e-07
966.4955064839085,1.2118385847336875e-07
966.5955064839085,1.3455803627907783e-07
966.6955064839085,1.493543852751428e-07
966.7955064839085,1.657180410574667e-07
966.8955064839085,1.8380828252154425e-07
966.9955064839086,2.0379983932326103e-07
967.0955064839086,2.2588431297485428e-07
967.1955064839086,2.502717207417634e-07
967.2955064839086,2.771921721783581e-07
967.3955064839087,3.068976888560086e-07
967.4955064839087,3.3966417859792413e-07
967.5955064839087,3.7579357634395843e-07
967.6955064839087,4.1561616462752507e-07
967.7955064839088,4.594930875583552e-07
967.8955064839088,5.0781907317161e-07
967.9955064839088,5.610253800283354e-07
968.0955064839088,6.195829850371462e-07
968.1955064839088,6.840060306149529e-07
968.2955064839089,7.54855550518265e-07
968.3955064839089,8.327434949588979e-07
968.4955064839089,9.183370769715443e-07
968.5955064839089,1.0123634634284576e-06
968.695506483909,1.1156148356013134e-06
968.795506483909,1.228953845754942e-06
968.895506483909,1.3533194979249129e-06
968.995506483909,1.48973348278369e-06
969.095506483909,1.6393069983410382e-06
969.1955064839091,1.8032480901562171e-06
969.2955064839091,1.9828695467649753e-06
969.3955064839091,2.179597388145906e-06
969.4955064839091,2.394979987270826e-06
969.5955064839092,2.6306978671049182e-06
969.6955064839092,2.8885742178464364e-06
969.7955064839092,3.170586181724959e-06
969.8955064839092,3.478876955313115e-06
969.9955064839093,3.815768762051234e-06
970.0955064839093,4.183776750538665e-06
970.1955064839093,4.5856238771103115e-06
970.2955064839093,5.024256834293734e-06
970.3955064839093,5.5028630899303875e-06
970.4955064839094,6.024889105045023e-06
970.5955064839094,6.594059801958879e-06
970.6955064839094,7.214399357664604e-06
970.7955064839094,7.890253401112187e-06
970.8955064839095,8.626312696793718e-06
970.9955064839095,9.427638400857804e-06
971.0955064839095,1.0299688979929402e-05
971.1955064839095,1.1248348886852424e-05
971.2955064839095,1.2279959091708043e-05
971.3955064839096,1.3401349570684381e-05
971.4955064839096,1.461987385967731e-05
971.5955064839096,1.5943445783880434e-05
971.6955064839096,1.7380578479068053e-05
971.7955064839097,1.894042582477596e-05
971.8955064839097,2.0632826414136195e-05
971.9955064839097,2.246835018970548e-05
972.0955064839097,2.4458347879239215e-05
972.1955064839098,2.6615003369981796e-05
972.2955064839098,2.895138916466034e-05
972.3955064839098,3.1481525066965546e-05
972.4955064839098,3.4220440248860575e-05
972.5955064839098,3.718423885656283e-05
972.6955064839099,4.039016931646745e-05
972.7955064839099,4.385669750661048e-05
972.8955064839099,4.7603583963474674e-05
972.9955064839099,5.165196529800251e-05
973.09550648391,5.602443999856858e-05
973.19550648391,6.074515880235117e-05
973.29550648391,6.583991981999924e-05
973.39550648391,7.133626860169161e-05
973.49550648391,7.72636033355816e-05
973.5955064839101,8.36532853722e-05
973.6955064839101,9.05387552705934e-05
973.7955064839101,9.795565456378236e-05
973.8955064839101,0.00010594195344248622
973.9955064839102,0.00011453808455693857
974.0955064839102,0.00012378708313697277
974.1955064839102,0.00013373473363033147
974.2955064839102,0.00014442972305832107
974.3955064839103,0.0001559238012864306
974.4955064839103,0.0001682719484053156
974.5955064839103,0.0001815325494145721
974.6955064839103,0.00019576757639793176
974.7955064839103,0.00021104277837384746
974.8955064839104,0.0002274278789998613
974.9955064839104,0.0002449967823025926
975.0955064839104,0.00026382778659760086
975.1955064839104,0.000284003806754713
975.2955064839105,0.00030561260495460445
975.3955064839105,0.00032874703007142723
975.4955064839105,0.0003535052658040279
975.5955064839105,0.0003799910876647593
975.6955064839105,0.0004083141289199828
975.7955064839106,0.0004385901555600453
975.8955064839106,0.0004709413503587391
975.9955064839106,0.0005054966060629809
976.0955064839106,0.0005423918277325798
976.1955064839107,0.0005817702442275534
976.2955064839107,0.0006237827288163083
976.3955064839107,0.0006685881288522738
976.4955064839107,0.0007163536044390164
976.5955064839108,0.0007672549759746448
976.6955064839108,0.0008214770804352211
976.7955064839108,0.0008792141362240678
976.8955064839108,0.0009406701163791334
976.9955064839108,0.001006059129894069
977.0955064839109,0.0010756058108702506
977.1955064839109,0.001149545715176759
977.2955064839109,0.0012281257242532124
977.3955064839109,0.0013116044556464315
977.495506483911,0.0014002526798261603
977.595506483911,0.0014943537427775072
977.695506483911,0.0015942039938185379
977.795506483911,0.0017001132180403625
977.895506483911,0.0018124050727145085
977.9955064839111,0.0019314175269580542
978.0955064839111,0.0020575033038912993
978.1955064839111,0.0021910303244655665
978.2955064839111,0.002332382152080222
978.3955064839112,0.002481958437048278
978.4955064839112,0.0026401753599091657
978.5955064839112,0.0028074660725253948
978.6955064839112,0.0029842811358373462
978.7955064839113,0.003171088953086977
978.8955064839113,0.0033683761972576757
978.9955064839113,0.003576648231413187
979.0955064839113,0.0037964295205545067
979.1955064839113,0.004028264033549388
979.2955064839114,0.004272715633625364
979.3955064839114,0.004530368455853863
979.4955064839114,0.004801827269990488
979.5955064839114,0.005087717826975149
979.6955064839115,0.005388687187335463
979.7955064839115,0.005705404029678309
979.8955064839115,0.006038558937397802
979.9955064839115,0.006388864661673353
980.0955064839115,0.0067570563587794705
980.1955064839116,0.007143891799679782
980.2955064839116,0.0075501515498316366
980.3955064839116,0.007976639117085096
980.4955064839116,0.008424181065521267
980.5955064839117,0.008893627093040434
980.6955064839117,0.009385850070480211
980.7955064839117,0.009901746040018831
980.8955064839117,0.010442234170598636
980.9955064839118,0.011008256668090462
981.0955064839118,0.011600778637911265
981.1955064839118,0.012220787897804935
981.2955064839118,0.012869294738501224
981.3955064839118,0.013547331629978706
981.4955064839119,0.014255952871077176
981.5955064839119,0.014996234180230848
981.6955064839119,0.01576927222512881
981.7955064839119,0.016576184089151822
981.895506483912,0.017418106672485927
981.995506483912,0.018296196025873936
982.095506483912,0.019211626615035265
982.195506483912,0.02016559051386334
982.295506483912,0.021159296524598383
982.3955064839121,0.022193969223271683
982.4955064839121,0.02327084792882544
982.5955064839121,0.024391185594430747
982.6955064839121,0.025556247619654613
982.7955064839122,0.026767310582265745
982.8955064839122,0.028025660888617715
982.9955064839122,0.029332593341707614
983.0955064839122,0.030689409626177683
983.1955064839123,0.032097416709707484
983.2955064839123,0.03355792516043388
983.3955064839123,0.035072247380235684
983.4955064839123,0.03664169575392991
983.5955064839123,0.03826758071464504
983.6955064839124,0.039951208725864835
983.7955064839124,0.04169388018087408
983.8955064839124,0.043496887220581565
983.9955064839124,0.04536151147095106
984.0955064839125,0.047289021701529765
984.1955064839125,0.04928067140683408
984.2955064839125,0.05133769631262494
984.3955064839125,0.053461311809386125
984.4955064839125,0.05565271031560457
984.5955064839126,0.05791305857374001
984.6955064839126,0.06024349488206604
984.7955064839126,0.06264512626585955
984.8955064839126,0.0651190255917141
984.9955064839127,0.06766622862905121
985.0955064839127,0.07028773106320281
985.1955064839127,0.07298448546473606
985.2955064839127,0.07575739821998756
985.3955064839128,0.0786073264280674
985.4955064839128,0.08153507476988216
985.5955064839128,0.0845413923550096
985.6955064839128,0.08762696955253568
985.7955064839128,0.09079243481223372
985.8955064839129,0.09403835148272721
985.9955064839129,0.09736521463352887
986.0955064839129,0.10077344788808897
986.1955064839129,0.10426340027521373
986.295506483913,0.10783534310642967
986.395506483913,0.11148946688706901
986.495506483913,0.1152258782690362
986.595506483913,0.11904459705338205
986.695506483913,0.12294555325096197
986.7955064839131,0.12692858420958378
986.8955064839131,0.13099343181616077
986.9955064839131,0.1351397397824742
987.0955064839131,0.13936705102321453
987.1955064839132,0.14367480513501463
987.2955064839132,0.14806233598520588
987.3955064839132,0.1525288694190222
987.4955064839132,0.1570735210939454
987.5955064839133,0.16169529444982503
987.6955064839133,0.16639307882332308
987.7955064839133,0.17116564771511805
987.8955064839133,0.17601165721816336
987.9955064839133,0.1809296446151256
988.0955064839134,0.18591802715292804
988.1955064839134,0.19097510100210044
988.2955064839134,0.1960990404083776
988.3955064839134,0.20128789704370592
988.4955064839135,0.20653959956350235
988.5955064839135,0.21185195337666915
988.6955064839135,0.21722264063449562
988.7955064839135,0.22264922044418214
988.8955064839136,0.2281291293122944
988.9955064839136,0.23365968182300587
989.0955064839136,0.23923807155550783
989.1955064839136,0.24486137224446555
989.2955064839136,0.2505265391868724
989.3955064839137,0.2562304108981062
989.4955064839137,0.26196971101942357
989.5955064839137,0.26774105047853497
989.6955064839137,0.2735409299043019
989.7955064839138,0.2793657422959661
989.8955064839138,0.2852117759466855
989.9955064839138,0.29107521762049665
990.0955064839138,0.29695215598115926
990.1955064839138,0.30283858527066226
990.2955064839139,0.308730409234492
990.3955064839139,0.31462344529007136
990.4955064839139,0.32051342893409174
990.5955064839139,0.32639601838376303
990.695506483914,0.33226679944632004
990.795506483914,0.3381212906104314
990.895506483914,0.3439549483524774
990.995506483914,0.3497631726499882
991.095506483914,0.35554131269386724
991.1955064839141,0.3612846727903775
991.2955064839141,0.36698851844322705
991.3955064839141,0.3726480826054738
991.4955064839141,0.37825857209036906
991.5955064839142,0.3838151741296817
991.6955064839142,0.3893130630674905
991.7955064839142,0.3947474071769065
991.8955064839142,0.40011337558668736
991.9955064839143,0.40540614530423696
992.0955064839143,0.41062090832105014
992.1955064839143,0.4157528787862575
992.2955064839143,0.4207973002335638
992.3955064839143,0.4257494528465432
992.4955064839144,0.4306046607469681
992.5955064839144,0.43535829929060127
992.6955064839144,0.4400058023546742
992.7955064839144,0.4445426696011168
992.8955064839145,0.44896447369948106
992.9955064839145,0.45326686749343353
993.0955064839145,0.45744559109466376
993.1955064839145,0.46149647888807543
993.2955064839146,0.4654154664321959
993.3955064839146,0.4691985972388525
993.4955064839146,0.4728420294163276
993.5955064839146,0.4763420421604116
993.6955064839146,0.47969504207803015
993.7955064839147,0.4828975693284221
993.8955064839147,0.48594630356719526
993.9955064839147,0.4888380696789778
994.0955064839147,0.4915698432848207
994.1955064839148,0.49413875601098767
994.2955064839148,0.49654210050628894
994.3955064839148,0.4987773351956783
994.4955064839148,0.5008420887584336
994.5955064839148,0.5027341643198762
994.6955064839149,0.5044515433462603
994.7955064839149,0.505992389233166
994.8955064839149,0.5073550505784667
994.9955064839149,0.5085380641317071
995.095506483915,0.5095401574125181
995.195506483915,0.51036025099151
995.295506483915,0.5109974604279193
995.395506483915,0.511451097859144
995.495506483915,0.511720673238164
995.5955064839151,0.5118058528370589
995.6955064839151,0.511674992398877
995.7955064839151,0.5113010630510286
995.8955064839151,0.5106845977038014
995.9955064839152,0.5098264743533519
996.0955064839152,0.5087279139979036
996.1955064839152,0.5073904777426725
996.2955064839152,0.5058160631031287
996.3955064839153,0.5040068995188469
996.4955064839153,0.5019655430927936
996.5955064839153,0.4996948705734251
996.6955064839153,0.49719807259942905
996.7955064839153,0.49447864622931215
996.8955064839154,0.4915403867803162
996.9955064839154,0.48838737900331736
997.0955064839154,0.48502398762242865
997.1955064839154,0.48145484726996696
997.2955064839155,0.47768485184926174
997.3955064839155,0.4737191433594621
997.4955064839155,0.46956310021803993
997.5955064839155,0.465222325118078
997.6955064839156,0.46070263245867515
997.7955064839156,0.45601003538788604
997.8955064839156,0.45115073249854093
997.9955064839156,0.44613109421805774
998.0955064839156,0.44095764893396183
998.1955064839157,0.4356370688972685
998.2955064839157,0.4301761559461598
998.3955064839157,0.4245818270924979
998.4955064839157,0.41886110001366966
998.5955064839158,0.4130210784920448
998.6955064839158,0.40706893784396575
998.7955064839158,0.40101191037966616
998.8955064839158,0.39485727093484335
998.9955064839158,0.38861232251380173
999.0955064839159,0.3822843820831244
999.1955064839159,0.3758807665537511
999.2955064839159,0.36940877898812396
999.3955064839159,0.362875695067737
999.495506483916,0.35628874985497594
999.595506483916,0.34965512488159806
999.695506483916,0.34298193559455226
999.795506483916,0.3362762191881182
999.895506483916,0.3295449228495335
999.9955064839161,0.3227948924434074
1000.0955064839161,0.31603286165828254
1000.1955064839161,0.30926544163672615
1000.2955064839161,0.3024991111083034
1000.3955064839162,0.295740207042735
1000.4955064839162,0.2889949158384574
1000.5955064839162,0.2822692650597199
1000.6955064839162,0.2755691157332524
1000.7955064839163,0.2689001552134544
1000.8955064839163,0.2622678906229766
1000.9955064839163,0.25567764287351713
1001.0955064839163,0.24913454126962994
1001.1955064839163,0.24264351869636333
1001.2955064839164,0.23620930738960438
1001.3955064839164,0.229836435286124
1001.4955064839164,0.2235292229484909
1001.5955064839164,0.21729178105826316
1001.6955064839165,0.21112800846917765
1001.7955064839165,0.20504159081044726
1001.8955064839165,0.19903599962874438
1001.9955064839165,0.19311449205600428
1002.0955064839166,0.18728011098882774
1002.1955064839166,0.18153568576399687
1002.2955064839166,0.17588383331345211
1002.3955064839166,0.1703269597810045
1002.4955064839166,0.16486726258208784
1002.5955064839167,0.1595067328869793
1002.6955064839167,0.15424715850714732
1002.7955064839167,0.14909012716371223
1002.8955064839167,0.14403703011643318
1002.9955064839168,0.13908906613116429
1003.0955064839168,0.13424724576334443
1003.1955064839168,0.12951239593481206
1003.2955064839168,0.12488516478104768
1003.3955064839168,0.12036602674585788
1003.4955064839169,0.11595528790050973
1003.5955064839169,0.11165309146440842
1003.6955064839169,0.1074594235045756
1003.7955064839169,0.10337411879143046
1003.895506483917,0.09939686678869482
1003.995506483917,0.09552721775563337
1004.095506483917,0.09176458894029743
1004.195506483917,0.08810827084295822
1004.295506483917,0.08455743352949407
1004.3955064839171,0.08111113297512293
1004.4955064839171,0.0777683174195516
1004.5955064839171,0.07452783371533232
1004.6955064839171,0.0713884336519787
1004.7955064839172,0.06834878023918577
1004.8955064839172,0.06540745393332309
1004.9955064839172,0.06256295879221627
1005.0955064839172,0.05981372854410185
1005.1955064839173,0.057158132557522265
1005.2955064839173,0.0545944816998228
1005.3955064839173,0.05212103407281416
1005.4955064839173,0.04973600061506842
