957.3955064839064,1.5077966498794944
957.4955064839064,1.5095695319482847
957.5955064839064,1.5114101017636359
957.6955064839065,1.513320190552166
957.7955064839065,1.5153016411647282
957.8955064839065,1.5173563060619022
957.9955064839065,1.5194860451916778
958.0955064839065,1.5216927237588624
958.1955064839066,1.5239782098859784
958.2955064839066,1.5263443721656709
958.3955064839066,1.528793077104912
958.4955064839066,1.5313261864615537
958.5955064839067,1.5339455544740723
958.6955064839067,1.5366530249856394
958.7955064839067,1.539450428463954
958.8955064839067,1.5423395789185892
958.9955064839068,1.5453222707179215
959.0955064839068,1.548400275308045
959.1955064839068,1.5515753378364003
959.2955064839068,1.554849173683202
959.3955064839068,1.558223464904081
959.4955064839069,1.5616998565877256
959.5955064839069,1.5652799531326451
959.6955064839069,1.5689653144475548
959.7955064839069,1.5727574520802252
959.895506483907,1.576657825280014
959.995506483907,1.5806678369996499
960.095506483907,1.5847888298422006
960.195506483907,1.589022081959517
960.295506483907,1.5933688029087907
960.3955064839071,1.5978301294742174
960.4955064839071,1.6024071214610993
960.5955064839071,1.6071007574700449
960.6955064839071,1.6119119306592629
960.7955064839072,1.6168414445032528
960.8955064839072,1.6218900085564982
960.9955064839072,1.6270582342310629
961.0955064839072,1.632346630597262
961.1955064839073,1.6377556002168465
961.2955064839073,1.6432854350183712
961.3955064839073,1.648936312224656
961.4955064839073,1.6547082903424435
961.5955064839073,1.6606013052245479
961.6955064839074,1.6666151662149469
961.7955064839074,1.6727495523874132
961.8955064839074,1.6790040088883906
961.9955064839074,1.6853779433949116
962.0955064839075,1.6918706226984164
962.1955064839075,1.698481169425361
962.2955064839075,1.7052085589055173
962.3955064839075,1.7120516161988322
962.4955064839075,1.719009013291667
962.5955064839076,1.7260792664731472
962.6955064839076,1.7332607339022337
962.7955064839076,1.7405516133759822
962.8955064839076,1.7479499403092658
962.9955064839077,1.7554535859360232
963.0955064839077,1.7630602557418442
963.1955064839077,1.7707674881374198
963.2955064839077,1.778572653382065
963.3955064839078,1.78647295276617
963.4955064839078,1.7944654180610544
963.5955064839078,1.8025469112442738
963.6955064839078,1.8107141245079799
963.7955064839078,1.818963580557455
963.8955064839079,1.8272916332064206
963.9955064839079,1.835694468275171
964.0955064839079,1.8441681047970206
964.1955064839079,1.85270839653793
964.295506483908,1.861311033833558
964.395506483908,1.8699715457473163
964.495506483908,1.8786853025523307
964.595506483908,1.8874475185394917
964.695506483908,1.8962532551530604
964.7955064839081,1.9050974244545378
964.8955064839081,1.913974792914737
964.9955064839081,1.9228799855332237
965.0955064839081,1.9318074902834776
965.1955064839082,1.9407516628813273
965.2955064839082,1.9497067318733883
965.3955064839082,1.9586668040414024
965.4955064839082,1.9676258701175513
965.5955064839083,1.9765778108049714
965.6955064839083,1.9855164030968715
965.7955064839083,1.9944353268868142
965.8955064839083,2.0033281718618987
965.9955064839083,2.012188444669756
966.0955064839084,2.0210095763494675
966.1955064839084,2.0297849300157043
966.2955064839084,2.0385078087846233
966.3955064839084,2.0471714639292737
966.4955064839085,2.055769103251537
966.5955064839085,2.064293899656898
966.6955064839085,2.0727389999176618
966.7955064839085,2.0810975336095456
966.8955064839085,2.089362622205969
966.9955064839086,2.097527388313748
967.0955064839086,2.1055849650333345
967.1955064839086,2.1135285054262267
967.2955064839086,2.121351192071688
967.3955064839087,2.129046246694454
967.4955064839087,2.136606939844733
967.5955064839087,2.1440266006114292
967.6955064839087,2.151298626349221
967.7955064839088,2.158416492399877
967.8955064839088,2.1653737617879703
967.9955064839088,2.1721640948710066
968.0955064839088,2.1787812589238813
968.1955064839088,2.185219137637524
968.2955064839089,2.1914717405115973
968.3955064839089,2.1975332121211846
968.4955064839089,2.2033978412375026
968.5955064839089,2.209060069782857
968.695506483909,2.2145145016002763
968.795506483909,2.219755911018553
968.895506483909,2.224779251193737
968.995506483909,2.2295796622085344
969.095506483909,2.2341524789114944
969.1955064839091,2.2384932384783722
969.2955064839091,2.242597687678596
969.3955064839091,2.2464617898303576
969.4955064839091,2.2500817314285055
969.5955064839092,2.2534539284300976
969.6955064839092,2.256575032183208
969.7955064839092,2.259441934985365
969.8955064839092,2.2620517752588247
969.9955064839093,2.2644019423307173
970.0955064839093,2.266490080807026
970.1955064839093,2.2683140945302718
970.2955064839093,2.2698721501117305
970.3955064839093,2.2711626800300078
970.4955064839094,2.2721843852887975
970.5955064839094,2.272936237627687
970.6955064839094,2.273417481280923
970.7955064839094,2.273627634280119
970.8955064839095,2.273518489799929
970.9955064839095,2.272963840453235
971.0955064839095,2.2719579293063172
971.1955064839095,2.270502459724728
971.2955064839095,2.2685998911205494
971.3955064839096,2.2662534320999326
971.4955064839096,2.263467031523944
971.5955064839096,2.260245367518041
971.6955064839096,2.2565938344734775
971.7955064839097,2.2525185280916933
971.8955064839097,2.2480262285302803
971.9955064839097,2.243124381716298
972.0955064839097,2.2378210788996324
972.1955064839098,2.2321250345256045
972.2955064839098,2.226045562512172
972.3955064839098,2.2195925510227865
972.4955064839098,2.2127764358312394
972.5955064839098,2.205608172379618
972.6955064839099,2.1980992066348124
972.7955064839099,2.1902614448528146
972.8955064839099,2.182107222363308
972.9955064839099,2.1736492714898223
973.09550648391,2.1649006887228897
973.19550648391,2.1558749012653173
973.29550648391,2.1465856330697806
973.39550648391,2.137046870489488
973.49550648391,2.127272827662675
973.5955064839101,2.1172779117511586
973.6955064839101,2.1070766881521013
973.7955064839101,2.0966838458005674
973.8955064839101,2.0861141626783657
973.9955064839102,2.0753824716421083
974.0955064839102,2.064503626680383
974.1955064839102,2.053492469706472
974.2955064839102,2.0423637979891573
974.3955064839103,2.0311323323198907
974.4955064839103,2.019812686009947
974.5955064839103,2.008419334806244
974.6955064839103,1.9969665878092133
974.7955064839103,1.9854685594705896
974.8955064839104,1.9739391427432127
974.9955064839104,1.9623919834489525
975.0955064839104,1.9508404559247445
975.1955064839104,1.9392976400004325
975.2955064839105,1.9277762993557557
975.3955064839105,1.9162888612973696
975.4955064839105,1.90484739799033
975.5955064839105,1.893463609171992
975.6955064839105,1.8821488063698502
975.7955064839106,1.8709138986384648
975.8955064839106,1.8597693798243626
975.9955064839106,1.848725317361624
976.0955064839106,1.8377913425948909
976.1955064839107,1.826976642620688
976.2955064839107,1.8162899536323365
976.3955064839107,1.805739555748331
976.4955064839107,1.7953332692988904
976.5955064839108,1.7850784525405077
976.6955064839108,1.7749820007636852
976.7955064839108,1.7650503467547276
976.8955064839108,1.7552894625684419
976.9955064839108,1.7457048625648692
977.0955064839109,1.7363016076598101
977.1955064839109,1.727084310735827
977.2955064839109,1.7180571431576956
977.3955064839109,1.7092238423338868
977.495506483911,1.7005877202635944
977.595506483911,1.6921516730071269
977.695506483911,1.6839181910160668
977.795506483911,1.6758893702585511
977.895506483911,1.668066924074277
977.9955064839111,1.660452195693394
978.0955064839111,1.6530461713533158
978.1955064839111,1.6458494939476274
978.2955064839111,1.6388624771417062
978.3955064839112,1.6320851198903532
978.4955064839112,1.6255171212936905
978.5955064839112,1.619157895728748
978.6955064839112,1.6130065881955657
978.7955064839113,1.6070620898182408
978.8955064839113,1.601323053443131
978.9955064839113,1.5957879092783906
979.0955064839113,1.5904548805211207
979.1955064839113,1.585321998920665
979.2955064839114,1.5803871202289455
979.3955064839114,1.5756479394911955
979.4955064839114,1.5711020061330059
979.5955064839114,1.56674673880221
979.6955064839115,1.5625794399268087
979.7955064839115,1.5585973099528407
979.8955064839115,1.5547974612288378
979.9955064839115,1.5511769315062298
980.0955064839115,1.5477326970278058
980.1955064839116,1.544461685179035
980.2955064839116,1.5413607866797367
980.3955064839116,1.5384268672962222
980.4955064839116,1.5356567790566054
980.5955064839117,1.5330473709545045
980.6955064839117,1.5305954991288022
980.7955064839117,1.5282980365094867
980.8955064839117,1.5261518819218902
980.9955064839118,1.5241539686438117
981.0955064839118,1.5223012724121134
981.1955064839118,1.520590818877348
981.2955064839118,1.5190196905068707
981.3955064839118,1.5175850329386444
981.4955064839119,1.5162840607896175
981.5955064839119,1.515114062924095
981.6955064839119,1.5140724071889617
981.7955064839119,1.5131565446239432
981.895506483912,1.5123640131562963
981.995506483912,1.511692440790433
982.095506483912,1.511139548303974
982.195506483912,1.5107031514626212
982.295506483912,1.510381162767027
982.3955064839121,1.5101715927455361
982.4955064839121,1.510072550807268
982.5955064839121,1.5100822456705192
982.6955064839121,1.5101989853818836
982.7955064839122,1.510421176941839
982.8955064839122,1.5107473255527983
982.9955064839122,1.5111760335058306
983.0955064839122,1.5117059987223787
983.1955064839123,1.512336012967363
983.2955064839123,1.5130649597500785
983.3955064839123,1.5138918119292402
983.4955064839123,1.5148156290384582
983.5955064839123,1.515835554348279
983.6955064839124,1.5169508116807795
983.7955064839124,1.5181607019924903
983.8955064839124,1.5194645997412155
983.9955064839124,1.5208619490520543
984.0955064839125,1.5223522596976726
984.1955064839125,1.523935102907597
984.2955064839125,1.525610107020996
984.3955064839125,1.5273769529971326
984.4955064839125,1.529235369797354
984.5955064839126,1.5311851296521835
984.6955064839126,1.5332260432267755
984.7955064839126,1.5353579546976872
984.8955064839126,1.5375807367536287
984.9955064839127,1.539894285532556
985.0955064839127,1.5422985155071942
985.1955064839127,1.5447933543308037
985.2955064839127,1.5473787376547365
985.3955064839128,1.5500546039290848
985.4955064839128,1.5528208891974753
985.5955064839128,1.5556775218968448
985.6955064839128,1.5586244176728083
985.7955064839128,1.5616614742210333
985.8955064839129,1.5647885661648337
985.9955064839129,1.568005539979024
986.0955064839129,1.5713122089698932
986.1955064839129,1.574708348321002
986.295506483913,1.5781936902143485
986.395506483913,1.5817679190362992
986.495506483913,1.5854306666775453
986.595506483913,1.5891815079361993
986.695506483913,1.5930199560330196
986.7955064839131,1.5969454582476106
986.8955064839131,1.6009573916843196
986.9955064839131,1.6050550591764114
987.0955064839131,1.6092376853369654
987.1955064839132,1.6135044127647997
987.2955064839132,1.6178542984135713
987.3955064839132,1.6222863101320513
987.4955064839132,1.6267993233834037
987.5955064839133,1.6313921181511177
987.6955064839133,1.6360633760390564
987.7955064839133,1.640811677572881
987.8955064839133,1.645635499709888
987.9955064839133,1.6505332135640693
988.0955064839134,1.6555030823529409
988.1955064839134,1.6605432595724334
988.2955064839134,1.6656517874058332
988.3955064839134,1.6708265953724628
988.4955064839135,1.6760654992214592
988.5955064839135,1.6813662000756584
988.6955064839135,1.6867262838302224
988.7955064839135,1.6921432208102583
988.8955064839136,1.6976143656912588
988.9955064839136,1.7031369576857658
989.0955064839136,1.7087081209991974
989.1955064839136,1.7143248655573065
989.2955064839136,1.7199840880072426
989.3955064839137,1.7256825729936702
989.4955064839137,1.7314169947108657
989.5955064839137,1.7371839187311586
989.6955064839137,1.7429798041095228
989.7955064839138,1.7488010057635266
989.8955064839138,1.754643777127264
989.9955064839138,1.7605042730772715
990.0955064839138,1.7663785531278169
990.1955064839138,1.7722625848923093
990.2955064839139,1.7781522478069514
990.3955064839139,1.7840433371120945
990.4955064839139,1.7899315680861272
990.5955064839139,1.7958125805260585
990.695506483914,1.801681943468322
990.795506483914,1.8075351601426717
990.895506483914,1.8133676731513984
990.995506483914,1.8191748698654635
991.095506483914,1.8249520880285117
991.1955064839141,1.8306946215591198
991.2955064839141,1.8363977265410272
991.3955064839141,1.842056627390515
991.4955064839141,1.8476665231895317
991.5955064839142,1.853222594172611
991.6955064839142,1.8587200083551165
991.7955064839142,1.864153928289836
991.8955064839142,1.8695195179384856
991.9955064839143,1.8748119496442357
992.0955064839143,1.880026411190967
992.1955064839143,1.885158112934579
992.2955064839143,1.8902022949913346
992.3955064839143,1.8951542344679222
992.4955064839144,1.900009252717636
992.5955064839144,1.9047627226068644
992.6955064839144,1.9094100757758732
992.7955064839144,1.9139468098777357
992.8955064839145,1.9183684957791547
992.9955064839145,1.9226707847068685
993.0955064839145,1.926849415323313
993.1955064839145,1.930900220715259
993.2955064839146,1.9348191352792048
993.3955064839146,1.9386022014874467
993.4955064839146,1.9422455765189142
993.5955064839146,1.9457455387390736
993.6955064839146,1.9490984940134748
993.7955064839147,1.952300981839821
993.8955064839147,1.9553496812838003
993.9955064839147,1.9582414167043183
994.0955064839147,1.9609731632542093
994.1955064839148,1.9635420521430014
994.2955064839148,1.965945375648822
994.3955064839148,1.9681805918671151
994.4955064839148,1.970245329184432
994.5955064839148,1.9721373904662078
994.6955064839149,1.9738547569481137
994.7955064839149,1.9753955918212713
994.8955064839149,1.9767582435023767
994.9955064839149,1.977941248580526
995.095506483915,1.9789433344333485
995.195506483915,1.979763421505857
995.295506483915,1.98040062524627
995.395506483915,1.9808542576939148
995.495506483915,1.9811238287151922
995.5955064839151,1.9812090045057955
995.6955064839151,1.9810781407414213
995.7955064839151,1.9807042084901314
995.8955064839151,1.980087740609949
995.9955064839152,1.9792296150510347
996.0955064839152,1.9781310527711553
996.1955064839152,1.9767936148399665
996.2955064839152,1.9752191987417005
996.3955064839153,1.9734100338885086
996.4955064839153,1.9713686763592957
996.5955064839153,1.9690980028814213
996.6955064839153,1.9666012040750864
996.7955064839153,1.9638817769826076
996.8955064839154,1.9609435169070575
996.9955064839154,1.9577905085869187
997.0955064839154,1.9544271167354714
997.1955064839154,1.950857975975568
997.2955064839155,1.9470879802022756
997.3955064839155,1.9431222714075342
997.4955064839155,1.9389662280025295
997.5955064839155,1.934625452674866
997.6955064839156,1.9301057598188718
997.7955064839156,1.9254131625784483
997.8955064839156,1.9205538595428144
997.9955064839156,1.9155342211362474
998.0955064839156,1.9103607757435448
998.1955064839157,1.905040195613353
998.2955064839157,1.899579282581799
998.3955064839157,1.8939849536589621
998.4955064839157,1.8882642265206848
998.5955064839158,1.8824242049479984
998.6955064839158,1.8764720642560877
998.7955064839158,1.870415036754184
998.8955064839158,1.8642603972771183
998.9955064839158,1.8580154488284468
999.0955064839159,1.851687508374106
999.1955064839159,1.8452838928244781
999.2955064839159,1.8388119052415242
999.3955064839159,1.8322788213063232
999.495506483916,1.825691876080904
999.595506483916,1.8190582510967164
999.695506483916,1.8123850618004447
999.795506483916,1.8056793453861406
999.895506483916,1.798948049040847
999.9955064839161,1.7921980186290045
1000.0955064839161,1.785435987839012
1000.1955064839161,1.7786685678133132
1000.2955064839161,1.7719022372813669
1000.3955064839162,1.7651433332128033
1000.4955064839162,1.758398042005981
1000.5955064839162,1.7516723912250831
1000.6955064839162,1.744972241896782
1000.7955064839163,1.7383032813754289
1000.8955064839163,1.731671016783633
1000.9955064839163,1.725080769033057
1001.0955064839163,1.7185376674282244
1001.1955064839163,1.7120466448541578
1001.2955064839164,1.7056124335467224
1001.3955064839164,1.6992395614426703
1001.4955064839164,1.692932349104554
1001.5955064839164,1.6866949072139186
1001.6955064839165,1.680531134624489
1001.7955064839165,1.6744447169654686
1001.8955064839165,1.6684391257835212
1001.9955064839165,1.6625176182105752
1002.0955064839166,1.6566832371432252
1002.1955064839166,1.6509388119182484
1002.2955064839166,1.645286959467581
1002.3955064839166,1.6397300859350303
1002.4955064839166,1.634270388736027
1002.5955064839167,1.628909859040846
1002.6955064839167,1.623650284660953
1002.7955064839167,1.6184932533174667
1002.8955064839167,1.6134401562701448
1002.9955064839168,1.60849219228484
1003.0955064839168,1.6036503719169903
1003.1955064839168,1.5989155220884328
1003.2955064839168,1.5942882909346474
1003.3955064839168,1.58976915289944
1003.4955064839169,1.5853584140540773
1003.5955064839169,1.5810562176179637
1003.6955064839169,1.5768625496581206
1003.7955064839169,1.572777244944967
1003.895506483917,1.5687999929422243
1003.995506483917,1.5649303439091569
1004.095506483917,1.5611677150938161
1004.195506483917,1.557511396996473
1004.295506483917,1.5539605596830053
1004.3955064839171,1.5505142591286314
1004.4955064839171,1.5471714435730577
1004.5955064839171,1.5439309598688364
1004.6955064839171,1.540791559805481
1004.7955064839172,1.537751906392687
1004.8955064839172,1.534810580086823
1004.9955064839172,1.5319660849457153
1005.0955064839172,1.5292168546976002
1005.1955064839173,1.52656125871102
1005.2955064839173,1.52399760785332
1005.3955064839173,1.521524160226311
1005.4955064839173,1.5191391267685648
