957.3955064839064,0.038393523724045676
957.4955064839064,0.040166405792547905
957.5955064839064,0.04200697560756964
957.6955064839065,0.04391706439572288
957.7955064839065,0.04589851500785427
957.8955064839065,0.0479531799045357
957.9955064839065,0.05008291903374868
958.0955064839065,0.052289597600290824
958.1955064839066,0.054575083726673135
958.2955064839066,0.056941246005528544
958.3955064839066,0.05938995094381465
958.4955064839066,0.06192306029936715
958.5955064839067,0.0645424283106442
958.6955064839067,0.06724989882079642
958.7955064839067,0.07004730229749927
958.8955064839067,0.07293645275029915
958.9955064839068,0.07591914454754259
959.0955064839068,0.07899714913528892
959.1955064839068,0.08217221166094049
959.2955064839068,0.08544604750466771
959.3955064839068,0.08882033872205247
959.4955064839069,0.09229673040172671
959.5955064839069,0.09587682694213703
959.6955064839069,0.09956218825192695
959.7955064839069,0.1033543258787867
959.895506483907,0.10725469907198319
959.995506483907,0.11126471078414248
960.095506483907,0.11538570361821723
960.195506483907,0.11961895572592794
960.295506483907,0.12396567666431958
960.3955064839071,0.12842700321742345
960.4955064839071,0.1330039951903553
960.5955064839071,0.1376976311835148
960.6955064839071,0.14250880435487592
960.7955064839072,0.14743831817867384
960.8955064839072,0.15248688220909504
960.9955064839072,0.15765510785786951
961.0955064839072,0.1629435041949384
961.1955064839073,0.16835247378163146
961.2955064839073,0.17388230854603198
961.3955064839073,0.17953318571043045
961.4955064839073,0.18530516378097625
961.5955064839073,0.19119817860981822
961.6955064839074,0.19721203954018923
961.7955064839074,0.2033464256450275
961.8955064839074,0.2096008820698426
961.9955064839074,0.21597481649062178
962.0955064839075,0.2224674956976357
962.1955064839075,0.2290780423160333
962.2955064839075,0.235805431674125
962.3955064839075,0.24264848883022508
962.4955064839075,0.24960588576887158
962.5955064839076,0.2566761387771539
962.6955064839076,0.2638576060117614
962.7955064839076,0.27114848526721613
962.8955064839076,0.27854681195556513
962.9955064839077,0.2860504573075972
963.0955064839077,0.29365712680539297
963.1955064839077,0.3013643588557347
963.2955064839077,0.3091695237135858
963.3955064839078,0.3170698226644939
963.4955064839078,0.3250622874743911
963.5955064839078,0.33314378011484175
963.6955064839078,0.34131099277133864
963.7955064839078,0.3495604481417651
963.8955064839079,0.3578885000316235
963.9955064839079,0.3662913342520842
964.0955064839079,0.3747649698263351
964.1955064839079,0.38330526050910296
964.295506483908,0.3919078966235884
964.395506483908,0.400568407219394
964.495506483908,0.40928216255434374
964.595506483908,0.4180443769023801
964.695506483908,0.42685011168899956
964.7955064839081,0.435694278954935
964.8955064839081,0.4445716451480253
964.9955064839081,0.45347683524242877
965.0955064839081,0.46240433718353985
965.1955064839082,0.47134850665615374
965.2955064839082,0.4803035721726086
965.3955064839082,0.48926364047680115
965.4955064839082,0.498222702259145
965.5955064839083,0.5071746381766982
965.6955064839083,0.5161132251718554
965.7955064839083,0.5250321430821663
965.8955064839083,0.5339249815330097
965.9955064839083,0.5427852471040364
966.0955064839084,0.5516063707594804
966.1955064839084,0.5603817155316407
966.2955064839084,0.569104584446055
966.3955064839084,0.5777682286761219
966.4955064839085,0.5863658559141834
966.5955064839085,0.594890638945367
966.6955064839085,0.6033357244097818
966.7955064839085,0.6116942417380096
966.8955064839085,0.6199593122441918
966.9955064839086,0.628124058360414
967.0955064839086,0.6361816129955266
967.1955064839086,0.6441251290010112
967.2955064839086,0.651947788726021
967.3955064839087,0.6596428136432705
967.4955064839087,0.66720347402706
967.5955064839087,0.6746230986643582
967.6955064839087,0.6818950845795615
967.7955064839088,0.6890129067532947
967.8955064839088,0.6959701278154022
967.9955064839088,0.7027604076921318
968.0955064839088,0.7093775131874017
968.1955064839088,0.7158153274779986
968.2955064839089,0.7220678595025519
968.3955064839089,0.7281292532241949
968.4955064839089,0.7339937967469311
968.5955064839089,0.7396559312658986
968.695506483909,0.7451102598319458
968.795506483909,0.7503515559112125
968.895506483909,0.7553747717207446
968.995506483909,0.7601750463215569
969.095506483909,0.7647477134510011
969.1955064839091,0.7690883090767874
969.2955064839091,0.7731925786555545
969.3955064839091,0.7770564840794745
969.4955064839091,0.7806762102950235
969.5955064839092,0.784048171578736
969.6955064839092,0.7871690174554951
969.7955064839092,0.7900356382456885
969.8955064839092,0.7926451702283747
969.9955064839093,0.7949950004084604
970.0955064839093,0.7970827708767807
970.1955064839093,0.7989063827528999
970.2955064839093,0.8004639997014013
970.3955064839093,0.8017540510134229
970.4955064839094,0.8027752342461976
970.5955064839094,0.8035265174143902
970.6955064839094,0.8040071407280704
970.7955064839094,0.8042166178732232
970.8955064839095,0.8041067373337375
970.9955064839095,0.8035512866613393
971.0955064839095,0.8025445034638425
971.1955064839095,0.8010880852223462
971.2955064839095,0.799184485007963
971.3955064839096,0.7968369045968673
971.4955064839096,0.7940492854965896
971.5955064839096,0.7908262979187627
971.6955064839096,0.7871733277415034
971.7955064839097,0.7830964615123738
971.8955064839097,0.7786024695503716
971.9955064839097,0.7736987872126136
972.0955064839097,0.7683934943982585
972.1955064839098,0.7626952933687399
972.2955064839098,0.7566134849695124
972.3955064839098,0.7501579433442248
972.4955064839098,0.7433390892374959
972.5955064839098,0.7361678619872665
972.6955064839099,0.7286556903120013
972.7955064839099,0.720814462001813
972.8955064839099,0.7126564926258497
972.9955064839099,0.7041944933710296
973.09550648391,0.6954415381293962
973.19550648391,0.6864110299530201
973.29550648391,0.6771166669964659
973.39550648391,0.6675724080673914
973.49550648391,0.6577924379058445
973.5955064839101,0.6477911323122917
973.6955064839101,0.637583023243336
973.7955064839101,0.6271827639925087
973.8955064839101,0.6166050945714283
973.9955064839102,0.6058648074040565
974.0955064839102,0.5949767134437511
974.1955064839102,0.5839556088193466
974.2955064839102,0.5728162421126043
974.3955064839103,0.5615732823651094
974.4955064839103,0.5502412879080468
974.5955064839103,0.5388346761033347
974.6955064839103,0.5273676940793205
974.7955064839103,0.5158543905387211
974.8955064839104,0.504308588710718
974.9955064839104,0.4927438605131551
975.0955064839104,0.48117350198465214
975.1955064839104,0.4696105100401831
975.2955064839105,0.45806756059730636
975.3955064839105,0.44655698811380334
975.4955064839105,0.43509076657103113
975.5955064839105,0.4236804919308327
975.6955064839105,0.4123373660874353
975.7955064839106,0.40107218232941
975.8955064839106,0.38989531232050906
975.9955064839106,0.3788166946020662
976.0955064839106,0.3678458246136634
976.1955064839107,0.3569917462229655
976.2955064839107,0.3462630447500255
976.3955064839107,0.3356678414659839
976.4955064839107,0.32521378954095664
976.5955064839108,0.3149080714110383
976.6955064839108,0.30475739752975506
976.7955064839108,0.29476800646500884
976.8955064839108,0.284945666298568
976.9955064839108,0.27529567728148036
977.0955064839109,0.26582287569544505
977.1955064839109,0.25653163886715524
977.2955064839109,0.24742589127994769
977.3955064839109,0.23850911172474548
977.495506483911,0.22978434143027343
977.595506483911,0.22125419311085467
977.695506483911,0.21292086086875348
977.795506483911,0.20478613088701597
977.895506483911,0.19685139284806766
977.9955064839111,0.1891176520129412
978.0955064839111,0.1815855418959296
978.1955064839111,0.17425533746966707
978.2955064839111,0.16712696883613118
978.3955064839112,0.16020003529981017
978.4955064839112,0.15347381978028668
978.5955064839112,0.14694730350272783
978.6955064839112,0.1406191809062337
978.7955064839113,0.13448787471165916
978.8955064839113,0.1285515510923786
978.9955064839113,0.12280813489348259
979.0955064839113,0.11725532484707135
979.1955064839113,0.11189060873362096
979.2955064839114,0.10671127844182539
979.3955064839114,0.10171444488184679
979.4955064839114,0.09689705270952059
979.5955064839114,0.09225589482174015
979.6955064839115,0.08778762658597848
979.7955064839115,0.08348877976966775
979.8955064839115,0.07935577613794516
979.9955064839115,0.07538494069106166
980.0955064839115,0.07157251451553155
980.1955064839116,0.0679146672258603
980.2955064839116,0.06440750897641033
980.3955064839116,0.06104710202564248
980.4955064839116,0.057829471837589214
980.5955064839117,0.05475061770796926
980.6955064839117,0.05180652290482714
980.7955064839117,0.04899316431597318
980.8955064839117,0.04630652159779672
980.9955064839118,0.04374258582222655
981.0955064839118,0.041297367620707376
981.1955064839118,0.03896690482604841
981.2955064839118,0.036747269614874796
981.3955064839118,0.034634575155170995
981.4955064839119,0.0326249817650456
981.5955064839119,0.03071470259036927
981.6955064839119,0.028900008810338162
981.7955064839119,0.027177234381296725
981.895506483912,0.02554278033031564
981.995506483912,0.023993118611064256
982.095506483912,0.02252479553544405
982.195506483912,0.02113443479526309
982.295506483912,0.01981874008893376
982.3955064839121,0.018574497368769646
982.4955064839121,0.017398576724947986
982.5955064839121,0.01628793392259367
982.6955064839121,0.015239611608734284
982.7955064839122,0.01425074020607855
982.8955064839122,0.013318538510685766
982.9955064839122,0.012440314010628234
983.0955064839122,0.011613462942706258
983.1955064839123,0.010835470104160886
983.2955064839123,0.010103908436149726
983.3955064839123,0.009416438395509657
983.4955064839123,0.008770807131033455
983.5955064839123,0.008164847480139365
983.6955064839124,0.007596476801419829
983.7955064839124,0.007063695658121432
983.8955064839124,0.006564586367139277
983.9955064839124,0.006097311427608342
984.0955064839125,0.00566011184264808
984.1955064839125,0.005251305347268049
984.2955064839125,0.004869284554876206
984.3955064839125,0.004512515034251729
984.4955064839125,0.004179533328254667
984.5955064839126,0.003868944924948705
984.6955064839126,0.003579422191214541
984.7955064839126,0.0033097022783328124
984.8955064839126,0.0030585850084198524
984.9955064839127,0.0028249307500099997
985.0955064839127,0.002607658290496604
985.1955064839127,0.002405742712572745
985.2955064839127,0.0022182132812542175
985.3955064839128,0.002044151347522701
985.4955064839128,0.0018826882740984716
985.5955064839128,0.0017330033883404523
985.6955064839128,0.0015943219667780006
985.7955064839128,0.0014659132553048752
985.8955064839129,0.0013470885286117533
985.9955064839129,0.00123719919200028
986.0955064839129,0.0011356349283093595
986.1955064839129,0.0010418218922935453
986.295506483913,0.0009552209544240792
986.395506483913,0.0008753259957354619
986.495506483913,0.0008016622550143273
986.595506483913,0.0007337847293225526
986.695506483913,0.0006712766285628581
986.7955064839131,0.0006137478845320235
986.8955064839131,0.0005608337146640427
986.9955064839131,0.0005121932404423452
987.0955064839131,0.00046750816025614326
987.1955064839132,0.0004264814762903461
987.2955064839132,0.00038883627487061633
987.3955064839132,0.00035431455953432745
987.4955064839132,0.00032267613596364815
987.5955064839133,0.00029369754779796247
987.6955064839133,0.0002671710622385435
987.7955064839133,0.00024290370426802326
987.8955064839133,0.00022071633822997187
987.9955064839133,0.00020044279544895587
988.0955064839134,0.00018192904651805712
988.1955064839134,0.0001650324168381796
988.2955064839134,0.00014962084396076534
988.3955064839134,0.00013557217526207247
988.4955064839135,0.00012277350446216335
988.5955064839135,0.0001111205454945175
988.6955064839135,0.00010051704223201591
988.7955064839135,9.087421258130987e-05
988.8955064839136,8.211022546962294e-05
988.9955064839136,7.414970926523848e-05
989.0955064839136,6.692329019475909e-05
989.1955064839136,6.0367159346078155e-05
989.2955064839136,5.4422666875427115e-05
989.3955064839137,4.903594206932971e-05
989.4955064839137,4.415753794737035e-05
989.5955064839137,3.974209912893932e-05
989.6955064839137,3.574805172616465e-05
989.7955064839138,3.2137314065707917e-05
989.8955064839138,2.887502708365947e-05
989.9955064839138,2.5929303280105777e-05
990.0955064839138,2.327099316277848e-05
990.1955064839138,2.087346815227424e-05
990.2955064839139,1.8712418964425e-05
990.3955064839139,1.6765668528293474e-05
990.4955064839139,1.5012998540780646e-05
990.5955064839139,1.3435988800798818e-05
990.695506483914,1.2017868507238164e-05
990.795506483914,1.0743378745411099e-05
990.895506483914,9.598645426191873e-06
990.995506483914,8.571061980579035e-06
991.095506483914,7.649181149827486e-06
991.1955064839141,6.8226152475539795e-06
991.2955064839141,6.081944305268916e-06
991.3955064839141,5.418631546588562e-06
991.4955064839141,4.824945667906858e-06
991.5955064839142,4.293889434537542e-06
991.6955064839142,3.819134131265943e-06
991.7955064839142,3.3949594348739967e-06
991.8955064839142,3.016198303527588e-06
991.9955064839143,2.6781865039546683e-06
992.0955064839143,2.3767164221124903e-06
992.1955064839143,2.10799482656597e-06
992.2955064839143,1.8686042761021357e-06
992.3955064839143,1.655467884218668e-06
992.4955064839144,1.4658171730800558e-06
992.5955064839144,1.2971627683684186e-06
992.6955064839144,1.1472677042049326e-06
992.7955064839144,1.0141231240206526e-06
992.8955064839145,8.959261789526901e-07
992.9955064839145,7.910599400731834e-07
993.0955064839145,6.980751545661414e-07
993.1955064839145,6.156736888917683e-07
993.2955064839146,5.42693514060601e-07
993.3955064839146,4.780950994215439e-07
993.4955064839146,4.2094909188884446e-07
993.5955064839146,3.704251673328128e-07
993.6955064839146,3.257819499762621e-07
993.7955064839147,2.8635790411105973e-07
993.8955064839147,2.515631103133323e-07
993.9955064839147,2.2087184562733286e-07
994.0955064839147,1.9381589394087144e-07
994.1955064839148,1.6997851902262909e-07
994.2955064839148,1.489890384650388e-07
994.3955064839148,1.3051794210625433e-07
994.4955064839148,1.1427250341974731e-07
994.5955064839148,9.999283688799729e-08
994.6955064839149,8.744835854373548e-08
994.7955064839149,7.643461069313841e-08
994.8955064839149,6.677041535387399e-08
994.9955064839149,5.829532416921278e-08
995.095506483915,5.0867335518579755e-08
995.195506483915,4.4360852254750124e-08
995.295506483915,3.866485597700396e-08
995.395506483915,3.368127601542924e-08
995.495506483915,2.9323533370601285e-08
995.5955064839151,2.5515241740393734e-08
995.6955064839151,2.218904948601911e-08
995.7955064839151,1.928560795592963e-08
995.8955064839151,1.6752653011378068e-08
995.9955064839152,1.4544187892827571e-08
996.0955064839152,1.2619756742774636e-08
996.1955064839152,1.0943799167890843e-08
996.2955064839152,9.48507719094469e-09
996.3955064839153,8.216166819299913e-09
996.4955064839153,7.113007249802238e-09
996.5955064839153,6.154501446867872e-09
996.6955064839153,5.322162478301192e-09
996.7955064839153,4.599800577990975e-09
996.8955064839154,3.973246431862488e-09
996.9955064839154,3.4301066585290275e-09
997.0955064839154,2.9595478837929013e-09
997.1955064839154,2.5521061928921303e-09
997.2955064839155,2.1995190902035027e-09
997.3955064839155,1.894577406677245e-09
997.4955064839155,1.6309948739580772e-09
997.5955064839155,1.403293334011508e-09
997.6955064839156,1.2067017769194163e-09
997.7955064839156,1.0370675998833484e-09
997.8955064839156,8.907786596939388e-10
997.9955064839156,7.646948510953008e-10
998.0955064839156,6.560880865051108e-10
998.1955064839157,5.625896801766393e-10
998.2955064839157,4.821442536780269e-10
998.3955064839157,4.129693809365484e-10
998.4955064839157,3.5352028133604966e-10
998.5955064839158,3.024589496235563e-10
998.6955064839158,2.5862718272322635e-10
998.7955064839158,2.2102302691555933e-10
998.8955064839158,1.8878022506703163e-10
998.9955064839158,1.6115029345463593e-10
999.0955064839159,1.374869019085431e-10
999.1955064839159,1.172322701116835e-10
999.2955064839159,9.99053275014249e-11
999.3955064839159,8.509141481231606e-11
999.495506483916,7.243333232500835e-11
999.595506483916,6.162356374300669e-11
999.695506483916,5.239752566179279e-11
999.795506483916,4.4527711142130616e-11
999.895506483916,3.781861223478739e-11
999.9955064839161,3.2102320680583004e-11
1000.0955064839161,2.7234718653155453e-11
1000.1955064839161,2.3092182522813274e-11
1000.2955064839161,1.9568732376947186e-11
1000.3955064839162,1.6573568594357645e-11
1000.4955064839162,1.4028944278461574e-11
1000.5955064839162,1.1868328932675576e-11
1000.6955064839162,1.0034824521183156e-11
1000.7955064839163,8.479800097937348e-12
1000.8955064839163,7.1617155930087755e-12
1000.9955064839163,6.0451091950953604e-12
1001.0955064839163,5.099726130032958e-12
1001.1955064839163,4.299769567425067e-12
1001.2955064839164,3.6232569438976648e-12
1001.3955064839164,3.051467218582688e-12
1001.4955064839164,2.568466515272011e-12
1001.5955064839164,2.1607012923754165e-12
1001.6955064839165,1.8166496481130436e-12
1001.7955064839165,1.5265226421701615e-12
1001.8955064839165,1.2820086208337563e-12
1001.9955064839165,1.0760544918965383e-12
1002.0955064839166,9.026787271879777e-13
1002.1955064839166,7.568115909647827e-13
1002.2955064839166,6.341587159991625e-13
1002.3955064839166,5.310846886637858e-13
1002.4955064839166,4.4451377065677147e-13
1002.5955064839167,3.718452878673504e-13
1002.6955064839167,3.1088156465519937e-13
1002.7955064839167,2.5976658182744155e-13
1002.8955064839167,2.1693379522774593e-13
1002.9955064839168,1.810617746554595e-13
1003.0955064839168,1.510365146400775e-13
1003.1955064839168,1.2591943360627187e-13
1003.2955064839168,1.0492021982360637e-13
1003.3955064839168,8.737380440751779e-14
1003.4955064839169,7.272084626851751e-14
1003.5955064839169,6.049120367277104e-14
1003.6955064839169,5.028994403859176e-14
1003.7955064839169,4.1785509531432247e-14
1003.895506483917,3.4699712475380785e-14
1003.995506483917,2.879928290275564e-14
1004.095506483917,2.3888731864336186e-14
1004.195506483917,1.9804329412339862e-14
1004.295506483917,1.640902630108907e-14
1004.3955064839171,1.3588174162585328e-14
1004.4955064839171,1.124592083969004e-14
1004.5955064839171,9.30217624342961e-15
1004.6955064839171,7.69006001170053e-15
1004.7955064839172,6.353755786850774e-15
1004.8955064839172,5.246708444740767e-15
1004.9955064839172,4.330110394273693e-15
1005.0955064839172,3.571631378009251e-15
1005.1955064839173,2.94435325888271e-15
1005.2955064839173,2.425877261421497e-15
1005.3955064839173,1.997576207426044e-15
1005.4955064839173,1.6439685819555221e-15
