0,1.5308991642401587e-10
1,2.0612123086495013e-10
2,2.770865488275041e-10
3,3.7189876375216326e-10
4,4.983685189807362e-10
5,6.667960863870569e-10
6,8.907422622640923e-10
7,1.1880306622005074e-09
8,1.582048582074454e-09
9,2.1034323892973102e-09
10,2.792247258681142e-09
11,3.7008012697549762e-09
12,4.897272053373981e-09
13,6.470372321903738e-09
14,8.53534122527517e-09
15,1.124162461784452e-08
16,1.4782702788189107e-08
17,1.9408643659171115e-08
18,2.5442108633974722e-08
19,3.329872415776659e-08
20,4.3512963253226626e-08
21,5.6770968218197496e-08
22,7.395210105084693e-08
23,9.618144740822523e-08
24,1.248960416677401e-07
25,1.6192824747856137e-07
26,2.096105471988125e-07
27,2.709069974194683e-07
28,3.495778354517737e-07
29,4.5038521991053916e-07
30,5.79349913050627e-07
31,7.440709295318164e-07
32,9.541228643382027e-07
33,1.2215488645580923e-06
34,1.5614711352133246e-06
35,1.9928455971989934e-06
36,2.539392996828143e-06
37,3.230745578268762e-06
38,4.103856578472772e-06
39,5.204729528702476e-06
40,6.590535925238834e-06
41,8.332203585241505e-06
42,1.0517574301614563e-05
43,1.3255248677338874e-05
44,1.6679258740335808e-05
45,2.0954735667692525e-05
46,2.6284771311284605e-05
47,3.291870892638718e-05
48,4.116214136209024e-05
49,5.138894487676223e-05
50,6.405573469903828e-05
51,7.971919558401098e-05
52,9.905681815531414e-05
53,0.0001228916611433872
54,0.00015222186222735792
55,0.000188255737697478
56,0.00023245344534931993
57,0.00028657633780938065
58,0.00035274530691674474
59,0.00043350961601537
60,0.0005319279383282095
61,0.0006516635683667658
62,0.000797096052030016
63,0.0009734517921612401
64,0.001186956532361994
65,0.001445013005270542
66,0.0017564074546616087
67,0.002131549205815549
68,0.0025827479675956336
69,0.0031245341041868527
70,0.0037740277156762363
71,0.004551363015227466
72,0.005480175186471121
73,0.0065881576470172044
74,0.007907698430833396
75,0.009476605230597927
76,0.011338929506670375
77,0.013545900966137269
78,0.01615698463586272
79,0.019241073688061668
80,0.022877832113927184
81,0.02715920226627122
82,0.03219109318943045
83,0.038095266504608684
84,0.045011437399265275
85,0.05309960895504192
86,0.0625426586118914
87,0.07354919597527647
88,0.08635671139418943
89,0.1012350347329404
90,0.11849012348895484
91,0.1384681988293807
92,0.16156024718604267
93,0.1882069037142778
94,0.21890373213827927
95,0.25420691322502875
96,0.29473935130221485
97,0.3411972048154262
98,0.3943568428613422
99,0.4550822248950612
100,0.5243326953544261
101,0.6031711787417229
102,0.6927727537309075
103,0.7944335771133533
104,0.9095801198551766
105,1.0397786682254384
106,1.1867450328927025
107,1.3523543981197144
108,1.5386512317725334
109,1.747859164881142
110,1.9823907370441267
111,2.244856891183241
112,2.538076088170346
113,2.8650828988383554
114,3.2291359180421604
115,3.633724832970741
116,4.082576466065891
117,4.579659601935006
118,5.129188397833218
119,5.735624168927257
120,6.403675332947317
121,7.13829529429879
122,7.944678045564022
123,8.828251264893316
124,9.794666691377609
125,10.849787567410264
126,11.9996729475627
127,13.250558687868075
128,14.608834947846617
129,16.081020060289077
130,17.673730650864634
131,19.393647921103312
132,21.24748004422104
133,23.24192066354401
134,25.383603529671134
135,27.679053720313167
136,30.134672980345634
137,32.758829094392276
138,35.62573384075689
139,39.84880559641225
140,54.50883380631061
141,113.11726177296705
142,246.82785013153506
143,369.0141516786043
144,377.9242280091284
145,370.203635806604
146,354.0794942732424
147,331.3182522971593
148,304.1395861173788
149,274.91960694204784
150,245.90350231995603
151,218.9746401249488
152,195.510007435568
153,176.33068194275998
154,161.73660872723187
155,151.60160125346152
156,145.4990896852209
157,142.83111961039242
158,142.9401381752763
159,145.19221350876083
160,149.0288751399069
161,153.99104486429394
162,159.7219546045562
163,165.9568101262939
164,172.50604150900762
165,179.237176729067
166,186.05841890876025
167,192.9053605267602
168,199.73111913006844
169,206.4995233517789
170,213.18070598112868
171,219.74843456052875
172,226.17860910285734
173,232.44849678526322
174,238.53640691639572
175,244.4216156242383
176,250.08442497103763
177,255.50629011269663
178,260.6699777002237
179,265.5597355205649
180,270.16146238850337
181,274.4628718929154
182,278.4536458339345
183,282.12557423834215
184,285.47267933683094
185,288.49132114548945
186,291.18028246683394
187,293.54083128250556
188,295.576758680947
189,297.29439066190383
190,298.7144533017448
191,299.92320775626496
192,300.9467195671746
193,301.7993488172498
194,302.4968055733726
195,303.0560113264429
196,303.4949391623711
197,303.8324332944562
198,304.08800893995755
199,304.2816338934413
200,304.4334935309523
201,304.56374136569076
202,304.69223766028375
203,304.8382789747578
204,305.0203218841416
205,305.25570442599644
206,305.5603691265643
207,305.94859169509385
208,306.4327196599611
209,307.0229253386483
210,307.7269775785241
211,308.5500366698034
212,309.4944767105885
213,310.55973949269776
214,311.74222367415524
215,313.0352126099709
216,314.42884372963266
217,315.91012178242227
218,317.46297762747105
219,319.0683735340141
220,320.70445519042585
221,322.3467498122727
222,323.96840890552664
223,325.54049339848666
224,327.0322980231582
225,328.4117110227961
226,329.6456045061425
227,330.700250079316
228,331.5417537811878
229,332.1365038438265
230,332.4516244107091
231,332.4554280839768
232,332.11786004736064
233,331.41092652965966
234,330.3091005375913
235,328.7896980956281
236,326.83321867967607
237,324.42364411313935
238,321.5486908966556
239,318.20001175201816
240,314.30170000750456
241,309.485946815574
242,303.714862981357
243,297.0172897121749
244,289.4355558349986
245,281.024552279155
246,271.8505364396882
247,261.9897033849753
248,251.5265672869516
249,240.5522012022933
250,229.16238627264764
251,217.45572247863433
252,205.5317522963284
253,193.489146066279
254,181.42399376570415
255,169.4282424069081
