961.0955402993058,1.447146293251223
961.1955402993058,1.4519425335666918
961.2955402993058,1.4568407762608255
961.3955402993058,1.461840971015072
961.4955402993058,1.4669429627881976
961.5955402993059,1.4721464887214057
961.6955402993059,1.4774511751280566
961.7955402993059,1.4828565345767244
961.8955402993059,1.4883619630763625
961.995540299306,1.493966737372391
962.095540299306,1.4996700123625117
962.195540299306,1.505470818641051
962.295540299306,1.511368060180581
962.395540299306,1.517360512159504
962.4955402993061,1.5234468189441952
962.5955402993061,1.529625492234179
962.6955402993061,1.5358949093786687
962.7955402993061,1.5422533118726323
962.8955402993062,1.5486988040403458
962.9955402993062,1.5552293519141749
963.0955402993062,1.5618427823160697
963.1955402993062,1.5685367821489862
963.2955402993063,1.5753088979051373
963.3955402993063,1.5821565353976461
963.4955402993063,1.5890769597218215
963.5955402993063,1.5960672954518849
963.6955402993063,1.6031245270785761
963.7955402993064,1.6102454996926274
963.8955402993064,1.617426919918641
963.9955402993064,1.6246653571034249
964.0955402993064,1.6319572447623345
964.1955402993065,1.6392988822866528
964.2955402993065,1.6466864369144865
964.3955402993065,1.6541159459671044
964.4955402993065,1.6615833193520517
964.5955402993065,1.6690843423337856
964.6955402993066,1.676614678571962
964.7955402993066,1.6841698734268764
964.8955402993066,1.691745357530929
964.9955402993066,1.6993364506243291
965.0955402993067,1.7069383656526091
965.1955402993067,1.7145462131228433
965.2955402993067,1.7221550057148114
965.3955402993067,1.7297596631426695
965.4955402993068,1.7373550172620202
965.5955402993068,1.7449358174166136
965.6955402993068,1.7524967360182289
965.7955402993068,1.7600323743526423
965.8955402993068,1.7675372686039224
965.9955402993069,1.775005896088651
966.0955402993069,1.7824326816910427
966.1955402993069,1.7898120044893098
966.2955402993069,1.797138204563017
966.395540299307,1.8044055899705944
966.495540299307,1.8116084438855964
966.595540299307,1.8187410318797672
966.695540299307,1.8257976093404436
966.795540299307,1.8327724290093357
966.8955402993071,1.8396597486292605
966.9955402993071,1.8464538386849674
967.0955402993071,1.8531489902237874
967.1955402993071,1.8597395227414684
967.2955402993072,1.8662197921182133
967.3955402993072,1.872584198589652
967.4955402993072,1.8788271947371897
967.5955402993072,1.8849432934819674
967.6955402993073,1.8909270760664734
967.7955402993073,1.8967732000077013
967.8955402993073,1.9024764070056404
967.9955402993073,1.9080315307908264
968.0955402993073,1.913433504894661
968.1955402993074,1.9186773703262219
968.2955402993074,1.9237582831393687
968.3955402993074,1.928671521874042
968.4955402993074,1.9334124948558231
968.5955402993075,1.9379767473380112
968.6955402993075,1.9423599684707207
968.7955402993075,1.9465579980817869
968.8955402993075,1.950566833254594
968.9955402993075,1.9543826346883135
969.0955402993076,1.95800173282645
969.1955402993076,1.9614206337400448
969.2955402993076,1.9646360247523773
969.3955402993076,1.9676447797925367
969.4955402993077,1.9704439644657996
969.5955402993077,1.9730308408293504
969.6955402993077,1.9754028718625198
969.7955402993077,1.9775577256213757
969.8955402993078,1.9794932790682074
969.9955402993078,1.981207621567159
970.0955402993078,1.9826990580380248
970.1955402993078,1.9839661117609908
970.2955402993078,1.9850075268259018
970.3955402993079,1.9858222702204522
970.4955402993079,1.9864095335525267
970.5955402993079,1.9867687344027645
970.6955402993079,1.9868995173042807
970.795540299308,1.9867306997594212
970.895540299308,1.9861693822747006
970.995540299308,1.9852161137325939
971.095540299308,1.9838725285852052
971.195540299308,1.9821409269004429
971.2955402993081,1.980024267835483
971.3955402993081,1.977526161247436
971.4955402993081,1.9746508574747474
971.5955402993081,1.9714032353300919
971.6955402993082,1.967788788352507
971.7955402993082,1.9638136093732919
971.8955402993082,1.9594843734566683
971.9955402993082,1.9548083192823906
972.0955402993083,1.9497932290433209
972.1955402993083,1.94444740693646
972.2955402993083,1.9387796563310138
972.3955402993083,1.9327992557017215
972.4955402993083,1.9265159334199171
972.5955402993084,1.9199398414985578
972.6955402993084,1.9130815283907654
972.7955402993084,1.9059519109442347
972.8955402993084,1.8985622456162066
972.9955402993085,1.8909240990555214
973.0955402993085,1.8830493181595984
973.1955402993085,1.8749499997150088
973.2955402993085,1.8666384597306265
973.3955402993085,1.8581272025721667
973.4955402993086,1.8494288900062492
973.5955402993086,1.8405563102609714
973.6955402993086,1.831522347208367
973.7955402993086,1.8223399497720492
973.8955402993087,1.8130221016608312
973.9955402993087,1.8035817915262027
974.0955402993087,1.7940319836382204
974.1955402993087,1.784385589170686
974.2955402993088,1.7746554381824586
974.3955402993088,1.7648542523773967
974.4955402993088,1.754994618720784
974.5955402993088,1.7450889639851992
974.6955402993088,1.7351495302936526
974.7955402993089,1.7251883517224815
974.8955402993089,1.7152172320209997
974.9955402993089,1.705247723499248
975.0955402993089,1.695291107129458
975.195540299309,1.6853583739010163
975.295540299309,1.6754602074628502
975.395540299309,1.665606968081288
975.495540299309,1.655808677935581
975.595540299309,1.6460750077674686
975.6955402993091,1.6364152648954229
975.7955402993091,1.626838382598582
975.8955402993091,1.6173529108698688
975.9955402993091,1.6079670085324334
976.0955402993092,1.5986884367083827
976.1955402993092,1.5895245536237694
976.2955402993092,1.5804823107290429
976.3955402993092,1.571568250109631
976.4955402993093,1.562788503157029
976.5955402993093,1.5541487904667495
976.6955402993093,1.5456544229257347
976.7955402993093,1.5373103039483704
976.8955402993093,1.5291209328170607
976.9955402993094,1.521090409080464
977.0955402993094,1.5132224379599064
977.1955402993094,1.505520336712239
977.2955402993094,1.4979870418954433
977.3955402993095,1.4906251174816456
977.4955402993095,1.4834367637608497
977.5955402993095,1.476423826977659
977.6955402993095,1.4695878096424995
977.7955402993096,1.462929881458393
977.8955402993096,1.4564508908041383
977.9955402993096,1.4501513767148362
978.0955402993096,1.4440315813010325
978.1955402993096,1.4380914625483248
978.2955402993097,1.4323307074401002
978.3955402993097,1.4267487453470922
978.4955402993097,1.4213447616286794
978.5955402993097,1.4161177113922736
978.6955402993098,1.4110663333587374
978.7955402993098,1.4061891637835233
978.8955402993098,1.4014845503851259
978.9955402993098,1.396950666234453
979.0955402993098,1.3925855235608633
979.1955402993099,1.3883869874328307
979.2955402993099,1.3843527892735148
979.3955402993099,1.3804805401738707
979.4955402993099,1.3767677439683592
979.59554029931,1.3732118100407624
979.69554029931,1.3698100658300791
979.79554029931,1.366559769008957
979.89554029931,1.3634581193095812
979.99554029931,1.3605022699743943
980.0955402993101,1.3576893388114435
980.1955402993101,1.3550164188365312
980.2955402993101,1.352480588486676
980.3955402993101,1.350078921391658
980.4955402993102,1.3478084956926344
980.5955402993102,1.345666402898926
980.6955402993102,1.3436497562761338
980.7955402993102,1.3417556987606947
980.8955402993103,1.339981410397857
980.9955402993103,1.3383241153018233
981.0955402993103,1.336781088138481
981.1955402993103,1.335349660132705
981.2955402993103,1.334027224603691
981.3955402993104,1.3328112420331242
981.4955402993104,1.3316992446722542
981.5955402993104,1.3306888406950923
981.6955402993104,1.3297777179059922
981.7955402993105,1.32896364701082
981.8955402993105,1.3282444844617614
981.9955402993105,1.3276181748865652
982.0955402993105,1.3270827531136584
982.1955402993106,1.3266363458051447
982.2955402993106,1.326277172710156
982.3955402993106,1.326003547551418
982.4955402993106,1.3258138785582
982.5955402993106,1.3257066686590488
982.6955402993107,1.3256805153478697
982.7955402993107,1.3257341102370137
982.8955402993107,1.325866238311065
982.9955402993107,1.3260757768950062
983.0955402993108,1.3263616943503584
983.1955402993108,1.3267230485127912
983.2955402993108,1.3271589848845244
983.3955402993108,1.3276687345946614
983.4955402993108,1.3282516121403611
983.5955402993109,1.3289070129215088
983.6955402993109,1.32963441058127
983.7955402993109,1.3304333541646176
983.8955402993109,1.3313034651066216
983.995540299311,1.3322444340619706
984.095540299311,1.3332560175868724
984.195540299311,1.3343380346841616
984.295540299311,1.3354903632221067
984.395540299311,1.3367129362371029
984.4955402993111,1.3380057381301056
984.5955402993111,1.3393688007663656
984.6955402993111,1.340802199487724
984.7955402993111,1.342306049046441
984.8955402993112,1.343880499469269
984.9955402993112,1.345525731860218
985.0955402993112,1.3472419541502305
985.1955402993112,1.3490293968017597
985.2955402993113,1.350888308476045
985.3955402993113,1.3528189516706943
985.4955402993113,1.354821598335018
985.5955402993113,1.356896525470416
985.6955402993113,1.3590440107229895
985.7955402993114,1.361264327975443
985.8955402993114,1.363557742945246
985.9955402993114,1.3659245087959535
986.0955402993114,1.3683648617685265
986.1955402993115,1.3708790168394382
986.2955402993115,1.3734671634123397
986.3955402993115,1.3761294610500194
986.4955402993115,1.3788660352534001
986.5955402993116,1.3816769732943053
986.6955402993116,1.3845623201087451
986.7955402993116,1.3875220742574805
986.8955402993116,1.3905561839606466
986.9955402993116,1.3936645432132362
987.0955402993117,1.3968469879882663
987.1955402993117,1.400103292534477
987.2955402993117,1.4034331657754173
987.3955402993117,1.4068362478168053
987.4955402993118,1.4103121065690376
987.5955402993118,1.4138602344917377
987.6955402993118,1.417480045467213
987.7955402993118,1.4211708718096712
987.8955402993118,1.4249319614170153
987.9955402993119,1.4287624750719778
988.0955402993119,1.4326614838993013
988.1955402993119,1.4366279669855775
988.2955402993119,1.4406608091682682
988.395540299312,1.4447587990003001
988.495540299312,1.448920626896491
988.595540299312,1.4531448834678988
988.695540299312,1.4574300580500041
988.795540299312,1.4617745374304192
988.8955402993121,1.4661766047815992
988.9955402993121,1.4706344388037613
989.0955402993121,1.4751461130829486
989.1955402993121,1.4797095956688642
989.2955402993122,1.4843227488767783
989.3955402993122,1.4889833293174533
989.4955402993122,1.4936889881586592
989.5955402993122,1.4984372716214505
989.6955402993123,1.503225621713948
989.7955402993123,1.5080513772049344
989.8955402993123,1.5129117748390946
989.9955402993123,1.5178039507952463
990.0955402993123,1.5227249423884082
990.1955402993124,1.5276716900160168
990.2955402993124,1.5326410393480665
990.3955402993124,1.5376297437603894
990.4955402993124,1.5426344670097194
990.5955402993125,1.5476517861486014
990.6955402993125,1.55267819467761
990.7955402993125,1.5577101059317442
990.8955402993125,1.5627438566972476
990.9955402993126,1.5677757110544952
991.0955402993126,1.5728018644419641
991.1955402993126,1.5778184479356958
991.2955402993126,1.5828215327380302
991.3955402993126,1.5878071348687879
991.4955402993127,1.592771220051467
991.5955402993127,1.5977097087864178
991.6955402993127,1.6026184816023803
991.7955402993127,1.6074933844771826
991.8955402993128,1.6123302344178478
991.9955402993128,1.617124825189808
992.0955402993128,1.6218729331844024
992.1955402993128,1.6265703234133342
992.2955402993128,1.6312127556182874
992.3955402993129,1.6357959904834432
992.4955402993129,1.6403157959382224
992.5955402993129,1.6447679535371802
992.6955402993129,1.649148264903617
992.795540299313,1.6534525582231443
992.895540299313,1.6576766947731452
992.995540299313,1.661816575473821
993.095540299313,1.6658681474462838
993.195540299313,1.669827410562989
993.2955402993131,1.6736904239756514
993.3955402993131,1.6774533126057003
993.4955402993131,1.6811122735822663
993.5955402993131,1.684663582612687
993.6955402993132,1.6881036002705456
993.7955402993132,1.6914287781863373
993.8955402993132,1.6946356651259724
993.9955402993132,1.6977209129424984
994.0955402993133,1.7006812823866209
994.1955402993133,1.7035136487618696
994.2955402993133,1.7062150074105393
994.3955402993133,1.708782479016886
994.4955402993133,1.7112133147144317
994.5955402993134,1.713504900984662
994.6955402993134,1.7156547643348576
994.7955402993134,1.717660575743308
994.8955402993134,1.7195201548606927
994.9955402993135,1.72123147395699
995.0955402993135,1.7227926616038902
995.1955402993135,1.7242020060833219
995.2955402993135,1.725457958513383
995.3955402993136,1.726559135683663
995.4955402993136,1.7275043225926736
995.5955402993136,1.7282924746808548
995.6955402993136,1.7289227197533983
995.7955402993136,1.729394359587915
995.8955402993137,1.7297068712227943
995.9955402993137,1.729859907922909
996.0955402993137,1.72984377102244
996.1955402993137,1.7296098479294528
996.2955402993138,1.7291516655582195
996.3955402993138,1.7284699389806253
996.4955402993138,1.7275657312188795
996.5955402993138,1.7264404504830468
996.6955402993138,1.7250958465161772
996.7955402993139,1.723534006060305
996.8955402993139,1.7217573474597612
996.9955402993139,1.719768614421329
997.0955402993139,1.7175708689537754
997.195540299314,1.7151674835121868
997.295540299314,1.712562132375314
997.395540299314,1.7097587822867784
997.495540299314,1.7067616823935023
997.595540299314,1.703575353517071
997.6955402993141,1.7002045767959284
997.7955402993141,1.696654381738329
997.8955402993141,1.6929300337278006
997.9955402993141,1.6890370210245234
998.0955402993142,1.6849810413074915
998.1955402993142,1.6807679878035782
998.2955402993142,1.6764039350506743
998.3955402993142,1.671895124342934
998.4955402993143,1.667247948906783
998.5955402993143,1.6624689388567948
998.6955402993143,1.6575647459807545
998.7955402993143,1.6525421284032504
998.8955402993143,1.6474079351769482
998.9955402993144,1.642169090850311
999.0955402993144,1.6368325800599544
999.1955402993144,1.6314054321950326
999.2955402993144,1.625894706180116
999.3955402993145,1.6203074754218592
999.4955402993145,1.6146508129634725
999.5955402993145,1.608931776889525
999.6955402993145,1.6031573960220056
999.7955402993146,1.59733465594679
999.8955402993146,1.591470485407789
999.9955402993146,1.5855717431040293
1000.0955402993146,1.5796452049228067
1000.1955402993146,1.5736975516398362
1000.2955402993147,1.567735357115022
1000.3955402993147,1.561765077010107
1000.4955402993147,1.55579303805202
1000.5955402993147,1.549825427863277
1000.6955402993148,1.5438682853782724
1000.7955402993148,1.5379274918617627
1000.8955402993148,1.5320087625433143
1000.9955402993148,1.5261176388789308
1001.0955402993148,1.5202594814485642
1001.1955402993149,1.514439463495704
1001.2955402993149,1.5086625651127779
1001.3955402993149,1.5029335680736797
1001.4955402993149,1.4972570513123793
1001.595540299315,1.4916373870442734
1001.695540299315,1.486078737524719
1001.795540299315,1.4805850524370534
1001.895540299315,1.4751600669003573
1001.995540299315,1.4698073000852756
1002.0955402993151,1.4645300544243605
1002.1955402993151,1.4593314154016694
1002.2955402993151,1.4542142519047347
1002.3955402993151,1.4491812171205096
1002.4955402993152,1.4442347499555281
1002.5955402993152,1.4393770769592489
1002.6955402993152,1.4346102147284303
1002.7955402993152,1.4299359727693786
1002.8955402993153,1.425355956794034
1002.9955402993153,1.4208715724251182
1003.0955402993153,1.4164840292849372
1003.1955402993153,1.4121943454419457
1003.2955402993153,1.408003352188802
1003.3955402993154,1.4039116991253906
1003.4955402993154,1.3999198595201594
1003.5955402993154,1.3960281359230908
1003.6955402993154,1.3922366660037224
1003.7955402993155,1.3885454285878203
1003.8955402993155,1.3849542498666103
1003.9955402993155,1.3814628097528545
1004.0955402993155,1.378070648358547
1004.1955402993156,1.374777172569563
1004.2955402993156,1.3715816626932382
1004.3955402993156,1.3684832791555708
1004.4955402993156,1.3654810692255162
1004.5955402993156,1.362573973744686
1004.6955402993157,1.3597608338416578
1004.7955402993157,1.3570403976110343
1004.8955402993157,1.3544113267383833
1004.9955402993157,1.3518722030531911
1005.0955402993158,1.3494215349930179
1005.1955402993158,1.3470577639630994
1005.2955402993158,1.3447792705767267
1005.3955402993158,1.342584380762827
1005.4955402993158,1.3404713717282621
1005.5955402993159,1.3384384777634681
