961.0955402993058,6.63566676307543e-11
961.1955402993058,7.550330231378557e-11
961.2955402993058,8.587892809923526e-11
961.3955402993058,9.764422722036385e-11
961.4955402993058,1.1098028084385325e-10
961.5955402993059,1.2609107740715393e-10
961.6955402993059,1.4320631880543095e-10
961.7955402993059,1.625845584555634e-10
961.8955402993059,1.8451670898721916e-10
961.995540299306,2.093299614211753e-10
962.095540299306,2.3739216223089277e-10
962.195540299306,2.691166996864319e-10
962.295540299306,3.049679563954427e-10
962.395540299306,3.454673910337145e-10
962.4955402993061,3.91200318951415e-10
962.5955402993061,4.4282346870944054e-10
962.6955402993061,5.010733997070295e-10
962.7955402993061,5.667758749764529e-10
962.8955402993062,6.408562930187382e-10
962.9955402993062,7.243512933178683e-10
963.0955402993062,8.18421661988815e-10
963.1955402993062,9.243666769838882e-10
963.2955402993063,1.0436400465064212e-09
963.3955402993063,1.177867609874831e-09
963.4955402993063,1.328866987166009e-09
963.5955402993063,1.4986693826776433e-09
963.6955402993063,1.689543767728868e-09
963.7955402993064,1.9040236907217344e-09
963.8955402993064,2.1449369868813954e-09
963.9955402993064,2.4154386868605905e-09
964.0955402993064,2.7190474526295208e-09
964.1955402993065,3.0596859009863766e-09
964.2955402993065,3.441725209841768e-09
964.3955402993065,3.870034440397658e-09
964.4955402993065,4.35003504971876e-09
964.5955402993065,4.8877611132636166e-09
964.6955402993066,5.489925826007517e-09
964.7955402993066,6.163994904172452e-09
964.8955402993066,6.9182675676294386e-09
964.9955402993066,7.761965846130148e-09
965.0955402993067,8.705333021052287e-09
965.1955402993067,9.759742088740255e-09
965.2955402993067,1.0937815212238029e-08
965.3955402993067,1.2253555215739363e-08
965.4955402993068,1.3722490270935227e-08
965.5955402993068,1.536183302717971e-08
965.6955402993068,1.7190655548609625e-08
965.7955402993068,1.9230081541671313e-08
965.8955402993068,2.1503497486600603e-08
965.9955402993069,2.403678442697393e-08
966.0955402993069,2.685857232326071e-08
966.1955402993069,3.000051904015952e-08
966.2955402993069,3.349761621423092e-08
966.395540299307,3.7388524438867674e-08
966.495540299307,4.171594040888932e-08
966.595540299307,4.6526998888046563e-08
966.695540299307,5.187371260050746e-08
966.795540299307,5.78134534030997e-08
966.8955402993071,6.440947836988372e-08
966.9955402993071,7.173150471575004e-08
967.0955402993071,7.985633780250032e-08
967.1955402993071,8.886855681061822e-08
967.2955402993072,9.886126302413811e-08
967.3955402993072,1.099368960661313e-07
967.4955402993072,1.222081238399695e-07
967.5955402993072,1.3579881237829758e-07
967.6955402993073,1.5084508227928252e-07
967.7955402993073,1.6749645891999973e-07
967.8955402993073,1.859171241815913e-07
967.9955402993073,2.0628727800206234e-07
968.0955402993073,2.2880461869223654e-07
968.1955402993074,2.5368595161056027e-07
968.2955402993074,2.8116893649528386e-07
968.3955402993074,3.1151398450023554e-07
968.4955402993074,3.4500631677528483e-07
968.5955402993075,3.819581972769469e-07
968.6955402993075,4.227113533908676e-07
968.7955402993075,4.676395988986198e-07
968.8955402993075,5.171516748288085e-07
968.9955402993075,5.716943247995776e-07
969.0955402993076,6.317556225888105e-07
969.1955402993076,6.978685708622313e-07
969.2955402993076,7.706149912510711e-07
969.3955402993076,8.506297273024976e-07
969.4955402993077,9.38605183230454e-07
969.5955402993077,1.035296222874652e-06
969.6955402993077,1.1415254548338025e-06
969.7955402993077,1.258188931378583e-06
969.8955402993078,1.3862622904729332e-06
969.9955402993078,1.5268073720416063e-06
970.0955402993078,1.680979341520077e-06
970.1955402993078,1.8500343557124041e-06
970.2955402993078,2.0353378080657117e-06
970.3955402993079,2.2383731926489884e-06
970.4955402993079,2.460751628400636e-06
970.5955402993079,2.704222087586241e-06
970.6955402993079,2.9706823748862036e-06
970.795540299308,3.2621909061142047e-06
970.895540299308,3.5809793382536554e-06
970.995540299308,3.9294661052897e-06
971.095540299308,4.310270917211872e-06
971.195540299308,4.726230282565395e-06
971.2955402993081,5.180414118038509e-06
971.3955402993081,5.676143511788456e-06
971.4955402993081,6.217009710528219e-06
971.5955402993081,6.8068944038194e-06
971.6955402993082,7.449991382540746e-06
971.7955402993082,8.150829652124738e-06
971.8955402993082,8.914298084873438e-06
971.9955402993082,9.74567169947451e-06
972.0955402993083,1.0650639659735617e-05
972.1955402993083,1.1635335088534082e-05
972.2955402993083,1.270636679703282e-05
972.3955402993083,1.3870853033336153e-05
972.4955402993083,1.5136457358941837e-05
972.5955402993084,1.651142676558035e-05
972.6955402993084,1.800463214930797e-05
972.7955402993084,1.96256112630258e-05
972.8955402993084,2.138461427292292e-05
972.9955402993085,2.329265204866807e-05
973.0955402993085,2.5361547321496444e-05
973.1955402993085,2.7603988848629105e-05
973.2955402993085,3.003358872671495e-05
973.3955402993085,3.2664943001172196e-05
973.4955402993086,3.5513695722414646e-05
973.5955402993086,3.859660660395201e-05
973.6955402993086,4.1931622441230565e-05
973.7955402993086,4.5537952453808464e-05
973.8955402993087,4.943614771700971e-05
973.9955402993087,5.364818485254725e-05
974.0955402993087,5.8197554150717106e-05
974.1955402993087,6.310935229961257e-05
974.2955402993088,6.841037989935914e-05
974.3955402993088,7.412924394158522e-05
974.4955402993088,8.029646543619943e-05
974.5955402993088,8.694459236898699e-05
974.6955402993088,9.410831817454156e-05
974.7955402993089,0.00010182460590956535
974.8955402993089,0.00011013281831156064
974.9955402993089,0.00011907485392735381
975.0955402993089,0.000128695289494701
975.195540299309,0.0001390415287583582
975.295540299309,0.00015016395789943903
975.395540299309,0.0001621161077535508
975.495540299309,0.00017495482298906362
975.595540299309,0.00018874043841187358
975.6955402993091,0.00020353696255711657
975.7955402993091,0.00021941226872141293
975.8955402993091,0.00023643829358134156
975.9955402993091,0.00025469124353488955
976.0955402993092,0.0002742518088925372
976.1955402993092,0.0002952053860333956
976.2955402993092,0.0003176423076293261
976.3955402993092,0.00034165808102621926
976.4955402993093,0.0003673536348565135
976.5955402993093,0.0003948355739405708
976.6955402993093,0.00042421644251662316
976.7955402993093,0.00045561499581963684
976.8955402993093,0.0004891564800085427
976.9955402993094,0.0005249729204188366
977.0955402993094,0.0005632034180934901
977.1955402993094,0.0006039944545194402
977.2955402993094,0.0006475002044695501
977.3955402993095,0.0006938828568209027
977.4955402993095,0.0007433129431895122
977.5955402993095,0.0007959696741890076
977.6955402993095,0.0008520412830866353
977.7955402993096,0.0009117253765938493
977.8955402993096,0.0009752292924910166
977.9955402993096,0.0010427704637462306
978.0955402993096,0.0011145767887469156
978.1955402993096,0.0011908870072199508
978.2955402993097,0.0012719510813713063
978.3955402993097,0.0013580305817298423
978.4955402993097,0.0014493990771319652
978.5955402993097,0.0015463425282342738
978.6955402993098,0.0016491596838903286
978.7955402993098,0.0017581624796752045
978.8955402993098,0.0018736764377877252
978.9955402993098,0.001996041067505224
979.0955402993098,0.002125610265309509
979.1955402993099,0.0022627527137455456
979.2955402993099,0.0024078522780162834
979.3955402993099,0.002561308399258218
979.4955402993099,0.0027235364833828853
979.59554029931,0.002894968284309638
979.69554029931,0.003076052280354891
979.79554029931,0.0032672540424830525
979.89554029931,0.003469056593064042
979.99554029931,0.0036819607537229965
980.0955402993101,0.00390648548080831
980.1955402993101,0.00414316818694633
980.2955402993101,0.004392565047093407
980.3955402993101,0.00465525128744055
980.4955402993102,0.004931821455471433
980.5955402993102,0.005222889669422366
980.6955402993102,0.005529089845342496
980.7955402993102,0.005851075899905051
980.8955402993103,0.006189521927075446
980.9955402993103,0.006545122346700339
981.0955402993103,0.006918592023043581
981.1955402993103,0.007310666351260296
981.2955402993103,0.0077221013097701005
981.3955402993104,0.008153673476464443
981.4955402993104,0.00860618000666206
981.5955402993104,0.009080438570710347
981.6955402993104,0.00957728724912016
981.7955402993105,0.010097584383116922
981.8955402993105,0.01064220837849222
981.9955402993105,0.01121205746064845
982.0955402993105,0.011808049378743673
982.1955402993106,0.012431121056866203
982.2955402993106,0.013082228190197621
982.3955402993106,0.013762344784160717
982.4955402993106,0.01447246263459373
982.5955402993106,0.015213590747046486
982.6955402993107,0.015986754693355962
982.7955402993107,0.016792995903730314
982.8955402993107,0.017633370892650307
982.9955402993107,0.01850895041698673
983.0955402993108,0.01942081856483125
983.1955402993108,0.0203700717736464
983.2955402993108,0.021357817776458402
983.3955402993108,0.02238517447494473
983.4955402993108,0.023453268738405163
983.5955402993109,0.0245632351277531
983.6955402993109,0.025716214543820413
983.7955402993109,0.026913352799436432
983.8955402993109,0.02815579911491747
983.995540299311,0.029444704536789754
984.095540299311,0.030781220279762902
984.195540299311,0.03216649599217621
984.295540299311,0.03360167794535162
984.395540299311,0.03508790714750993
984.4955402993111,0.036626317383134745
984.5955402993111,0.038218033178906576
984.6955402993111,0.03986416769757367
984.7955402993111,0.041565820561375866
984.8955402993112,0.04332407560689645
984.9955402993112,0.04513999857347764
985.0955402993112,0.04701463472760395
985.1955402993112,0.04894900642592823
985.2955402993113,0.050944110619890376
985.3955402993113,0.053000916305156014
985.4955402993113,0.05512036191938175
985.5955402993113,0.057303352692093405
985.6955402993113,0.059550757950743854
985.7955402993114,0.06186340838729632
985.8955402993114,0.06424209328995595
985.9955402993114,0.06668755774494638
986.0955402993114,0.06920049981349906
986.1955402993115,0.07178156768948656
986.2955402993115,0.074431356843392
986.3955402993115,0.07715040715855613
986.4955402993115,0.07993920006588852
986.5955402993116,0.0827981556834616
986.6955402993116,0.08572762996762959
986.7955402993116,0.08872791188252559
986.8955402993116,0.09179922059498717
986.9955402993116,0.09494170270214566
987.0955402993117,0.09815542949908157
987.1955402993117,0.10144039429410186
987.2955402993117,0.10479650977932858
987.3955402993117,0.10822360546440499
987.4955402993118,0.11172142518122066
987.5955402993118,0.11528962466763555
987.6955402993118,0.11892776923823416
987.7955402993118,0.1226353315501757
987.8955402993118,0.1264116894722143
987.9955402993119,0.13025612406494705
988.0955402993119,0.13416781768031041
988.1955402993119,0.1381458521882775
988.2955402993119,0.14218920733861995
988.395540299312,0.14629675926548008
988.495540299312,0.1504672791423543
988.595540299312,0.15469943199491804
988.695540299312,0.15899177567892364
988.795540299312,0.16334276003017756
988.8955402993121,0.1677507261933473
988.9955402993121,0.17221390613607132
989.0955402993121,0.176730422354533
989.1955402993121,0.1812982877763285
989.2955402993122,0.18591540586609392
989.3955402993122,0.19057957093897165
989.4955402993122,0.19528846868658176
989.5955402993122,0.20003967691972727
989.6955402993123,0.20483066653160073
989.7955402993123,0.20965880268477516
989.8955402993123,0.21452134622475613
989.9955402993123,0.21941545532234644
990.0955402993123,0.22433818734652686
990.1955402993124,0.2292865009689943
990.2955402993124,0.23425725850091705
990.3955402993124,0.23924722846187227
990.4955402993124,0.24425308838032167
990.5955402993125,0.2492714278243617
990.6955402993125,0.2542987516608543
990.7955402993125,0.25933148354040764
990.8955402993125,0.2643659696050316
990.9955402993126,0.2693984824146475
991.0955402993126,0.2744252250879812
991.1955402993126,0.27944233565272214
991.2955402993126,0.28444589159918465
991.3955402993126,0.28943191463106693
991.4955402993127,0.2943963756062714
991.5955402993127,0.29933519966012484
991.6955402993127,0.3042442715027251
991.7955402993127,0.3091194408815436
991.8955402993128,0.3139565281998288
991.9955402993128,0.318751330280796
992.0955402993128,0.3234996262670417
992.1955402993128,0.3281971836441042
992.2955402993128,0.3328397643765943
992.3955402993129,0.3374231311448544
992.4955402993129,0.3419430536696621
992.5955402993129,0.3463953151120882
992.6955402993129,0.35077571853524214
992.795540299313,0.3550800934142968
992.895540299313,0.35930430218087855
992.995540299313,0.3634442467876413
993.095540299313,0.3674958752786127
993.195540299313,0.371455188350713
993.2955402993131,0.3753182458916985
993.3955402993131,0.3790811734796747
993.4955402993131,0.38274016882926387
993.5955402993131,0.386291508169491
993.6955402993132,0.38973155253847674
993.7955402993132,0.3930567539800983
993.8955402993132,0.39626366162789084
993.9955402993132,0.39934892766162344
994.0955402993133,0.402309313122187
994.1955402993133,0.40514169357067986
994.2955402993133,0.4078430645778696
994.3955402993133,0.4104105470305463
994.4955402993133,0.41284139224165783
994.5955402993134,0.4151329868515431
994.6955402993134,0.4172828575080327
994.7955402993134,0.4192886753136925
994.8955402993134,0.4211482600290192
994.9955402993135,0.42285958402097074
995.0955402993135,0.42442077594682504
995.1955402993135,0.4258301241639971
995.2955402993135,0.42708607985712
995.3955402993136,0.4281872598743916
995.4955402993136,0.42913244926591715
995.5955402993136,0.4299206035175264
995.6955402993136,0.4305508504743169
995.7955402993136,0.4310224919489637
995.8955402993137,0.43133500501064487
995.9955402993137,0.43148804295125187
996.0955402993137,0.43147190712866124
996.1955402993137,0.4312379849717059
996.2955402993138,0.4307798034128477
996.3955402993138,0.4300980775398943
996.4955402993138,0.4291938703889843
996.5955402993138,0.42806859018236
996.6955402993138,0.4267239866737104
996.7955402993139,0.42516214661435986
996.8955402993139,0.423385488356746
996.9955402993139,0.42139675561472145
997.0955402993139,0.4191990104032146
997.195540299314,0.4167956251826782
997.295540299314,0.41419027423653376
997.395540299314,0.41138692431246665
997.495540299314,0.4083898245609317
997.595540299314,0.405203495806583
997.6955402993141,0.4018327191905296
997.7955402993141,0.39828252422333876
997.8955402993141,0.3945581762905433
997.9955402993141,0.3906651636540615
998.0955402993142,0.3866091839943934
998.1955402993142,0.38239613053971466
998.2955402993142,0.37803207782904397
998.3955402993142,0.37352326715750955
998.4955402993143,0.36887609175237923
998.5955402993143,0.36409708172895366
998.6955402993143,0.35919288887564543
998.7955402993143,0.3541702713175839
998.8955402993143,0.34903607810790066
998.9955402993144,0.3437972337954613
999.0955402993144,0.33846072301722624
999.1955402993144,0.333033575162648
999.2955402993144,0.3275228491565521
999.3955402993145,0.3219356184058134
999.4955402993145,0.31627895595383043
999.5955402993145,0.3105599198853347
999.6955402993145,0.3047855390224534
999.7955402993146,0.29896279895118183
999.8955402993146,0.29309862841553247
999.9955402993146,0.2871998861146194
1000.0955402993146,0.2812733479358131
1000.1955402993146,0.27532569465489226
1000.2955402993147,0.2693635001318162
1000.3955402993147,0.2633932200283738
1000.4955402993147,0.2574211810715337
1000.5955402993147,0.2514535708838464
1000.6955402993148,0.24549642839973446
1000.7955402993148,0.23955563488397957
1000.8955402993148,0.23363690556616878
1000.9955402993148,0.22774578190232372
1001.0955402993148,0.2218876244724115
1001.1955402993149,0.2160676065199345
1001.2955402993149,0.21029070813733144
1001.3955402993149,0.2045617110985054
1001.4955402993149,0.19888519433743412
1001.595540299315,0.19326553006952102
1001.695540299315,0.18770688055012888
1001.795540299315,0.18221319546259948
1001.895540299315,0.17678820992601782
1001.995540299315,0.1714354431110322
1002.0955402993151,0.16615819745019753
1002.1955402993151,0.1609595584275742
1002.2955402993151,0.1558423949306961
1002.3955402993151,0.15080936014651844
1002.4955402993152,0.1458628929815766
1002.5955402993152,0.14100521998533055
1002.6955402993152,0.13623835775453985
1002.7955402993152,0.13156411579551125
1002.8955402993153,0.12698409982018616
1002.9955402993153,0.12249971545128654
1003.0955402993153,0.11811217231111902
1003.1955402993153,0.11382248846813883
1003.2955402993153,0.1096314952150044
1003.3955402993154,0.10553984215160082
1003.4955402993154,0.10154800254637607
1003.5955402993154,0.09765627894931295
1003.6955402993154,0.09386480902994894
1003.7955402993155,0.09017357161405065
1003.8955402993155,0.08658239289284374
1003.9955402993155,0.08309095277909048
1004.0955402993155,0.07969879138478506
1004.1955402993156,0.07640531559580284
1004.2955402993156,0.07320980571947958
1004.3955402993156,0.07011142218181346
1004.4955402993156,0.06710921225175973
1004.5955402993156,0.06420211677093045
1004.6955402993157,0.061388976867902845
1004.7955402993157,0.05866854063728008
1004.8955402993157,0.056039469764629514
1004.9955402993157,0.0535003460794377
1005.0955402993158,0.05104967801926471
1005.1955402993158,0.04868590698934642
1005.2955402993158,0.04640741360297411
1005.3955402993158,0.04421252378907453
1005.4955402993158,0.04209951475450983
1005.5955402993159,0.04006662078971592
