961.0955402993058,0.14877443621111455
961.1955402993058,0.15357067651743683
961.2955402993058,0.15846891920119505
961.3955402993058,0.16346911394367597
961.4955402993058,0.16857110570346565
961.5955402993059,0.1737746316215629
961.6955402993059,0.17907931801109866
961.7955402993059,0.18448467744038807
961.8955402993059,0.1899901059180942
961.995540299306,0.19559488018930946
962.095540299306,0.2012981551513679
962.195540299306,0.20709896139818268
962.295540299306,0.2129962029018614
962.395540299306,0.21898865484028482
962.4955402993061,0.22507496157924317
962.5955402993061,0.2312536348176038
962.6955402993061,0.23752305190384357
962.7955402993061,0.24388145433210467
962.8955402993062,0.2503269464257379
962.9955402993062,0.25685749421607196
963.0955402993062,0.2634709245238963
963.1955402993062,0.27016492425086786
963.2955402993063,0.27693703988774554
963.3955402993063,0.28378467724602685
963.4955402993063,0.2907051014192028
963.5955402993063,0.2976954369794638
963.6955402993063,0.3047526684152806
963.7955402993064,0.31187364081485197
963.8955402993064,0.3190550607999524
963.9955402993064,0.32629349771423455
964.0955402993064,0.33358538506953545
964.1955402993065,0.34092702225321514
964.2955402993065,0.34831457649900954
964.3955402993065,0.3557440851233183
964.4955402993065,0.363211458028265
964.5955402993065,0.37071248047227273
964.6955402993066,0.37824281610828436
964.7955402993066,0.3857980102891298
964.8955402993066,0.3933734936389096
964.9955402993066,0.40096458588861167
965.0955402993067,0.4085664999735244
965.1955402993067,0.41617434638934947
965.2955402993067,0.42378313780324456
965.3955402993067,0.4313877939153626
965.4955402993068,0.43898314656577836
965.5955402993068,0.44656394508102887
965.6955402993068,0.45412486185382156
965.7955402993068,0.4616604981488091
965.8955402993068,0.46916539012667324
965.9955402993069,0.47663401507811487
966.0955402993069,0.48406079785871875
966.1955402993069,0.49144011751503897
966.2955402993069,0.4987663140916491
966.395540299307,0.5060336956083183
966.495540299307,0.5132365451959042
966.595540299307,0.5203691283790166
966.695540299307,0.5274257004929794
966.795540299307,0.5344005142221306
966.8955402993071,0.5412878272460304
966.9955402993071,0.548081909979711
967.0955402993071,0.5547770533936981
967.1955402993071,0.5613675768991598
967.2955402993072,0.5678478362831987
967.3955402993072,0.5742122316790045
967.4955402993072,0.5804552155553143
967.5955402993072,0.5865713007094032
967.6955402993073,0.5925550682476394
967.7955402993073,0.5984011755374907
967.8955402993073,0.6041043641147644
967.9955402993073,0.6096594675297967
968.0955402993073,0.6150614191162905
968.1955402993074,0.6203052596665186
968.2955402993074,0.6253861449966805
968.3955402993074,0.6302993533863058
968.4955402993074,0.6350402928757547
968.5955402993075,0.6396045084060622
968.6955402993075,0.6439876887856156
968.7955402993075,0.6481856734684364
968.8955402993075,0.6521944591291675
968.9955402993075,0.6560102060202371
969.0955402993076,0.6596292440970759
969.1955402993076,0.6630480788977224
969.2955402993076,0.6662633971636344
969.3955402993076,0.6692720721890577
969.4955402993077,0.6720711688868647
969.5955402993077,0.6746579485593759
969.6955402993077,0.6770298733633133
969.7955402993077,0.6791846104586926
969.8955402993078,0.6811200358321652
969.9955402993078,0.6828342377860352
970.0955402993078,0.6843255200849317
970.1955402993078,0.6855924047528834
970.2955402993078,0.686633634514342
970.3955402993079,0.6874481748735078
970.4955402993079,0.6880352158271466
970.5955402993079,0.6883941732069251
970.6955402993079,0.6885246896481542
970.795540299308,0.6883555805947633
970.895540299308,0.6877939443216107
970.995540299308,0.686840327292737
971.095540299308,0.6854963613405364
971.195540299308,0.6837643436964085
971.2955402993081,0.6816472304476133
971.3955402993081,0.6791486281301725
971.4955402993081,0.6762727834912853
971.5955402993081,0.6730245714619364
971.6955402993082,0.6694094813873728
971.7955402993082,0.665433601569888
971.8955402993082,0.6611036021848317
971.9955402993082,0.6564267166369395
972.0955402993083,0.6514107214299093
972.1955402993083,0.6460639146276197
972.2955402993083,0.6403950929904652
972.3955402993083,0.6344135278749365
972.4955402993083,0.6281289399888064
972.5955402993084,0.6215514730980406
972.6955402993084,0.6146916667848644
972.7955402993084,0.6075604283592199
972.8955402993084,0.600169004028182
972.9955402993085,0.592528949429721
973.0955402993085,0.5846520996385254
973.1955402993085,0.5765505387524085
973.2955402993085,0.568236569168148
973.3955402993085,0.559722680655414
973.4955402993086,0.5510215193367751
973.5955402993086,0.5421458566806157
973.6955402993086,0.5331085586121741
973.7955402993086,0.5239225548458437
973.8955402993087,0.5146008085393625
973.9955402993087,0.5051562863675985
974.0955402993087,0.4956019291103179
974.1955402993087,0.4859506228446346
974.2955402993088,0.47621517082880754
974.3955402993088,0.46640826615970343
974.4955402993088,0.45654246528159614
974.5955402993088,0.4466301624190786
974.6955402993088,0.43668356500172634
974.7955402993089,0.42671467014282033
974.8955402993089,0.4167352422289365
974.9955402993089,0.4067567916715689
975.0955402993089,0.3967905548662117
975.195540299309,0.3868474753985063
975.295540299309,0.3769381865311991
975.395540299309,0.36707299499978263
975.495540299309,0.3572618661388402
975.595540299309,0.34751441035530506
975.6955402993091,0.33783987095911405
975.7955402993091,0.32824711335610895
975.8955402993091,0.3187446156025358
975.9955402993091,0.3093404603151468
976.0955402993092,0.3000423279257385
976.1955402993092,0.2908574912639844
976.2955402993092,0.28179281144766194
976.3955402993092,0.2728547350548532
976.4955402993093,0.2640492925484208
976.5955402993093,0.25538209791905714
976.6955402993093,0.24685834950946647
976.7955402993093,0.23848283197879905
976.8955402993093,0.23025991936330054
976.9955402993094,0.22219357918629354
977.0955402993094,0.21428737756806127
977.1955402993094,0.20654448528396777
977.2955402993094,0.1989676847172221
977.3955402993095,0.19155937765107303
977.4955402993095,0.18432159384390853
977.5955402993095,0.17725600032971836
977.6955402993095,0.1703639113856612
977.7955402993096,0.16364629910804748
977.8955402993096,0.15710380453789555
977.9955402993096,0.15073674927733838
978.0955402993096,0.1445451475385339
978.1955402993096,0.13852871856735305
978.2955402993097,0.13268689938497719
978.3955402993097,0.1270188577916107
978.4955402993097,0.12152350557779568
978.5955402993097,0.1161995118902876
978.6955402993098,0.11104531670109534
978.7955402993098,0.1060591443300965
978.8955402993098,0.10123901697358646
978.9955402993098,0.09658276819319617
979.0955402993098,0.09208805632180202
979.1955402993099,0.08775237774533347
979.2955402993099,0.08357308002174678
979.3955402993099,0.07954737480086073
979.4955402993099,0.07567235051122467
979.59554029931,0.07194498478270106
979.69554029931,0.06836215657597249
979.79554029931,0.06492065799272227
979.89554029931,0.06161720574276553
979.99554029931,0.05844845224691966
980.0955402993101,0.055410996356883464
980.1955402993101,0.05250139367583322
980.2955402993101,0.04971616646583077
980.3955402993101,0.04705181313046574
980.4955402993102,0.044504817263411274
980.5955402993102,0.042071656255751995
980.6955402993102,0.0397488094570396
980.7955402993102,0.03753276588703787
980.8955402993103,0.03542003149702975
980.9955402993103,0.03340713598137131
981.0955402993103,0.031490639141685595
981.1955402993103,0.029667136807693
981.2955402993103,0.027933266320169278
981.3955402993104,0.026285711582908027
981.4955402993104,0.024721207691840365
981.5955402993104,0.02323654515063029
981.6955402993104,0.02182857368312046
981.7955402993105,0.02049420565395125
981.8955402993105,0.019230419109517553
981.9955402993105,0.018034260452165093
982.0955402993105,0.016902846761163017
982.1955402993106,0.01583336777452688
982.2955402993106,0.01482308754620677
982.3955402993106,0.013869345793505633
982.4955402993106,0.012969558949854585
982.5955402993106,0.012121220938250628
982.6955402993107,0.011321903680762054
982.7955402993107,0.010569257359531625
982.8955402993107,0.009861010444663199
982.9955402993107,0.00919496950426786
983.0955402993108,0.008569018811775523
983.1955402993108,0.007981119765393094
983.2955402993108,0.007429310134314342
983.3955402993108,0.006911703145965021
983.4955402993108,0.006426486428204263
983.5955402993109,0.005971920820004139
983.6955402993109,0.005546339063697989
983.7955402993109,0.005148144391429521
983.8955402993109,0.004775809017952515
983.995540299311,0.0044278725514291205
984.095540299311,0.004102940333357891
984.195540299311,0.003799681718233585
984.295540299311,0.003516828303003299
984.395540299311,0.003253172115841156
984.4955402993111,0.003007563773219068
984.5955402993111,0.0027789106137073457
984.6955402993111,0.0025661748163985447
984.7955402993111,0.002368371511313359
984.8955402993112,0.0021845668886208308
984.9955402993112,0.002013876312988691
985.0955402993112,0.001855462448874837
985.1955402993112,0.0017085334020797403
985.2955402993113,0.0015723408824029998
985.3955402993113,0.0014461783917866778
985.4955402993113,0.0013293794418845733
985.5955402993113,0.0012213158045708047
985.6955402993113,0.00112139579849399
985.7955402993114,0.0010290626143950755
985.8955402993114,0.0009437926815382834
985.9955402993114,0.0008650940772555647
986.0955402993114,0.0007925049812757339
986.1955402993115,0.000725592176200022
986.2955402993115,0.0006639495951960241
986.3955402993115,0.0006071969177116964
986.4955402993115,0.0005549782137599501
986.5955402993116,0.0005069606370920243
986.6955402993116,0.00046283316736383574
986.7955402993116,0.0004223054012033179
986.8955402993116,0.00038510639190786713
986.9955402993116,0.00035098353733875365
987.0955402993117,0.0003197015154331302
987.1955402993117,0.00029104126662334116
987.2955402993117,0.0002647990223369601
987.3955402993117,0.00024078537864859239
987.4955402993118,0.00021882441406527765
987.5955402993118,0.00019875285035054138
987.6955402993118,0.00018041925522705555
987.7955402993118,0.00016368328574373862
987.8955402993118,0.00014841497104920936
987.9955402993119,0.00013449403327910013
988.0955402993119,0.00012180924523912772
988.1955402993119,0.00011025782354830714
988.2955402993119,9.974485589665468e-05
988.395540299312,9.018276106843372e-05
988.495540299312,8.149078038492822e-05
988.595540299312,7.359449922919401e-05
988.695540299312,6.642539732872616e-05
988.795540299312,5.992042648992536e-05
988.8955402993121,5.402161450012686e-05
988.9955402993121,4.867569393830178e-05
989.0955402993121,4.383375466386952e-05
989.1955402993121,3.945091878396902e-05
989.2955402993122,3.548603693259335e-05
989.3955402993122,3.190140472984817e-05
989.4955402993122,2.8662498325884573e-05
989.5955402993122,2.5737727971468494e-05
989.6955402993123,2.3098208595387713e-05
989.7955402993123,2.0717546407688835e-05
989.8955402993123,1.857164058684237e-05
989.9955402993123,1.663849914812472e-05
990.0955402993123,1.4898068129589081e-05
990.1955402993124,1.333207327078662e-05
990.2955402993124,1.192387339774271e-05
990.3955402993124,1.0658324765446185e-05
990.4955402993124,9.521655646152334e-06
990.5955402993125,8.501350488025335e-06
990.6955402993125,7.5860430039665376e-06
990.7955402993125,6.765417584810619e-06
990.8955402993125,6.030118464364581e-06
990.9955402993126,5.37166609596198e-06
991.0955402993126,4.782380231268698e-06
991.1955402993126,4.255309221978586e-06
991.2955402993126,3.7841650937582398e-06
991.3955402993126,3.3632639693290762e-06
991.4955402993127,2.9874714439087953e-06
991.5955402993127,2.6521525413770863e-06
991.6955402993127,2.3531259034913515e-06
991.7955402993127,2.0866218872726243e-06
991.8955402993128,1.8492442673289234e-06
991.9955402993128,1.6379352604073377e-06
992.0955402993128,1.4499436088928846e-06
992.1955402993128,1.2827954783329756e-06
992.2955402993128,1.1342679413920146e-06
992.3955402993129,1.0023648369662283e-06
992.4955402993129,8.852948085493618e-07
992.5955402993129,7.814513403722825e-07
992.6955402993129,6.893946233811319e-07
992.795540299313,6.078350958074402e-07
992.895540299313,5.356185149574752e-07
992.995540299313,4.717124279452475e-07
993.095540299313,4.1519391945144816e-07
993.195540299313,3.652385242467204e-07
993.2955402993131,3.2111020120832117e-07
993.3955402993131,2.821522739204639e-07
993.4955402993131,2.477792507152543e-07
993.5955402993131,2.1746944421704089e-07
993.6955402993132,1.9075831713111737e-07
993.7955402993132,1.6723248719965487e-07
993.8955402993132,1.4652432996408218e-07
993.9955402993132,1.283071232531117e-07
994.0955402993133,1.1229068218732034e-07
994.1955402993133,9.821743798135753e-08
994.2955402993133,8.58589179590643e-08
994.3955402993133,7.501258799923235e-08
994.4955402993133,6.549902212350833e-08
994.5955402993134,5.715936714478469e-08
994.6955402993134,4.9853073234988304e-08
994.7955402993134,4.345586396483535e-08
994.8955402993134,3.785792183322921e-08
994.9955402993135,3.296226755769598e-08
995.0955402993135,2.8683313455715707e-08
995.1955402993135,2.4945573125153148e-08
995.2955402993135,2.168251134433639e-08
995.3955402993136,1.883551967187959e-08
995.4955402993136,1.6353004645422012e-08
995.5955402993136,1.4189576768496425e-08
995.6955402993136,1.2305329646417904e-08
995.7955402993136,1.0665199695289444e-08
995.8955402993137,9.238397812112413e-09
995.9955402993137,7.997905267076006e-09
996.0955402993137,6.9200268692204915e-09
996.1955402993137,5.98399517107854e-09
996.2955402993138,5.171620123285552e-09
996.3955402993138,4.466979172672865e-09
996.4955402993138,3.856143322683411e-09
996.5955402993138,3.3269351482871614e-09
996.6955402993138,2.868715183701851e-09
996.7955402993139,2.4721934845260148e-09
996.8955402993139,2.1292635103778522e-09
996.9955402993139,1.8328557834747939e-09
997.0955402993139,1.5768090561386066e-09
997.195540299314,1.355756969028884e-09
997.295540299314,1.165028404782732e-09
997.395540299314,1.0005599412123662e-09
997.495540299314,8.588189865943427e-10
997.595540299314,7.36736338974876e-10
997.6955402993141,6.316470537217549e-10
997.7955402993141,5.412386305024932e-10
997.8955402993141,4.6350564402733576e-10
997.9955402993141,3.9671004368153445e-10
998.0955402993142,3.3934643686509144e-10
998.1955402993142,2.9011175061756734e-10
998.2955402993142,2.478787369746108e-10
998.3955402993142,2.1167285042295475e-10
998.4955402993143,1.806520816395855e-10
998.5955402993143,1.5408938118130665e-10
998.6955402993143,1.3135735061860566e-10
998.7955402993143,1.1191491739825394e-10
998.8955402993143,9.529574402492402e-11
998.9955402993144,8.109815246827159e-11
999.0955402993144,6.897637147198995e-11
999.1955402993144,5.863293806189894e-11
999.2955402993144,4.981210537592646e-11
999.3955402993145,4.229412728655006e-11
999.4955402993145,3.5890306438554824e-11
999.5955402993145,3.043870653378749e-11
999.6955402993145,2.5800442184384456e-11
999.7955402993146,2.1856470626471115e-11
999.8955402993146,1.8504819215163107e-11
999.9955402993146,1.5658191066649655e-11
1000.0955402993146,1.3241898614247028e-11
1000.1955402993146,1.1192081326804248e-11
1000.2955402993147,9.454169509791717e-12
1000.3955402993147,7.981561069255578e-12
1000.4955402993147,6.734482452802836e-12
1000.5955402993147,5.679008766079867e-12
1000.6955402993148,4.7862213651367866e-12
1000.7955402993148,4.031484104003848e-12
1000.8955402993148,3.393821925114833e-12
1000.9955402993148,2.8553876640191102e-12
1001.0955402993148,2.4010048397344813e-12
1001.1955402993149,2.0177758538221774e-12
1001.2955402993149,1.6947464561951868e-12
1001.3955402993149,1.4226185813647613e-12
1001.4955402993149,1.193504739466159e-12
1001.595540299315,1.000718083184413e-12
1001.695540299315,8.385930831940025e-13
1001.795540299315,7.023324471891382e-13
1001.895540299315,5.878765252295209e-13
1001.995540299315,4.917919693857921e-13
1002.0955402993151,4.1117686938795147e-13
1002.1955402993151,3.4357997762634067e-13
1002.2955402993151,2.8693197468173787e-13
1002.3955402993151,2.3948701775954736e-13
1002.4955402993152,1.9977306523273665e-13
1002.5955402993152,1.665496864036584e-13
1002.6955402993152,1.3877225130916461e-13
1002.7955402993152,1.1556155502647937e-13
1002.8955402993153,9.617806805640983e-14
1002.9955402993153,8.000012205890057e-14
1003.0955402993153,6.650544117418159e-14
1003.1955402993153,5.525551570165613e-14
1003.2955402993153,4.588238903642663e-14
1003.3955402993154,3.8077492215930936e-14
1003.4955402993154,3.1582214706562785e-14
1003.5955402993154,2.6179946457010718e-14
1003.6955402993154,2.1689365878357996e-14
1003.7955402993155,1.7958782243413185e-14
1003.8955402993155,1.4861369858570507e-14
1003.9955402993155,1.2291155964415803e-14
1004.0955402993155,1.0159645280177224e-14
1004.1955402993156,8.392981949496573e-15
1004.2955402993156,6.9295648239531954e-15
1004.3955402993156,5.718044925092246e-15
1004.4955402993156,4.715644888812702e-15
1004.5955402993156,3.886749503559678e-15
1004.6955402993157,3.2017243504846678e-15
1004.7955402993157,2.6359262489152047e-15
1004.8955402993157,2.1688748831069945e-15
1004.9955402993157,1.7835597892612848e-15
1005.0955402993158,1.4658609457570778e-15
1005.1955402993158,1.204064645874003e-15
1005.2955402993158,9.884592359484998e-16
1005.3955402993158,8.109977538336756e-16
1005.4955402993158,6.650165716144323e-16
1005.5955402993159,5.450008913733802e-16
