956.9515024260584,0.02358270389070131
957.0515024260584,0.024726924144481674
957.1515024260584,0.02591760602535728
957.2515024260584,0.027156135054450664
957.3515024260585,0.028443911884864375
957.4515024260585,0.02978235102168972
957.5515024260585,0.031172879456333954
957.6515024260585,0.03261693521403174
957.7515024260586,0.0341159658135713
957.8515024260586,0.03567142663843853
957.9515024260586,0.03728477921876828
958.0515024260586,0.03895748942368533
958.1515024260586,0.04069102556382357
958.2515024260587,0.04248685640402659
958.3515024260587,0.04434644908645669
958.4515024260587,0.04627126696457463
958.5515024260587,0.0482627673486943
958.6515024260588,0.05032239916406922
958.7515024260588,0.0524516005227271
958.8515024260588,0.05465179621053743
958.9515024260588,0.05692439509127155
959.0515024260588,0.05927078742969684
959.1515024260589,0.061692342136035236
959.2515024260589,0.0641904039344085
959.3515024260589,0.06676629045819231
959.4515024260589,0.0694212892755023
959.551502426059,0.07215665484834101
959.651502426059,0.07497360542924232
959.751502426059,0.07787331989955858
959.851502426059,0.0808569345538459
959.951502426059,0.08392553983511068
960.0515024260591,0.08708017702599023
960.1515024260591,0.09032183490124264
960.2515024260591,0.09365144634722436
960.3515024260591,0.09706988495433001
960.4515024260592,0.10057796158865884
960.5515024260592,0.10417642094945774
960.6515024260592,0.10786593811916441
960.7515024260592,0.1116471151131418
960.8515024260593,0.11552047743645054
960.9515024260593,0.11948647065524874
961.0515024260593,0.12354545699064166
961.1515024260593,0.12769771194301907
961.2515024260593,0.13194342095511943
961.3515024260594,0.13628267612224676
961.4515024260594,0.14071547295823247
961.5515024260594,0.1452417072258821
961.6515024260594,0.14986117184077744
961.7515024260595,0.1545735538574124
961.8515024260595,0.1593784315467241
961.9515024260595,0.16427527157414687
962.0515024260595,0.16926342628735494
962.1515024260596,0.17434213112287117
962.2515024260596,0.1795105021407126
962.3515024260596,0.1847675336962017
962.4515024260596,0.19011209625800884
962.5515024260596,0.19554293438140044
962.6515024260597,0.20105866484554424
962.7515024260597,0.20665777496357607
962.8515024260597,0.2123386210739533
962.9515024260597,0.21809942722141215
963.0515024260598,0.22393828403561145
963.1515024260598,0.22985314781527585
963.2515024260598,0.23584183982535953
963.3515024260598,0.24190204581442282
963.4515024260598,0.24803131575906223
963.5515024260599,0.2542270638418516
963.6515024260599,0.2604865686688394
963.7515024260599,0.26680697373221024
963.8515024260599,0.27318528812325166
963.95150242606,0.2796183875002768
964.05150242606,0.28610301531563453
964.15150242606,0.2926357843053991
964.25150242606,0.29921317824476584
964.35150242606,0.30583155397159345
964.4515024260601,0.3124871436799269
964.5515024260601,0.31917605748470873
964.6515024260601,0.3258942862582431
964.7515024260601,0.3326377047383198
964.8515024260602,0.33940207490722724
964.9515024260602,0.3461830496402064
965.0515024260602,0.35297617662119185
965.1515024260602,0.3597769025229913
965.2515024260603,0.36658057744833733
965.3515024260603,0.3733824596275363
965.4515024260603,0.3801777203677188
965.5515024260603,0.3869614492479822
965.6515024260603,0.3937286595540015
965.7515024260604,0.40047429394497586
965.8515024260604,0.40719323034507754
965.9515024260604,0.41388028805087673
966.0515024260604,0.42053023404553685
966.1515024260605,0.42713778950990877
966.2515024260605,0.4336976365200033
966.3515024260605,0.44020442491969136
966.4515024260605,0.44665277935687137
966.5515024260606,0.45303730647076074
966.6515024260606,0.4593526022174054
966.7515024260606,0.4655932593199727
966.8515024260606,0.4717538748298882
966.9515024260606,0.4778290577844119
967.0515024260607,0.4838134369458087
967.1515024260607,0.4897016686068717
967.2515024260607,0.4954884444471937
967.3515024260607,0.5011684994242596
967.4515024260608,0.5067366196831476
967.5515024260608,0.5121876504683937
967.6515024260608,0.5175165040213662
967.7515024260608,0.5227181674463584
967.8515024260608,0.527787710528487
967.9515024260609,0.5327202934864362
968.0515024260609,0.5375111746430611
968.1515024260609,0.5421557179969119
968.2515024260609,0.5466494006778096
968.351502426061,0.5509878202697441
968.451502426061,0.5551667019845357
968.551502426061,0.5591819056699342
968.651502426061,0.5630294326360986
968.751502426061,0.5667054322847247
968.8515024260611,0.5702062085254515
968.9515024260611,0.5735282259645973
969.0515024260611,0.5766681158517277
969.1515024260611,0.5796226817700619
969.2515024260612,0.5823889050572709
969.3515024260612,0.5849639499438001
969.4515024260612,0.5873451683964779
969.5515024260612,0.589530104655832
969.6515024260613,0.5915164994562295
969.7515024260613,0.5933022939186927
969.8515024260613,0.5948856331069998
969.9515024260613,0.5962648692384755
970.0515024260613,0.5974385645416881
970.1515024260614,0.598405493754119
970.2515024260614,0.5991646462537294
970.3515024260614,0.5997152278192338
970.4515024260614,0.6000566620147875
970.5515024260615,0.6001885911957091
970.6515024260615,0.6000665117873485
970.7515024260615,0.5996189301933652
970.8515024260615,0.5988455981463141
970.9515024260616,0.5977477769591657
971.0515024260616,0.5963272553233737
971.1515024260616,0.5945863444525401
971.2515024260616,0.5925278718162698
971.3515024260616,0.5901551734879952
971.4515024260617,0.587472085135759
971.5515024260617,0.584482931690008
971.6515024260617,0.5811925157273562
971.7515024260617,0.5776061046139865
971.8515024260618,0.5737294164568595
971.9515024260618,0.5695686049151706
972.0515024260618,0.5651302429285157
972.1515024260618,0.560421305421968
972.2515024260618,0.55544915105174
972.3515024260619,0.5502215030582542
972.4515024260619,0.5447464292963059
972.5515024260619,0.5390323215145083
972.6515024260619,0.5330878739584091
972.751502426062,0.5269220613735014
972.851502426062,0.5205441164858503
972.951502426062,0.5139635070392005
973.051502426062,0.5071899124682151
973.151502426062,0.5002332002879349
973.2515024260621,0.4931034022796271
973.3515024260621,0.4858106905529312
973.4515024260621,0.47836535356360116
973.5515024260621,0.47077777216520345
973.6515024260622,0.46305839577186436
973.7515024260622,0.4552177187075794
973.8515024260622,0.4472662568157167
973.9515024260622,0.4392145244001749
974.0515024260623,0.43107301156721395
974.1515024260623,0.422852162034278
974.2515024260623,0.4145623514691903
974.3515024260623,0.4062138664199425
974.4515024260623,0.39781688389194064
974.5515024260624,0.3893814516260281
974.6515024260624,0.3809174691269062
974.7515024260624,0.3724346694877319
974.8515024260624,0.3639426020527137
974.9515024260625,0.35545061595547284
975.0515024260625,0.3469678445668071
975.1515024260625,0.33850319088131536
975.2515024260625,0.3300653138681239
975.3515024260626,0.32166261580673583
975.4515024260626,0.3133032306248101
975.5515024260626,0.30499501325049516
975.6515024260626,0.29674552998780723
975.7515024260626,0.28856204991948375
975.8515024260627,0.280451537337761
975.9515024260627,0.2724206451996534
976.0515024260627,0.26447570959955713
976.1515024260627,0.2566227452483803
976.2515024260628,0.24886744194493113
976.3515024260628,0.24121516202198184
976.4515024260628,0.23367093874628903
976.5515024260628,0.22623947564889202
976.6515024260628,0.2189251467592447
976.7515024260629,0.21173199771416856
976.8515024260629,0.20466374771024873
976.9515024260629,0.19772379226614387
977.0515024260629,0.19091520675933685
977.151502426063,0.18424075070012863
977.251502426063,0.1777028727041694
977.351502426063,0.17130371612352818
977.451502426063,0.16504512529522614
977.551502426063,0.15892865236529505
977.6515024260631,0.1529555646457692
977.7515024260631,0.14712685246157087
977.8515024260631,0.14144323744400217
977.9515024260631,0.1359051812275012
978.0515024260632,0.13051289450645595
978.1515024260632,0.12526634640917944
978.2515024260632,0.12016527414663512
978.3515024260632,0.1152091928941472
978.4515024260633,0.11039740586512675
978.5515024260633,0.10572901453678814
978.6515024260633,0.1012029289889009
978.7515024260633,0.09681787831781802
978.8515024260633,0.09257242108932792
978.9515024260634,0.08846495579528209
979.0515024260634,0.08449373128044603
979.1515024260634,0.08065685710759404
979.2515024260634,0.07695231383050856
979.3515024260635,0.07337796314624051
979.4515024260635,0.06993155789973093
979.5515024260635,0.0666107519156692
979.6515024260635,0.0634131096342685
979.7515024260636,0.060336115529454726
979.8515024260636,0.057377183289791175
979.9515024260636,0.0545336647442809
980.0515024260636,0.05180285851699881
980.1515024260636,0.04918201839629539
980.2515024260637,0.0466683614060765
980.3515024260637,0.04425907556839161
980.4515024260637,0.04195132734825134
980.5515024260637,0.03974226877323433
980.6515024260638,0.03762904422203315
980.7515024260638,0.03560879687761942
980.8515024260638,0.033678674842178034
980.9515024260638,0.03183583691236514
981.0515024260638,0.030077458014779696
981.1515024260639,0.028400734302803907
981.2515024260639,0.026802887917158222
981.3515024260639,0.02528117141363334
981.4515024260639,0.023832871862501066
981.551502426064,0.02245531462506908
981.651502426064,0.021145866813730006
981.751502426064,0.0199019404426639
981.851502426064,0.018720995277084936
981.951502426064,0.017600541389579883
982.0515024260641,0.016538141432667294
982.1515024260641,0.01553141263721588
982.2515024260641,0.01457802854679916
982.3515024260641,0.013675720498432126
982.4515024260642,0.01282227886043976
982.5515024260642,0.012015554038446239
982.6515024260642,0.011253457260651828
982.7515024260642,0.010533961153685243
982.8515024260643,0.009855100120383853
982.9515024260643,0.009214970530867882
983.0515024260643,0.008611730738238853
983.1515024260643,0.008043600930151976
983.2515024260643,0.007508862827388802
983.3515024260644,0.007005859240394862
983.4515024260644,0.006532993494549303
983.5515024260644,0.006088728734704073
983.6515024260644,0.005671587119271233
983.7515024260645,0.005280148913852447
983.8515024260645,0.004913051494097323
983.9515024260645,0.004568988267149802
984.0515024260645,0.004246707520697913
984.1515024260646,0.003945011208283723
984.2515024260646,0.0036627536791607232
984.3515024260646,0.003398840360607266
984.4515024260646,0.0031522264002194216
984.5515024260646,0.002921915275317531
984.6515024260647,0.0027069573762091175
984.7515024260647,0.002506448569659472
984.8515024260647,0.0023195287485314434
984.9515024260647,0.0021453803731698315
985.0515024260648,0.0019832270097244796
985.1515024260648,0.0018323318702315522
985.2515024260648,0.001691996358905448
985.3515024260648,0.0015615586287358407
985.4515024260648,0.0014403921521360704
985.5515024260649,0.0013279043090518939
985.6515024260649,0.0012235349956137814
985.7515024260649,0.001126755256102376
985.8515024260649,0.0010370659406959838
985.951502426065,0.0009539963911812455
986.051502426065,0.0008771031565340393
986.151502426065,0.0008059687400171704
986.251502426065,0.0007402003791948435
986.351502426065,0.000679428860031186
986.4515024260651,0.0006233073660212899
986.5515024260651,0.0005715103630981805
986.6515024260651,0.0005237325208677236
986.7515024260651,0.00047968767054548184
986.8515024260652,0.00043910779980462763
986.9515024260652,0.00040174208459202817
987.0515024260652,0.0003673559578299994
987.1515024260652,0.0003357302147937563
987.2515024260653,0.00030666015483873124
987.3515024260653,0.0002799547590473063
987.4515024260653,0.0002554359032706284
987.5515024260653,0.00023293760595753378
987.6515024260653,0.00021230531008877194
987.7515024260654,0.0001933951984701133
987.8515024260654,0.00017607354158210653
987.9515024260654,0.00016021607713665226
988.0515024260654,0.00014570742045074734
988.1515024260655,0.00013244050471513652
988.2515024260655,0.00012031605020978454
988.3515024260655,0.00010924206149848951
988.4515024260655,9.913335162117238e-05
988.5515024260656,8.991109229391832e-05
988.6515024260656,8.150238912326107e-05
988.7515024260656,7.38398808420769e-05
988.8515024260656,6.686136157935951e-05
988.9515024260656,6.050942518469379e-05
989.0515024260657,5.4731130640051973e-05
989.1515024260657,4.9477687606240874e-05
989.2515024260657,4.470416116858779e-05
989.3515024260657,4.036919486595478e-05
989.4515024260658,3.643475110859265e-05
989.5515024260658,3.286586811342551e-05
989.6515024260658,2.9630432509808424e-05
989.7515024260658,2.669896679439005e-05
989.8515024260658,2.4044430840205667e-05
989.9515024260659,2.1642036692309473e-05
990.0515024260659,1.9469075909939785e-05
990.1515024260659,1.7504758743213587e-05
990.2515024260659,1.5730064460509918e-05
990.351502426066,1.4127602170874434e-05
990.451502426066,1.2681481513831838e-05
990.551502426066,1.13771926168077e-05
990.651502426066,1.0201494747832593e-05
990.751502426066,9.142313118237074e-06
990.8515024260661,8.188643316564426e-06
990.9515024260661,7.3304628808583616e-06
991.0515024260661,6.558649541768666e-06
991.1515024260661,5.86490569350352e-06
991.2515024260662,5.241688673506415e-06
991.3515024260662,4.682146454812215e-06
991.4515024260662,4.180058377315486e-06
991.5515024260662,3.7297805656462967e-06
991.6515024260663,3.3261957019808735e-06
991.7515024260663,2.9646668419101573e-06
991.8515024260663,2.6409949804455734e-06
991.9515024260663,2.351380093361316e-06
992.0515024260663,2.092385396362285e-06
992.1515024260664,1.860904581036604e-06
992.2515024260664,1.6541318022143687e-06
992.3515024260664,1.4695342062262803e-06
992.4515024260664,1.3048268036545105e-06
992.5515024260665,1.1579495035144997e-06
992.6515024260665,1.0270461384215845e-06
992.7515024260665,9.104453222037839e-07
992.8515024260665,8.066429926458881e-07
992.9515024260666,7.142865026150186e-07
993.0515024260666,6.321601327497883e-07
993.1515024260666,5.591719082198445e-07
993.2515024260666,4.943416108059849e-07
993.3515024260666,4.3678988573940724e-07
993.4515024260667,3.8572835039774655e-07
993.5515024260667,3.4045061911110963e-07
993.6515024260667,3.003241650086932e-07
993.7515024260667,2.6478294606035995e-07
993.8515024260668,2.3332072826219187e-07
993.9515024260668,2.0548504430397807e-07
994.0515024260668,1.808717310628299e-07
994.1515024260668,1.5911999391270737e-07
994.2515024260668,1.3990795014607143e-07
994.3515024260669,1.2294860779162503e-07
994.4515024260669,1.0798623980098857e-07
994.5515024260669,9.47931169860413e-08
994.6515024260669,8.316656623561745e-08
994.751502426067,7.292632344252884e-08
994.851502426067,6.391215324582112e-08
994.951502426067,5.598171015437372e-08
995.051502426067,4.90086178811145e-08
995.151502426067,4.288074579621572e-08
995.2515024260671,3.74986633158092e-08
995.3515024260671,3.2774254792436077e-08
995.4515024260671,2.8629479076280295e-08
995.5515024260671,2.4995259383233734e-08
995.6515024260672,2.1810490447247182e-08
995.7515024260672,1.9021151159928847e-08
995.8515024260672,1.6579512018927425e-08
995.9515024260672,1.4443427726733916e-08
996.0515024260673,1.2575706210989725e-08
996.1515024260673,1.0943546183516508e-08
996.2515024260673,9.518036124886876e-09
996.3515024260673,8.273708280753398e-09
996.4515024260673,7.188141891204338e-09
996.5515024260674,6.241610450550869e-09
996.6515024260674,5.416768317195654e-09
996.7515024260674,4.698372466231856e-09
996.8515024260674,4.0730356054593714e-09
996.9515024260675,3.5290072625384438e-09
997.0515024260675,3.0559798006661525e-09
997.1515024260675,2.6449166358112375e-09
997.2515024260675,2.287900213252733e-09
997.3515024260676,1.9779975577640025e-09
997.4515024260676,1.7091414428564101e-09
997.5515024260676,1.4760254324174145e-09
997.6515024260676,1.2740112350190812e-09
997.7515024260676,1.0990469791163534e-09
997.8515024260677,9.475951681144223e-10
997.9515024260677,8.165692095108892e-10
998.0515024260677,7.032775335191126e-10
998.1515024260677,6.053744251230704e-10
998.2515024260678,5.208167906490501e-10
998.3515024260678,4.478261667970874e-10
998.4515024260678,3.8485535768376567e-10
998.5515024260678,3.305591547394237e-10
998.6515024260679,2.837686561216695e-10
998.7515024260679,2.4346875741736237e-10
998.8515024260679,2.0877843449801798e-10
998.9515024260679,1.7893348309320903e-10
999.0515024260679,1.5327141851628554e-10
999.151502426068,1.3121827352483588e-10
999.251502426068,1.1227706298244686e-10
999.351502426068,9.601771122047905e-11
999.451502426068,8.206826214939448e-11
999.551502426068,7.010721357156494e-11
999.6515024260681,5.985683610036072e-11
999.7515024260681,5.10773538618308e-11
999.8515024260681,4.3561878985686203e-11
999.9515024260681,3.7132004996797e-11
1000.0515024260682,3.163397578947622e-11
1000.1515024260682,2.6935357076572543e-11
1000.2515024260682,2.2922146207506136e-11
1000.3515024260682,1.9496264181035717e-11
1000.4515024260683,1.657338066204907e-11
1000.5515024260683,1.4081028955999963e-11
1000.6515024260683,1.1956973296774421e-11
1000.7515024260683,1.0147795550057173e-11
1000.8515024260684,8.60767260136953e-12
1000.9515024260684,7.297319353973199e-12
1001.0515024260684,6.1830754672144135e-12
1001.1515024260684,5.236116774199522e-12
1001.2515024260684,4.431774776418461e-12
1001.3515024260685,3.748949764089033e-12
1001.4515024260685,3.169604991748282e-12
1001.5515024260685,2.6783309818240645e-12
1001.6515024260685,2.261970463588113e-12
1001.7515024260686,1.909295706626628e-12
1001.8515024260686,1.6107310993401788e-12
1001.9515024260686,1.3581147738927885e-12
1002.0515024260686,1.14449390698234e-12
1002.1515024260686,9.639490462084965e-13
1002.2515024260687,8.114434382123281e-13
1002.3515024260687,6.826938790513506e-13
1002.4515024260687,5.740600798962563e-13
1002.5515024260687,4.824499512502558e-13
1002.6515024260688,4.0523856452517404e-13
1002.7515024260688,3.401988579902583e-13
1002.8515024260688,2.854424209913595e-13
1002.9515024260688,2.393689212995632e-13
1003.0515024260689,2.0062294019007017e-13
1003.1515024260689,1.6805715247856205e-13
1003.2515024260689,1.4070093783488668e-13
1003.3515024260689,1.1773363837515908e-13
1003.4515024260689,9.846178852373074e-14
1003.551502426069,8.229973880456688e-14
1003.651502426069,6.875317762794973e-14
1003.751502426069,5.740512607442986e-14
1003.851502426069,4.7904041699940556e-14
1003.951502426069,3.995371984483671e-14
1004.0515024260691,3.330472599733595e-14
1004.1515024260691,2.7747131454332953e-14
1004.2515024260691,2.3104357719838882e-14
1004.3515024260691,1.9227963545175983e-14
1004.4515024260692,1.5993232904447836e-14
1004.5515024260692,1.32954430833275e-14
1004.6515024260692,1.1046709930838575e-14
1004.7515024260692,9.173322607260261e-15
1004.8515024260693,7.613493222873307e-15
1004.9515024260693,6.315457917750688e-15
1005.0515024260693,5.235875454161635e-15
1005.1515024260693,4.3384775145176375e-15
