956.9515024260584,1.1818465561156715
957.0515024260584,1.1829907763694527
957.1515024260584,1.1841814582503292
957.2515024260584,1.1854199872794238
957.3515024260585,1.186707764109839
957.4515024260585,1.1880462032466659
957.5515024260585,1.1894367316813121
957.6515024260585,1.1908807874390122
957.7515024260586,1.1923798180385543
957.8515024260586,1.1939352788634245
957.9515024260586,1.1955486314437578
958.0515024260586,1.1972213416486792
958.1515024260586,1.1989548777888224
958.2515024260587,1.200750708629031
958.3515024260587,1.202610301311468
958.4515024260587,1.2045351191895937
958.5515024260587,1.2065266195737225
958.6515024260588,1.2085862513891081
958.7515024260588,1.2107154527477786
958.8515024260588,1.2129156484356034
958.9515024260588,1.2151882473163547
959.0515024260588,1.2175346396547997
959.1515024260589,1.2199561943611612
959.2515024260589,1.2224542561595613
959.3515024260589,1.2250301426833765
959.4515024260589,1.2276851415007228
959.551502426059,1.2304205070736038
959.651502426059,1.2332374576545544
959.751502426059,1.2361371721249277
959.851502426059,1.2391207867792815
959.951502426059,1.2421893920606233
960.0515024260591,1.2453440292515923
960.1515024260591,1.2485856871269483
960.2515024260591,1.2519152985730502
960.3515024260591,1.2553337371802953
960.4515024260592,1.2588418138147854
960.5515024260592,1.2624402731757711
960.6515024260592,1.266129790345694
960.7515024260592,1.2699109673399216
960.8515024260593,1.2737843296635196
960.9515024260593,1.2777503228826521
961.0515024260593,1.2818093092184315
961.1515024260593,1.285961564171255
961.2515024260593,1.2902072731838703
961.3515024260594,1.294546528351592
961.4515024260594,1.298979325188263
961.5515024260594,1.303505559456703
961.6515024260594,1.308125024072509
961.7515024260595,1.312837406090193
961.8515024260595,1.3176422837807127
961.9515024260595,1.3225391238095257
962.0515024260595,1.3275272785243328
962.1515024260596,1.3326059833616881
962.2515024260596,1.3377743543816434
962.3515024260596,1.343031385939561
962.4515024260596,1.3483759485041573
962.5515024260596,1.3538067866307506
962.6515024260597,1.3593225170985683
962.7515024260597,1.3649216272208138
962.8515024260597,1.3706024733360218
962.9515024260597,1.3763632794890168
963.0515024260598,1.3822021363095573
963.1515024260598,1.3881170000964826
963.2515024260598,1.394105692114876
963.3515024260598,1.4001658981134457
963.4515024260598,1.4062951680689555
963.5515024260599,1.4124909161641699
963.6515024260599,1.4187504210053534
963.7515024260599,1.4250708260849363
963.8515024260599,1.4314491404944838
963.95150242606,1.4378822398926254
964.05150242606,1.4443668677320671
964.15150242606,1.450899636749289
964.25150242606,1.4574770307199447
964.35150242606,1.4640954064824125
964.4515024260601,1.4707509962313252
964.5515024260601,1.4774399100822895
964.6515024260601,1.484158138908361
964.7515024260601,1.4909015574481774
964.8515024260602,1.4976659276849857
964.9515024260602,1.5044469024951082
965.0515024260602,1.5112400295637
965.1515024260602,1.5180407555649447
965.2515024260603,1.524844430603126
965.3515024260603,1.5316463129102977
965.4515024260603,1.5384415737955588
965.5515024260603,1.5452253028402216
965.6515024260603,1.5519925133324537
965.7515024260604,1.5587381479342575
965.8515024260604,1.565457084572956
965.9515024260604,1.5721441425486602
966.0515024260604,1.5787940888485088
966.1515024260605,1.5854016446578163
966.2515024260605,1.591961492057601
966.3515024260605,1.5984682808973503
966.4515024260605,1.604916635831258
966.5515024260606,1.6113011635055958
966.6515024260606,1.6176164598843097
966.7515024260606,1.6238571176994108
966.8515024260606,1.6300177340122197
966.9515024260606,1.6360929178710635
967.0515024260607,1.642077298050578
967.1515024260607,1.6479655308573797
967.2515024260607,1.653752307986499
967.3515024260607,1.6594323644126547
967.4515024260608,1.6650004863001544
967.5515024260608,1.6704515189149793
967.6515024260608,1.6757803745224051
967.7515024260608,1.6809820402533626
967.8515024260608,1.6860515859226355
967.9515024260609,1.690984171781933
968.0515024260609,1.6957750561908558
968.1515024260609,1.7004196031888215
968.2515024260609,1.7049132899510804
968.351502426061,1.7092517141120989
968.451502426061,1.713430600939756
968.551502426061,1.7174458103440307
968.651502426061,1.721293343704128
968.751502426061,1.7249693504983168
968.8515024260611,1.7284701347211175
968.9515024260611,1.7317921610728955
969.0515024260611,1.734932060907369
969.1515024260611,1.7378866379230464
969.2515024260612,1.7406528735851565
969.3515024260612,1.7432279322652073
969.4515024260612,1.7456091660859543
969.5515024260612,1.7477941194601967
969.6515024260613,1.7497805333125442
969.7515024260613,1.751566348974006
969.8515024260613,1.7531497117400305
969.9515024260613,1.7545289740834134
970.0515024260613,1.7557026985143047
970.1515024260614,1.756669660080401
970.2515024260614,1.757428848501258
970.3515024260614,1.7579794699315596
970.4515024260614,1.7583209483490658
970.5515024260615,1.7584529265638857
970.6515024260615,1.7583309015012034
970.7515024260615,1.7578833801137574
970.8515024260615,1.7571101147369848
970.9515024260616,1.7560123673454955
971.0515024260616,1.7545919273565174
971.1515024260616,1.7528511067793904
971.2515024260616,1.7507927339557472
971.3515024260616,1.748420145914186
971.4515024260617,1.745737179368473
971.5515024260617,1.7427481603933677
971.6515024260617,1.7394578928170676
971.7515024260617,1.7358716453740037
971.8515024260618,1.7319951376661908
971.9515024260618,1.7278345249856404
972.0515024260618,1.7233963820543479
972.1515024260618,1.7186876857421192
972.2515024260618,1.7137157968259769
972.3515024260619,1.7084884408580359
972.4515024260619,1.7030136882116058
972.5515024260619,1.6972999333777885
972.6515024260619,1.6913558735870382
972.751502426062,1.6851904868319925
972.851502426062,1.6788130093693887
972.951502426062,1.672232912780023
973.051502426062,1.665459880666503
973.151502426062,1.6585037850689859
973.2515024260621,1.6513746626791859
973.3515024260621,1.644082690932669
973.4515024260621,1.6366381640588559
973.5515024260621,1.6290514691672229
973.6515024260622,1.6213330624469195
973.7515024260622,1.6134934455554606
973.8515024260622,1.605543142270263
973.9515024260622,1.5974926754746408
974.0515024260623,1.5893525445474297
974.1515024260623,1.5811332032227263
974.2515024260623,1.572845037983287
974.3515024260623,1.5644983470479814
974.4515024260623,1.5561033200103482
974.5515024260624,1.5476700181817549
974.6515024260624,1.5392083556889755
974.7515024260624,1.5307280813721662
974.8515024260624,1.5222387615252606
974.9515024260625,1.513749763516761
975.0515024260625,1.5052702403247806
975.1515024260625,1.4968091160160109
975.2515024260625,1.4883750721940798
975.3515024260626,1.4799765354385541
975.4515024260626,1.4716216657516197
975.5515024260626,1.4633183460253048
975.6515024260626,1.4550741725379734
975.7515024260626,1.4468964464847622
975.8515024260627,1.4387921665426513
975.9515024260627,1.4307680224669916
976.0515024260627,1.4228303897125572
976.1515024260627,1.4149853250685662
976.2515024260628,1.4072385632936486
976.3515024260628,1.3995955147334131
976.4515024260628,1.3920612639001375
976.5515024260628,1.3846405689911299
976.6515024260628,1.3773378623195485
976.7515024260629,1.3701572516288811
976.8515024260629,1.3631025222599247
976.9515024260629,1.3561771401369276
977.0515024260629,1.3493842555376196
977.151502426063,1.342726707610104
977.251502426063,1.3362070295980664
977.351502426063,1.3298274547344515
977.451502426063,1.3235899227626544
977.551502426063,1.317496087043397
977.6515024260631,1.3115473222047789
977.7515024260631,1.305744732292526
977.8515024260631,1.3000891593771753
977.9515024260631,1.294581192574864
978.0515024260632,1.2892211774384814
978.1515024260632,1.284009225676228
978.2515024260632,1.278945225155072
978.3515024260632,1.2740288501471981
978.4515024260633,1.269259571778304
978.5515024260633,1.2646366686374915
978.6515024260633,1.2601592375095316
978.7515024260633,1.255826204191423
978.8515024260633,1.2516363343564219
978.9515024260634,1.2475882444300685
979.0515024260634,1.243680412444176
979.1515024260634,1.2399111888362597
979.2515024260634,1.2362788071634603
979.3515024260635,1.2327813947016526
979.4515024260635,1.2294169829020976
979.5515024260635,1.2261835176797078
979.6515024260635,1.2230788695087313
979.7515024260636,1.2201008433033915
979.8515024260636,1.2172471880627809
979.9515024260636,1.214515606261041
980.0515024260636,1.2119037629655942
980.1515024260636,1.209409294667904
980.2515024260637,1.207029817812914
980.3515024260637,1.2047629370149657
980.4515024260637,1.2026062529496018
980.5515024260637,1.200557369912207
980.6515024260638,1.1986139030359522
980.7515024260638,1.1967734851629488
980.8515024260638,1.1950337733639087
980.9515024260638,1.1933924551029211
981.0515024260638,1.1918472540452172
981.1515024260639,1.1903959355069742
981.2515024260639,1.1890363115473208
981.3515024260639,1.187766245703755
981.4515024260639,1.1865836573731354
981.551502426064,1.1854865258413227
981.651502426064,1.1844728939653426
981.751502426064,1.1835408715127118
981.851502426064,1.1826886381632256
981.951502426064,1.1819144461791231
982.0515024260641,1.1812166227500749
982.1515024260641,1.1805935720199152
982.2515024260641,1.1800437768024394
982.3515024260641,1.1795657999939435
982.4515024260642,1.179158285690458
982.5515024260642,1.1788199600178717
982.6515024260642,1.178549631683314
982.7515024260642,1.1783461922563012
982.8515024260643,1.1782086161882388
982.9515024260643,1.1781359605789137
983.0515024260643,1.1781273646986312
983.1515024260643,1.1781820492746142
983.2515024260643,1.1782993155502344
983.3515024260644,1.1784785441255679
983.4515024260644,1.1787191935876584
983.5515024260644,1.1790207989387536
983.6515024260644,1.1793829698306444
983.7515024260645,1.1798053886130844
983.8515024260645,1.180287808204117
983.9515024260645,1.180830049789966
984.0515024260645,1.1814320003619891
984.1515024260646,1.1820936100980295
984.2515024260646,1.1828148895953299
984.3515024260646,1.183595906962036
984.4515024260646,1.1844367847741541
984.5515024260646,1.1853376969046974
984.6515024260647,1.1862988652316349
984.7515024260647,1.1873205562311375
984.8515024260647,1.1884030774625294
984.9515024260647,1.1895467739512648
985.0515024260648,1.1907520244761973
985.1515024260648,1.1920192377673589
985.2515024260648,1.1933488486204444
985.3515024260648,1.19474131393419
985.4515024260648,1.1961971086768481
985.5515024260649,1.1977167217879965
985.6515024260649,1.1993006520219651
985.7515024260649,1.2009494037392399
985.8515024260649,1.2026634826522884
985.951502426065,1.2044433915323545
986.051502426065,1.206289625883894
986.151502426065,1.2082026695934516
986.251502426065,1.2101829905599373
986.351502426065,1.2122310363134075
986.4515024260651,1.2143472296296383
986.5515024260651,1.2165319641479486
986.6515024260651,1.2187855999999184
986.7515024260651,1.2211084594568362
986.8515024260652,1.2235008226039026
986.9515024260652,1.2259629230494058
987.0515024260652,1.2284949436772792
987.1515024260652,1.2310970124516314
987.2515024260653,1.2337691982820271
987.3515024260653,1.2365115069584578
987.4515024260653,1.2393238771651094
987.5515024260653,1.242206176582178
987.6515024260653,1.2451581980851136
987.7515024260654,1.2481796560507912
987.8515024260654,1.2512701827801922
987.9515024260654,1.2544293250472645
988.0515024260654,1.2576565407836608
988.1515024260655,1.260951195909093
988.2515024260655,1.2643125613170163
988.3515024260655,1.2677398100253372
988.4515024260655,1.27123201450176
988.5515024260656,1.2747881441732896
988.6515024260656,1.2784070631292777
988.7515024260656,1.282087528027224
988.8515024260656,1.2858281862103391
988.9515024260656,1.2896275740456378
989.0515024260657,1.2934841154910377
989.1515024260657,1.2973961208996354
989.2515024260657,1.3013617860689548
989.3515024260657,1.305379191542581
989.4515024260658,1.309446302171144
989.5515024260658,1.3135609669391521
989.6515024260658,1.317720919063653
989.7515024260658,1.321923776370155
989.8515024260658,1.3261670419506553
989.9515024260659,1.3304481051079944
990.0515024260659,1.3347642425901074
990.1515024260659,1.3391126201170462
990.2515024260659,1.3434902942029385
990.351502426066,1.3478942142742856
990.451502426066,1.3523212250852463
990.551502426066,1.3567680694297377
990.651502426066,1.3612313911493743
990.751502426066,1.3657077384354208
990.8515024260661,1.3701935674220822
990.9515024260661,1.3746852460675814
991.0515024260661,1.3791790583185963
991.1515024260661,1.3836712085527416
991.2515024260662,1.388157826292887
991.3515024260662,1.392634971186216
991.4515024260662,1.3970986382400352
991.5515024260662,1.4015447633054692
991.6515024260663,1.4059692287992982
991.7515024260663,1.410367869653341
991.8515024260663,1.4147364794799453
991.9515024260663,1.4190708169413262
992.0515024260663,1.4233666123097017
992.1515024260664,1.4276195742044062
992.2515024260664,1.4318253964914271
992.3515024260664,1.4359797653301152
992.4515024260664,1.4400783663511514
992.5515024260665,1.4441168919492435
992.6515024260665,1.448091048673442
992.7515024260665,1.4519965646974442
992.8515024260665,1.4558291973517854
992.9515024260666,1.4595847406993807
993.0515024260666,1.4632590331355273
993.1515024260666,1.466847964993165
993.2515024260666,1.4703474861339423
993.3515024260666,1.473753613505455
993.4515024260667,1.4770624386448934
993.5515024260667,1.4802701351092866
993.6515024260667,1.4833729658125296
993.7515024260667,1.4863672902494618
993.8515024260668,1.4892495715873986
993.9515024260668,1.492016383605736
994.0515024260668,1.494664417464512
994.1515024260668,1.497190488283157
994.2515024260668,1.4995915415110765
994.3515024260669,1.5018646590721727
994.4515024260669,1.504007065265959
994.5515024260669,1.5060161324085108
994.6515024260669,1.507889386197165
994.751502426067,1.509624510783591
994.851502426067,1.511219353540636
994.951502426067,1.5126719295091697
995.051502426067,1.5139804255120384
995.151502426067,1.5151432039231585
995.2515024260671,1.5161588060807558
995.3515024260671,1.5170259553347618
995.4515024260671,1.5177435597194346
995.5515024260671,1.5183107142433487
995.6515024260672,1.5187267027900107
995.7515024260672,1.5189909996234958
995.8515024260672,1.5191032704946597
995.9515024260672,1.5190575379027322
996.0515024260673,1.5188401821063682
996.1515024260673,1.5184509458966577
996.2515024260673,1.517890386175357
996.3515024260673,1.5171593042781537
996.4515024260673,1.5162587440652329
996.5515024260674,1.5151899894371228
996.6515024260674,1.513954561284099
996.7515024260674,1.5125542138792762
996.8515024260674,1.5109909307273652
996.9515024260675,1.5092669198828321
997.0515024260675,1.5073846087529286
997.1515024260675,1.5053466384027065
997.2515024260675,1.5031558573807149
997.3515024260676,1.5008153150855787
997.4515024260676,1.4983282546950702
997.5515024260676,1.4956981056806182
997.6515024260676,1.492928475931421
997.7515024260676,1.4900231435134685
997.8515024260677,1.4869860480897954
997.9515024260677,1.4838212820292096
998.0515024260677,1.4805330812315478
998.1515024260677,1.4771258156981975
998.2515024260678,1.4736039798772071
998.3515024260678,1.469972182812762
998.4515024260678,1.46623513812915
998.5515024260678,1.4623976538795602
998.6515024260679,1.458464622290173
998.7515024260679,1.4544410094299782
998.8515024260679,1.450331844836644
998.9515024260679,1.4461422111285134
999.0515024260679,1.441877233632456
999.151502426068,1.437542070056848
999.251502426068,1.4331419002383878
999.351502426068,1.4286819159907935
999.451502426068,1.4241673110826645
999.551502426068,1.4196032713709466
999.6515024260681,1.4149949651154905
999.7515024260681,1.4103475334991873
999.8515024260681,1.4056660813770538
999.9515024260681,1.400955668276493
1000.0515024260682,1.3962212996697119
1000.1515024260682,1.3914679185380028
1000.2515024260682,1.386700397246254
1000.3515024260682,1.381923529744677
1000.4515024260683,1.3771420241133188
1000.5515024260683,1.3723604954634832
1000.6515024260683,1.3675834592087073
1000.7515024260683,1.3628153247164578
1000.8515024260684,1.358060389350208
1000.9515024260684,1.3533228329100537
1001.0515024260684,1.34860671247853
1001.1515024260684,1.3439159576767945
1001.2515024260684,1.3392543663348726
1001.3515024260685,1.3346256005781996
1001.4515024260685,1.3300331833312706
1001.5515024260685,1.325480495237814
1001.6515024260685,1.3209707719955397
1001.7515024260686,1.316507102102202
1001.8515024260686,1.3120924250084491
1001.9515024260686,1.3077295296717026
1002.0515024260686,1.3034210535041537
1002.1515024260686,1.2991694817068553
1002.2515024260687,1.2949771469808393
1002.3515024260687,1.2908462296052083
1002.4515024260687,1.2867787578712382
1002.5515024260687,1.2827766088606742
1002.6515024260688,1.278841509555631
1002.7515024260688,1.2749750382667944
1002.8515024260688,1.2711786263659932
1002.9515024260688,1.2674535603086368
1003.0515024260689,1.2638009839310331
1003.1515024260689,1.2602219010071767
1003.2515024260689,1.2567171780492468
1003.3515024260689,1.2532875473357847
1003.4515024260689,1.2499336101513074
1003.551502426069,1.2466558402209755
1003.651502426069,1.2434545873238587
1003.751502426069,1.24033008106834
1003.851502426069,1.2372824348132403
1003.951502426069,1.2343116497183702
1004.0515024260691,1.231417618908376
1004.1515024260691,1.2286001317339768
1004.2515024260691,1.2258588781149597
1004.3515024260691,1.223193452949628
1004.4515024260692,1.2206033605757602
1004.5515024260692,1.2180880192685553
1004.6515024260692,1.2156467657614767
1004.7515024260692,1.2132788597764033
1004.8515024260693,1.2109834885500022
1004.9515024260693,1.2087597713437823
1005.0515024260693,1.2066067639258609
1005.1515024260693,1.204523463013055
