956.9515024260584,4.805595789889646e-15
957.0515024260584,5.661764012082466e-15
957.1515024260584,6.667654998200947e-15
957.2515024260584,7.84894540645247e-15
957.3515024260585,9.235625793686217e-15
957.4515024260585,1.0862709843248812e-14
957.5515024260585,1.277105754511122e-14
957.6515024260585,1.500833019465701e-14
957.7515024260586,1.763009780537989e-14
957.8515024260586,2.070112266480844e-14
957.9515024260586,2.429684636061008e-14
958.0515024260586,2.8505111731517545e-14
958.1515024260586,3.342815593116411e-14
958.2515024260587,3.918491621826656e-14
958.3515024260587,4.5913696301850103e-14
958.4515024260587,5.377524818675029e-14
958.5515024260587,6.29563326090388e-14
958.6515024260588,7.367383046698717e-14
958.7515024260588,8.617948830385088e-14
958.8515024260588,1.007653930690912e-13
958.9515024260588,1.1777028528443598e-13
959.0515024260588,1.37586835608002e-13
959.1515024260589,1.6067002789269851e-13
959.2515024260589,1.8754681247885595e-13
959.3515024260589,2.1882721698991606e-13
959.4515024260589,2.5521712870363884e-13
959.551502426059,2.975329930895045e-13
959.651502426059,3.46718707832846e-13
959.751502426059,4.0386503116837017e-13
959.851502426059,4.702318682528108e-13
959.951502426059,5.472738503312676e-13
960.0515024260591,6.36669679398129e-13
960.1515024260591,7.403557768253189e-13
960.2515024260591,8.605648490467189e-13
960.3515024260591,9.998700679921457e-13
960.4515024260592,1.1612356598449535e-12
960.5515024260592,1.3480748042996839e-12
960.6515024260592,1.5643158694435606e-12
960.7515024260592,1.8144781464998865e-12
960.8515024260593,2.1037584059954267e-12
960.9515024260593,2.438129774736961e-12
961.0515024260593,2.824454633869704e-12
961.1515024260593,3.270613465113089e-12
961.2515024260593,3.78565182824001e-12
961.3515024260594,4.3799479415757125e-12
961.4515024260594,5.065403662756951e-12
961.5515024260594,5.855662033692244e-12
961.6515024260594,6.766354966605018e-12
961.7515024260595,7.815385112804061e-12
961.8515024260595,9.02324647863109e-12
961.9515024260595,1.0413388940818131e-11
962.0515024260595,1.2012632473962947e-11
962.1515024260596,1.3851637644591046e-11
962.2515024260596,1.596543975886799e-11
962.3515024260596,1.8394054985071434e-11
962.4515024260596,2.1183167819218305e-11
962.5515024260596,2.4384910435861367e-11
962.6515024260597,2.805874578052855e-11
962.7515024260597,3.227246773169122e-11
962.8515024260597,3.710333330632164e-11
962.9515024260597,4.263934372380858e-11
963.0515024260598,4.898069320005978e-11
963.1515024260598,5.624140664121535e-11
963.2515024260598,6.455118997120821e-11
963.3515024260598,7.405751968891534e-11
963.4515024260598,8.492800144141936e-11
963.5515024260599,9.73530309557636e-11
963.6515024260599,1.1154879463218225e-10
963.7515024260599,1.2776065151060182e-10
963.8515024260599,1.462669432272532e-10
963.95150242606,1.6738328403224604e-10
964.05150242606,1.9146738899991785e-10
964.15150242606,2.1892450529538903e-10
964.25150242606,2.50213518832958e-10
964.35150242606,2.858538169514967e-10
964.4515024260601,3.264329969228783e-10
964.5515024260601,3.726155202939258e-10
964.6515024260601,4.2515242434113774e-10
964.7515024260601,4.84892214400966e-10
964.8515024260602,5.527930746472106e-10
964.9515024260602,6.299365501529358e-10
965.0515024260602,7.175428699410059e-10
965.1515024260602,8.169880993518194e-10
965.2515024260603,9.298233306098771e-10
965.3515024260603,1.057796143138999e-09
965.4515024260603,1.2028745901616544e-09
965.5515024260603,1.3672739956417396e-09
965.6515024260603,1.5534868759315727e-09
965.7515024260604,1.7643163338230366e-09
965.8515024260604,2.002913309362173e-09
965.9515024260604,2.2728181120716805e-09
966.0515024260604,2.578006703468796e-09
966.1515024260605,2.9229422473253476e-09
966.2515024260605,3.31263249838067e-09
966.3515024260605,3.752693658606291e-09
966.4515024260605,4.24942139408651e-09
966.5515024260606,4.809869775609732e-09
966.6515024260606,5.441938982689899e-09
966.7515024260606,6.154472694520313e-09
966.8515024260606,6.957366182918001e-09
966.9515024260606,7.861686222298669e-09
967.0515024260607,8.879804040837705e-09
967.1515024260607,1.0025542655978343e-08
967.2515024260607,1.1314340067155472e-08
967.3515024260607,1.276342991988208e-08
967.4515024260608,1.4392041409127393e-08
967.5515024260608,1.6221620357194753e-08
967.6515024260608,1.8276073583147116e-08
967.7515024260608,2.0582038878365044e-08
967.8515024260608,2.3169183117261818e-08
967.9515024260609,2.6070531264816194e-08
968.0515024260609,2.9322829294780776e-08
968.1515024260609,3.296694430564328e-08
968.2515024260609,3.704830541720206e-08
968.351502426061,4.161738935060647e-08
968.451502426061,4.673025494064869e-08
968.551502426061,5.244913120279512e-08
968.651502426061,5.884306398088499e-08
968.751502426061,6.598862663660916e-08
968.8515024260611,7.397070071101108e-08
968.9515024260611,8.288333299356502e-08
969.0515024260611,9.28306759782933e-08
969.1515024260611,1.0392801927137795e-07
969.2515024260612,1.1630292014344162e-07
969.3515024260612,1.3009644209485508e-07
969.4515024260612,1.454645110269611e-07
969.5515024260612,1.6257939938898078e-07
969.6515024260613,1.8163134950270274e-07
969.7515024260613,2.0283034815811274e-07
969.8515024260613,2.264080655262689e-07
969.9515024260613,2.526199724544242e-07
970.0515024260613,2.817476512963362e-07
970.1515024260614,3.141013165914857e-07
970.2515024260614,3.5002256314452276e-07
970.3515024260614,3.8988736037451356e-07
970.4515024260614,4.341093132065103e-07
970.5515024260615,4.831432112698335e-07
970.6515024260615,5.374888897522906e-07
970.7515024260615,5.976954269417655e-07
970.8515024260615,6.643657052704145e-07
970.9515024260616,7.381613645665212e-07
971.0515024260616,8.198081782192389e-07
971.1515024260616,9.10101885076363e-07
971.2515024260616,1.0099145121293347e-06
971.3515024260616,1.1202012253970814e-06
971.4515024260617,1.2420077489054832e-06
971.5515024260617,1.3764783942761347e-06
971.6515024260617,1.5248647461908952e-06
971.7515024260617,1.6885350518911653e-06
971.8515024260618,1.868984365906678e-06
971.9515024260618,2.0678455043911397e-06
972.0515024260618,2.2869008667746913e-06
972.1515024260618,2.5280951859281903e-06
972.2515024260618,2.7935492716749494e-06
972.3515024260619,3.0855748162828373e-06
972.4515024260619,3.406690334526226e-06
972.5515024260619,3.7596383150227815e-06
972.6515024260619,4.147403663826462e-06
972.751502426062,4.57323352569333e-06
972.851502426062,5.040658573031728e-06
972.951502426062,5.553515857299151e-06
973.051502426062,6.115973322513853e-06
973.151502426062,6.732556085605345e-06
973.2515024260621,7.408174593528887e-06
973.3515024260621,8.1481547724113e-06
973.4515024260621,8.958270289469257e-06
973.5515024260621,9.844777054039846e-06
973.6515024260622,1.0814450089776608e-05
973.7515024260622,1.1874622915880637e-05
973.8515024260622,1.303322958114364e-05
973.9515024260622,1.429884950056248e-05
974.0515024260623,1.5680755250328005e-05
974.1515024260623,1.718896348307421e-05
974.2515024260623,1.8834289131380448e-05
974.3515024260623,2.062840307362302e-05
974.4515024260623,2.2583893442352453e-05
974.5515024260624,2.4714330761401e-05
974.6515024260624,2.7034337103870177e-05
974.7515024260624,2.9559659468986146e-05
974.8515024260624,3.230724758149675e-05
974.9515024260625,3.529533632279331e-05
975.0515024260625,3.85435330082258e-05
975.1515024260625,4.207290973010193e-05
975.2515024260625,4.5906100990578676e-05
975.3515024260626,5.0067406853013045e-05
975.4515024260626,5.4582901844299455e-05
975.5515024260626,5.94805498442172e-05
975.6515024260626,6.47903252008014e-05
975.7515024260626,7.05443403131647e-05
975.8515024260627,7.677697992497833e-05
975.9515024260627,8.352504237291423e-05
976.0515024260627,9.082788803466358e-05
976.1515024260627,9.872759522064845e-05
976.2515024260628,0.00010726912375212345
976.3515024260628,0.0001165004864659774
976.4515024260628,0.00012647292888309808
976.5515024260628,0.00013724111727258842
976.6515024260628,0.0001488633353383306
976.7515024260629,0.00016140168974730892
976.8515024260629,0.00017492232471064682
976.9515024260629,0.00018949564581838114
977.0515024260629,0.0002051965533175388
977.151502426063,0.000222104685009969
977.251502426063,0.00024030466893157525
977.351502426063,0.0002598863859579696
977.451502426063,0.0002809452424630631
977.551502426063,0.0003035824531366448
977.6515024260631,0.0003279053340444597
977.7515024260631,0.0003540276059896737
977.8515024260631,0.00038206970820773157
977.9515024260631,0.0004121591223975101
978.0515024260632,0.00044443070706017836
978.1515024260632,0.00047902704208331544
978.2515024260632,0.0005160987834714778
978.3515024260632,0.0005558050280855703
978.4515024260633,0.0005983136882119365
978.5515024260633,0.0006438018757380981
978.6515024260633,0.0006924562956654155
978.7515024260633,0.0007444736486396648
978.8515024260633,0.0008000610421286175
978.9515024260634,0.0008594364098210953
979.0515024260634,0.0009228289387647955
979.1515024260634,0.0009904795037003079
979.2515024260634,0.001062641107986427
979.3515024260635,0.0011395793304468716
979.4515024260635,0.0012215727774012323
979.5515024260635,0.0013089135390732427
979.6515024260635,0.0014019076494974842
979.7515024260636,0.0015008755489715343
979.8515024260636,0.0016061525480244626
979.9515024260636,0.00171808929179462
980.0515024260636,0.0018370522236299928
980.1515024260636,0.001963424046643369
980.2515024260637,0.002097604181872066
980.3515024260637,0.002240009221608695
980.4515024260637,0.0023910733763851505
980.5515024260637,0.0025512489140073697
980.6515024260638,0.0027210065889536014
980.7515024260638,0.0029008360603640054
980.8515024260638,0.003091246296765318
980.9515024260638,0.0032927659655906365
981.0515024260638,0.003505943805472274
981.1515024260639,0.003731348979204877
981.2515024260639,0.003969571405197378
981.3515024260639,0.004221222065156238
981.4515024260639,0.004486933285669105
981.551502426064,0.004767358991288269
981.651502426064,0.005063174926647277
981.751502426064,0.005375078845082581
981.851502426064,0.005703790661175404
981.951502426064,0.0060500525645778794
982.0515024260641,0.006414629092442364
982.1515024260641,0.006798307157733949
982.2515024260641,0.0072018960306749966
982.3515024260641,0.007626227270546169
982.4515024260642,0.008072154605053042
982.5515024260642,0.008540553754460146
982.6515024260642,0.009032322197696754
982.7515024260642,0.009548378877650745
982.8515024260643,0.01008966384288954
982.9515024260643,0.010657137823080412
983.0515024260643,0.011251781735427131
983.1515024260643,0.011874596119496927
983.2515024260643,0.012526600497880213
983.3515024260644,0.013208832660207654
983.4515024260644,0.013922347868143716
983.5515024260644,0.014668217979084228
983.6515024260644,0.015447530486407752
983.7515024260645,0.01626138747426667
983.8515024260645,0.017110904485054437
983.9515024260645,0.017997209297850782
984.0515024260645,0.018921440616326026
984.1515024260646,0.01988474666478048
984.2515024260646,0.020888283691203876
984.3515024260646,0.021933214376463617
984.4515024260646,0.02302070614896946
984.5515024260646,0.02415192940441461
984.6515024260647,0.02532805563046038
984.7515024260647,0.02655025543651275
984.8515024260647,0.02781969648903268
984.9515024260647,0.029137541353129678
985.0515024260648,0.030504945241507524
985.1515024260648,0.0319230536721621
985.2515024260648,0.03339300003657376
985.3515024260648,0.03491590308048882
985.4515024260648,0.036492864299746755
985.5515024260649,0.03812496525397935
985.6515024260649,0.039813264801385986
985.7515024260649,0.04155879625817218
985.8515024260649,0.043362564486627043
985.951502426065,0.045225542916208006
986.051502426065,0.047148670502394546
986.151502426065,0.04913284862846913
986.251502426065,0.051178937955777125
986.351502426065,0.053287755228410956
986.4515024260651,0.05546007003865171
986.5515024260651,0.05769660155988519
986.6515024260651,0.0599980152540854
986.7515024260651,0.06236491956132544
986.8515024260652,0.06479786257913266
986.9515024260652,0.06729732873984852
987.0515024260652,0.06986373549448378
987.1515024260652,0.07249743001187232
987.2515024260653,0.07519868590222314
987.3515024260653,0.07796769997444522
987.4515024260653,0.08080458903687346
987.5515024260653,0.08370938675125499
987.6515024260653,0.0866820405500595
987.7515024260654,0.08972240862735566
987.8515024260654,0.09283025701364482
987.9515024260654,0.09600525674516246
988.0515024260654,0.09924698113824489
988.1515024260655,0.10255490317941264
988.2515024260655,0.1059283930418412
988.3515024260655,0.1093667157388735
988.4515024260655,0.11286902892517349
988.5515024260656,0.11643438085603028
988.6515024260656,0.1200617085151891
988.7515024260656,0.1237498359214165
988.8515024260656,0.12749747262379454
988.9515024260656,0.13130321239548773
989.0515024260657,0.13516553213543236
989.1515024260657,0.13908279098706386
989.2515024260657,0.143053229682821
989.3515024260657,0.1470749701227497
989.4515024260658,0.15114601519507004
989.5515024260658,0.15526424884607334
989.6515024260658,0.15942743640617776
989.7515024260658,0.16363322517839526
989.8515024260658,0.16787914529484974
989.9515024260659,0.17216261084633683
990.0515024260659,0.17648092128923204
990.1515024260659,0.18083126313333783
990.2515024260659,0.1852107119135127
990.351502426066,0.18961623444714937
990.451502426066,0.19404469137876706
990.551502426066,0.19849284001215556
990.651502426066,0.20295733742966116
990.751502426066,0.20743474389733732
990.8515024260661,0.21192152655380042
990.9515024260661,0.21641406337973526
991.0515024260661,0.22090864744408925
991.1515024260661,0.22540149142208274
991.2515024260662,0.2298887323792482
991.3515024260662,0.23436643681479585
991.4515024260662,0.23883060595669253
991.5515024260662,0.2432771812999382
991.6515024260663,0.24770205037863086
991.7515024260663,0.2521010527615338
991.8515024260663,0.2564699862599995
991.9515024260663,0.2608046133362675
992.0515024260663,0.2651006676993401
992.1515024260664,0.2693538610748599
992.2515024260664,0.2735598901346597
992.3515024260664,0.2777144435709436
992.4515024260664,0.2818132092993824
992.5515024260665,0.28585188177477483
992.6515024260665,0.28982616940233813
992.7515024260665,0.2937318020271566
992.8515024260665,0.2975645384838275
992.9515024260666,0.30132017418791285
993.0515024260666,0.3049945487504293
993.1515024260666,0.3085835535962914
993.2515024260666,0.31208313956736616
993.3515024260666,0.3154893244906039
993.4515024260667,0.3187982006915777
993.5515024260667,0.3220059424337023
993.6515024260667,0.32510881326339947
993.7515024260667,0.32810317324155036
993.8515024260668,0.33098548604170497
993.9515024260668,0.3337523258957265
994.0515024260668,0.33640038436781566
994.1515024260668,0.3389264769381978
994.2515024260668,0.34132754937816095
994.3515024260669,0.3436006838985997
994.4515024260669,0.345743105054754
994.5515024260669,0.3477521853904286
994.6515024260669,0.3496254508056335
994.751502426067,0.3513605856323024
994.851502426067,0.35295543740351754
994.951502426067,0.35440802130249427
995.051502426067,0.3557165242784551
995.151502426067,0.3568793088174474
995.2515024260671,0.3578949163571271
995.3515024260671,0.3587620703355416
995.4515024260671,0.3594796788649902
995.5515024260671,0.3600468370231241
995.6515024260672,0.36046282875455493
995.7515024260672,0.36072712837737936
995.8515024260672,0.3608394016901823
995.9515024260672,0.3607936712343391
996.0515024260673,0.3605763173056966
996.1515024260673,0.3601870827281463
996.2515024260673,0.35962652443235543
996.3515024260673,0.3588954437794801
996.4515024260673,0.3579948846521256
996.5515024260674,0.35692613097054715
996.6515024260674,0.3556907036423654
996.7515024260674,0.35429035695593847
996.8515024260674,0.35272707442936424
996.9515024260675,0.35100306412885957
997.0515024260675,0.3491207534719835
997.1515024260675,0.3470827835328245
997.2515024260675,0.3448920028678495
997.3515024260676,0.34255146088261595
997.4515024260676,0.3400644007609636
997.5515024260676,0.33743425197962745
997.6515024260676,0.33466462243244444
997.7515024260676,0.3317592901894563
997.8515024260677,0.328722194917235
997.9515024260677,0.3255574289876751
998.0515024260677,0.3222692283033049
998.1515024260677,0.31886196286785773
998.2515024260678,0.31534012713142506
998.3515024260678,0.3117083301399707
998.4515024260678,0.3079712855193294
998.5515024260678,0.30413380132403584
998.6515024260679,0.30020076978143906
998.7515024260679,0.29617715696154406
998.8515024260679,0.2920679924029003
998.9515024260679,0.2878783587246147
999.0515024260679,0.2836133812542193
999.151502426068,0.2792782177006644
999.251502426068,0.27487804790114556
999.351502426068,0.2704180636698105
999.451502426068,0.265903458775631
999.551502426068,0.26133941907587394
999.6515024260681,0.2567311128306684
999.7515024260681,0.25208368122314456
999.8515024260681,0.24740222910852658
999.9515024260681,0.24269181601439566
1000.0515024260682,0.2379574474131126
1000.1515024260682,0.2332040662861021
1000.2515024260682,0.22843654499836655
1000.3515024260682,0.22365967750021537
1000.4515024260683,0.21887817187178013
1000.5515024260683,0.21409664322443683
1000.6515024260683,0.20931960697178492
1000.7515024260683,0.20455147248134467
1000.8515024260684,0.19979653711663498
1000.9515024260684,0.19505898067779107
1001.0515024260684,0.19034286024738156
1001.1515024260684,0.18565210544659308
1001.2515024260684,0.18099051410547554
1001.3515024260685,0.17636174834948526
1001.4515024260685,0.1717693311031357
1001.5515024260685,0.16721664301017053
1001.6515024260685,0.16270691976831234
1001.7515024260686,0.15824324987532737
1001.8515024260686,0.1538285727818732
1001.9515024260686,0.1494656774453792
1002.0515024260686,0.14515720127804385
1002.1515024260686,0.1409056294809261
1002.2515024260687,0.13671329475506264
1002.3515024260687,0.13258237737956044
1002.4515024260687,0.12851490564569892
1002.5515024260687,0.12451275663522651
1002.6515024260688,0.12057765733026034
1002.7515024260688,0.11671118604148896
1002.8515024260688,0.11291477414074251
1002.9515024260688,0.10918970808343205
1003.0515024260689,0.10553713170586723
1003.1515024260689,0.10195804878204336
1003.2515024260689,0.0984533258241407
1003.3515024260689,0.09502369511070162
1003.4515024260689,0.09166975792624377
1003.551502426069,0.08839198799592787
1003.651502426069,0.08519073509882467
1003.751502426069,0.08206622884331725
1003.851502426069,0.07901858258822705
1003.951502426069,0.07604779749336488
1004.0515024260691,0.07315376668337739
1004.1515024260691,0.07033627950898379
1004.2515024260691,0.06759502588997139
1004.3515024260691,0.06492960072464339
1004.4515024260692,0.06233950835077895
1004.5515024260692,0.059824167043576675
1004.6515024260692,0.05738291353650025
1004.7515024260692,0.055015007551428824
1004.8515024260693,0.052719636325029226
1004.9515024260693,0.050495919118810746
1005.0515024260693,0.04834291170089022
1005.1515024260693,0.046259610788085444
