960.3555335362258,0.14508088563286003
960.4555335362259,0.1487119406011887
960.5555335362259,0.15239524612547153
960.6555335362259,0.15613020653348336
960.7555335362259,0.1599161717286784
960.855533536226,0.16375243652338978
960.955533536226,0.16763824002641542
961.055533536226,0.17157276508725086
961.155533536226,0.17555513779918366
961.255533536226,0.1795844270634089
961.3555335362261,0.1836596442162697
961.4555335362261,0.1877797427216598
961.5555335362261,0.19194361793055648
961.6555335362261,0.19615010690957826
961.7555335362262,0.20039798834037678
961.8555335362262,0.20468598249159012
961.9555335362262,0.2090127512649892
962.0555335362262,0.21337689831735385
962.1555335362262,0.21777696925951084
962.2555335362263,0.2222114519338594
962.3555335362263,0.22667877677159662
962.4555335362263,0.2311773172307365
962.5555335362263,0.23570539031589682
962.6555335362264,0.2402612571806969
962.7555335362264,0.24484312381348328
962.8555335362264,0.2494491418069606
962.9555335362264,0.2540774092121691
963.0555335362264,0.2587259714771062
963.1555335362265,0.2633928224701441
963.2555335362265,0.2680759055882463
963.3555335362265,0.27277311494983436
963.4555335362265,0.2774822966720014
963.5555335362266,0.28220125023161446
963.6555335362266,0.28692772990968607
963.7555335362266,0.2916594463182401
963.8555335362266,0.2963940680087319
963.9555335362267,0.30112922316092433
964.0555335362267,0.30586250135095727
964.1555335362267,0.31059145539718647
964.2555335362267,0.3153136032822055
964.3555335362267,0.32002643014930426
964.4555335362268,0.3247273903714553
964.5555335362268,0.32941390969076195
964.6555335362268,0.33408338742614496
964.7555335362268,0.3387331987468885
964.8555335362269,0.3433606970095163
964.9555335362269,0.34796321615531534
965.0555335362269,0.3525380731656842
965.1555335362269,0.35708257057233567
965.255533536227,0.3615939990192483
965.355533536227,0.36606963987312696
965.455533536227,0.3705067678790034
965.555533536227,0.3749026538574851
965.655533536227,0.3792545674400418
965.7555335362271,0.38355977983860806
965.8555335362271,0.38781556664567274
965.9555335362271,0.3920192106609287
966.0555335362271,0.3961680047404635
966.1555335362272,0.40025925466438356
966.2555335362272,0.40429028201869177
966.3555335362272,0.40825842708716287
966.4555335362272,0.4121610517489021
966.5555335362272,0.4159955423772175
966.6555335362273,0.4197593127353892
966.7555335362273,0.42344980686488526
966.8555335362273,0.42706450196153994
966.9555335362273,0.43060091123519595
967.0555335362274,0.43405658674829734
967.1555335362274,0.43742912222892105
967.2555335362274,0.44071615585374047
967.3555335362274,0.4439153729964333
967.4555335362274,0.4470245089370696
967.5555335362275,0.4500413515280541
967.6555335362275,0.4529637438122389
967.7555335362275,0.4557895865888788
967.8555335362275,0.45851684092316175
967.9555335362276,0.4611435305951231
968.0555335362276,0.4636677444838288
968.1555335362276,0.46608763888280696
968.2555335362276,0.46840143974280296
968.3555335362277,0.47060744483804173
968.4555335362277,0.4727040258522969
968.5555335362277,0.474689630381189
968.6555335362277,0.476562783847268
968.7555335362277,0.4783220913245732
968.8555335362278,0.47996623926951093
968.9555335362278,0.4814939971550449
969.0555335362278,0.4829042190053521
969.1555335362278,0.48419584482826633
969.2555335362279,0.48536790194300233
969.3555335362279,0.4864195062008328
969.4555335362279,0.48734986309657374
969.5555335362279,0.48815826876892277
969.655533536228,0.48884411088788615
969.755533536228,0.4894068694277295
969.855533536228,0.4898461173240848
969.955533536228,0.49016152101405375
970.055533536228,0.4903528408583482
970.1555335362281,0.4904199314447225
970.2555335362281,0.4903179454411227
970.3555335362281,0.4899947148797463
970.4555335362281,0.4894506003370604
970.5555335362282,0.48868633817913276
970.6555335362282,0.4877029617817612
970.7555335362282,0.4865017992020764
970.8555335362282,0.4850844701897495
970.9555335362282,0.48345288254722013
971.0555335362283,0.4816092278503941
971.1555335362283,0.47955597654324666
971.2555335362283,0.47729587242169924
971.3555335362283,0.4748319265240111
971.4555335362284,0.4721674104467268
971.5555335362284,0.469305849106946
971.6555335362284,0.46625101297332694
971.7555335362284,0.46300690978978537
971.8555335362284,0.45957777581731074
971.9555335362285,0.4559680666206794
972.0555335362285,0.4521824474280971
972.1555335362285,0.4482257830929459
972.2555335362285,0.4441031276878416
972.3555335362286,0.4398197137621192
972.4555335362286,0.4353809412946595
972.5555335362286,0.43079236637464036
972.6555335362286,0.426059689643345
972.7555335362287,0.4211887445305856
972.8555335362287,0.4161854853195973
972.9555335362287,0.41105597507443503
973.0555335362287,0.40580637346395504
973.1555335362287,0.40044292451639013
973.2555335362288,0.39497194433833477
973.3555335362288,0.38939980883164527
973.4555335362288,0.3837329414413277
973.5555335362288,0.37797780096694866
973.6555335362289,0.37214086946945024
973.7555335362289,0.3662286403044966
973.8555335362289,0.36024760631262087
973.9555335362289,0.3542042481954906
974.055533536229,0.3481050231065664
974.155533536229,0.3419563534833017
974.255533536229,0.335764616146825
974.355533536229,0.3295361316937676
974.455533536229,0.32327715420355413
974.5555335362291,0.3169938612830698
974.6555335362291,0.31069234446915883
974.7555335362291,0.3043786000079061
974.8555335362291,0.29805852002811023
974.9555335362292,0.2917378841247817
975.0555335362292,0.2854223513668978
975.1555335362292,0.2791174527420287
975.2555335362292,0.2728285840488174
975.3555335362292,0.2665609992466613
975.4555335362293,0.26031980427031176
975.5555335362293,0.25410995131547964
975.6555335362293,0.24793623359993017
975.7555335362293,0.24180328060295692
975.8555335362294,0.23571555378456618
975.9555335362294,0.22967734278417176
976.0555335362294,0.22369276209710953
976.1555335362294,0.21776574822583236
976.2555335362294,0.211900057301245
976.3555335362295,0.206099263168289
976.4555335362295,0.2003667559285967
976.5555335362295,0.19470574093179802
976.6555335362295,0.18911923820589602
976.7555335362296,0.1836100823160228
976.8555335362296,0.17818092263985152
976.9555335362296,0.17283422404697882
977.0555335362296,0.16757226796869748
977.1555335362297,0.162397153843766
977.2555335362297,0.15731080092503635
977.3555335362297,0.1523149504311393
977.4555335362297,0.14741116802683543
977.5555335362297,0.14260084661512804
977.6555335362298,0.13788520942379784
977.7555335362298,0.1332653133686587
977.8555335362298,0.12874205267554592
977.9555335362298,0.12431616274283716
978.0555335362299,0.11998822422616294
978.1555335362299,0.11575866732689293
978.2555335362299,0.11162777626597965
978.3555335362299,0.10759569392480348
978.45553353623,0.10366242663478666
978.55553353623,0.09982784909772939
978.65553353623,0.09609170941906292
978.75553353623,0.09245363423651123
978.85553353623,0.08891313392700129
978.9555335362301,0.08546960787505618
979.0555335362301,0.08212234978634729
979.1555335362301,0.07887055303056278
979.2555335362301,0.07571331599826761
979.3555335362302,0.0726496474569854
979.4555335362302,0.06967847189231562
979.5555335362302,0.06679863482050948
979.6555335362302,0.06400890805956497
979.7555335362302,0.06130799494655366
979.8555335362303,0.05869453548956484
979.9555335362303,0.05616711144333668
980.0555335362303,0.05372425129833889
980.1555335362303,0.05136443517377309
980.2555335362304,0.04908609960566242
980.3555335362304,0.04688764222190816
980.4555335362304,0.04476742629689516
980.5555335362304,0.042723785178927824
980.6555335362305,0.0407550265844699
980.7555335362305,0.03885943675384442
980.8555335362305,0.03703528446371983
980.9555335362305,0.03528082489236575
981.0555335362305,0.03359430333430078
981.1555335362306,0.031973958761578415
981.2555335362306,0.03041802722955907
981.3555335362306,0.02892474512559876
981.4555335362306,0.027492352259644318
981.5555335362307,0.026119094796261604
981.6555335362307,0.024803228028134346
981.7555335362307,0.023543018991558556
981.8555335362307,0.022336748924917747
981.9555335362307,0.02118271557155799
982.0555335362308,0.020079235328889906
982.1555335362308,0.01902464524592424
982.2555335362308,0.018017304871800744
982.3555335362308,0.017055597958196125
982.4555335362309,0.01613793401879497
982.5555335362309,0.0152627497492796
982.6555335362309,0.014428510311539881
982.7555335362309,0.013633710486023238
982.855533536231,0.012876875696338538
982.955533536231,0.012156562910396199
983.055533536231,0.011471361422511381
983.155533536231,0.010819893521017742
983.255533536231,0.010200815046037646
983.3555335362311,0.009612815842131086
983.4555335362311,0.009054620110601083
983.5555335362311,0.008524986666269028
983.6555335362311,0.008022709103550124
983.7555335362312,0.007546615876657865
983.8555335362312,0.007095570298748578
983.9555335362312,0.006668470464783064
984.0555335362312,0.0062642491028339605
984.1555335362312,0.005881873358505048
984.2555335362313,0.005520344517053877
984.3555335362313,0.005178697667722824
984.4555335362313,0.004856001314686364
984.5555335362313,0.00455135693891619
984.6555335362314,0.004263898515150707
984.7555335362314,0.003992791988032768
984.8555335362314,0.003737234711350714
984.9555335362314,0.003496454854182748
985.0555335362315,0.003269710777605292
985.1555335362315,0.0030562903854824885
985.2555335362315,0.002855510452707416
985.3555335362315,0.002666715934116719
985.4555335362315,0.0024892792571498605
985.5555335362316,0.0023225996011727547
985.6555335362316,0.0021661021662339503
985.7555335362316,0.002019237433870232
985.8555335362316,0.0018814804224281114
985.9555335362317,0.0017523299392188513
986.0555335362317,0.0016313078316776714
986.1555335362317,0.0015179582395532438
986.2555335362317,0.001411846850011844
986.3555335362317,0.0013125601574018805
986.4555335362318,0.0012197047292894793
986.5555335362318,0.0011329064802443859
986.6555335362318,0.0010518099547281912
986.7555335362318,0.0009760776203137933
986.8555335362319,0.0009053891723463811
986.9555335362319,0.0008394408510421175
987.0555335362319,0.0007779447719113833
987.1555335362319,0.000720628270288809
987.255533536232,0.0006672332606526293
987.355533536232,0.0006175156113210065
987.455533536232,0.0005712445350230766
987.555533536232,0.00052820199575738
987.655533536232,0.00048818213227019256
987.7555335362321,0.00045099069841087467
987.8555335362321,0.0004164445205507872
987.9555335362321,0.00038437097218633364
988.0555335362321,0.00035460746578536845
988.1555335362322,0.00032700096187928085
988.2555335362322,0.0003014074953505393
988.3555335362322,0.00027769171881713716
988.4555335362322,0.00025572646297115036
988.5555335362322,0.00023539231368830066
988.6555335362323,0.00021657720568890864
988.7555335362323,0.00019917603249773464
988.8555335362323,0.00018309027242079467
988.9555335362323,0.00016822763023115547
989.0555335362324,0.0001545016942327566
989.1555335362324,0.00014183160835136996
989.2555335362324,0.00013014175888467175
989.3555335362324,0.00011936147552894497
989.4555335362325,0.00010942474628796475
989.5555335362325,0.00010026994586001868
989.6555335362325,9.183957709157327e-05
989.7555335362325,8.40800250807311e-05
989.8555335362325,7.69413235101122e-05
989.9555335362326,7.0376932787056e-05
990.0555335362326,6.434352956888584e-05
990.1555335362326,5.880080725231614e-05
990.2555335362326,5.3711287008743745e-05
990.3555335362327,4.90401389510567e-05
990.4555335362327,4.475501302257686e-05
990.5555335362327,4.082587920472025e-05
990.6555335362327,3.722487664680769e-05
990.7555335362327,3.392617132907315e-05
990.8555335362328,3.090582187821437e-05
990.9555335362328,2.8141653163711702e-05
991.0555335362328,2.561313731251779e-05
991.1555335362328,2.3301281789522132e-05
991.2555335362329,2.118852420133365e-05
991.3555335362329,1.9258633491342392e-05
991.4555335362329,1.7496617204642802e-05
991.5555335362329,1.5888634512175987e-05
991.655533536233,1.4421914694313029e-05
991.755533536233,1.308468079501123e-05
991.855533536233,1.1866078168581306e-05
991.955533536233,1.0756107651962794e-05
992.055533536233,9.745563106184444e-06
992.1555335362331,8.825973081345013e-06
992.2555335362331,7.98954636996398e-06
992.3555335362331,7.229121223889689e-06
992.4555335362331,6.538118020092946e-06
992.5555335362332,5.910495170596106e-06
992.6555335362332,5.340708081473022e-06
992.7555335362332,4.823670975289516e-06
992.8555335362332,4.354721400524201e-06
992.9555335362332,3.9295872604061705e-06
993.0555335362333,3.5443562022200245e-06
993.1555335362333,3.1954472164552443e-06
993.2555335362333,2.8795843032108403e-06
993.3555335362333,2.5937720710055414e-06
993.4555335362334,2.33527314058686e-06
993.5555335362334,2.101587233480524e-06
993.6555335362334,1.8904318318754313e-06
993.7555335362334,1.6997243030019e-06
993.8555335362335,1.5275653874360482e-06
993.9555335362335,1.3722239567547797e-06
994.0555335362335,1.2321229516800903e-06
994.1555335362335,1.1058264172934091e-06
994.2555335362335,9.920275570774556e-07
994.3555335362336,8.895377324615366e-07
994.4555335362336,7.972763392134452e-07
994.5555335362336,7.142614964452502e-07
994.6555335362336,6.396014881888717e-07
994.7555335362337,5.724869014588167e-07
994.8555335362337,5.121834084619615e-07
994.9555335362337,4.580251441460833e-07
995.0555335362337,4.0940863360862597e-07
995.1555335362337,3.6578722702292865e-07
995.2555335362338,3.266660026894274e-07
995.3555335362338,2.915971015923932e-07
995.4555335362338,2.6017545944649344e-07
995.5555335362338,2.320349046601578e-07
995.6555335362339,2.0684459293190718e-07
995.7555335362339,1.8430575133935052e-07
995.8555335362339,1.641487067857394e-07
995.9555335362339,1.4613017554312584e-07
996.055533536234,1.3003079238123677e-07
996.155533536234,1.1565285940398587e-07
996.255533536234,1.0281829623757332e-07
996.355533536234,9.136677463172523e-08
996.455533536234,8.115402185479462e-08
996.5555335362341,7.205027849002433e-08
996.6555335362341,6.393889737979387e-08
996.7555335362341,5.671507152244863e-08
996.8555335362341,5.028467970741114e-08
996.9555335362342,4.456323958352465e-08
997.0555335362342,3.947495869756361e-08
997.1555335362342,3.495187481893765e-08
997.2555335362342,3.0933077586932037e-08
997.3555335362342,2.73640041823017e-08
997.4555335362343,2.4195802339359165e-08
997.5555335362343,2.138475458137672e-08
997.6555335362343,1.8891758084454757e-08
997.7555335362343,1.6681855056099624e-08
997.8555335362344,1.4723808957539759e-08
997.9555335362344,1.2989722306027402e-08
998.0555335362344,1.1454692167614574e-08
998.1555335362344,1.0096499794571388e-08
998.2555335362345,8.895331177005305e-09
998.3555335362345,7.833525567454764e-09
998.4555335362345,6.8953493022612284e-09
998.5555335362345,6.066792486213793e-09
998.6555335362345,5.3353863290403494e-09
998.7555335362346,4.6900391253956676e-09
998.8555335362346,4.120889055567016e-09
998.9555335362346,3.6191721535732754e-09
999.0555335362346,3.177103943968482e-09
999.1555335362347,2.7877733896725446e-09
999.2555335362347,2.4450479216561196e-09
999.3555335362347,2.143488438331161e-09
999.4555335362347,1.8782732689986684e-09
999.5555335362347,1.6451301925617718e-09
999.6555335362348,1.4402756907399885e-09
999.7555335362348,1.2603606949715287e-09
999.8555335362348,1.1024221587571875e-09
999.9555335362348,9.638398530214761e-10
1000.0555335362349,8.422978417311776e-10
1000.1555335362349,7.35750149059843e-10
1000.2555335362349,6.423901783155851e-10
1000.3555335362349,5.606234871153364e-10
1000.455533536235,4.890435633100828e-10
1000.555533536235,4.2641028232652544e-10
1000.655533536235,3.7163075924239346e-10
1000.755533536235,3.237423383774381e-10
1000.855533536235,2.8189748975394325e-10
1000.9555335362351,2.453504057285362e-10
1001.0555335362351,2.1344511266664002e-10
1001.1555335362351,1.8560493194623806e-10
1001.2555335362351,1.6132314204285929e-10
1001.3555335362352,1.4015470914913624e-10
1001.4555335362352,1.2170896788915476e-10
1001.5555335362352,1.0564314635439029e-10
1001.6555335362352,9.165664105427091e-11
1001.7555335362352,7.948595756762924e-11
1001.8555335362353,6.890024181696547e-11
1001.9555335362353,5.969733507028478e-11
1002.0555335362353,5.170029310024916e-11
1002.1555335362353,4.475431648343112e-11
1002.2555335362354,3.872404488143693e-11
1002.3555335362354,3.3491173380908456e-11
1002.4555335362354,2.8952353644534007e-11
1002.5555335362354,2.5017346797635476e-11
1002.6555335362355,2.1607398696470867e-11
1002.7555335362355,1.865381154185886e-11
1002.8555335362355,1.609668875722047e-11
1002.9555335362355,1.3883832681575199e-11
1003.0555335362355,1.1969776969586875e-11
1003.1555335362356,1.0314937673127928e-11
1003.2555335362356,8.884868829626279e-12
1003.3555335362356,7.649610026469334e-12
1003.4555335362356,6.583114870216997e-12
1003.5555335362357,5.662750584274857e-12
1003.6555335362357,4.8688601068969015e-12
1003.7555335362357,4.184379078948832e-12
1003.8555335362357,3.5945010121109842e-12
1003.9555335362357,3.086384725975281e-12
1004.0555335362358,2.648898848262003e-12
1004.1555335362358,2.272398796404961e-12
1004.2555335362358,1.948532210178636e-12
1004.3555335362358,1.6700692920365654e-12
1004.4555335362359,1.4307549416798539e-12
1004.5555335362359,1.2251799505662726e-12
1004.6555335362359,1.0486688563865217e-12
1004.7555335362359,8.971823521163398e-13
1004.855533536236,7.672324036787992e-13
1004.955533536236,6.558084585854707e-13
1005.055533536236,5.603133287824664e-13
1005.155533536236,4.785075075137107e-13
