960.3555335362258,0.9951280400080195
960.4555335362259,0.9987590949768773
960.5555335362259,1.0024424005017671
960.6555335362259,1.0061773609104747
960.7555335362259,1.0099633261064673
960.855533536226,1.0137995909020923
960.955533536226,1.017685394406164
961.055533536226,1.021619919468197
961.155533536226,1.0256022921815
961.255533536226,1.0296315814472923
961.3555335362261,1.0337067986019448
961.4555335362261,1.0378268971093825
961.5555335362261,1.041990772320618
961.6555335362261,1.046197261302311
961.7555335362262,1.0504451427361583
961.8555335362262,1.0547331368908504
961.9555335362262,1.059059905668217
962.0555335362262,1.063424052725105
962.1555335362262,1.0678241236724173
962.2555335362263,1.0722586063526383
962.3555335362263,1.0767259311970623
962.4555335362263,1.0812244716638137
962.5555335362263,1.0857525447576342
962.6555335362264,1.090308411632284
962.7555335362264,1.0948902782762682
962.8555335362264,1.099496296282471
962.9555335362264,1.1041245637021353
963.0555335362264,1.1087731259834872
963.1555335362265,1.1134399769951568
963.2555335362265,1.1181230601343983
963.3555335362265,1.1228202695199616
963.4555335362265,1.127529451269309
963.5555335362266,1.1322484048597237
963.6555335362266,1.1369748845726866
963.7555335362266,1.1417066010207488
963.8555335362266,1.1464412227559586
963.9555335362267,1.1511763779587452
964.0555335362267,1.155909656205998
964.1555335362267,1.1606386103169142
964.2555335362267,1.1653607582750325
964.3555335362267,1.1700735852247033
964.4555335362268,1.1747745455400893
964.5555335362268,1.1794610649646287
964.6555335362268,1.1841305428187376
964.7555335362268,1.1887803542733772
964.8555335362269,1.193407852686948
964.9555335362269,1.1980103720028392
965.0555335362269,1.2025852292048014
965.1555335362269,1.2071297268271786
965.255533536227,1.2116411555168904
965.355533536227,1.2161167966439297
965.455533536227,1.220553924957001
965.555533536227,1.2249498112808126
965.655533536227,1.2293017252514118
965.7555335362271,1.2336069380858405
965.8555335362271,1.237862725382283
965.9555335362271,1.2420663699467809
966.0555335362271,1.2462151646424957
966.1555335362272,1.2503064152574133
966.2555335362272,1.2543374433863077
966.3555335362272,1.2583055893227146
966.4555335362272,1.2622082149565965
966.5555335362272,1.266042706673333
966.6555335362273,1.26980647824962
966.7555335362273,1.2734969737418282
966.8555335362273,1.2771116703623404
966.9555335362273,1.2806480813393666
967.0555335362274,1.284103758755727
967.1555335362274,1.2874762963620956
967.2555335362274,1.290763332360193
967.3555335362274,1.2939625521514488
967.4555335362274,1.2970716910466682
967.5555335362275,1.3000885369322799
967.6555335362275,1.303010932888784
967.7555335362275,1.3058367797570756
967.8555335362275,1.3085640386483788
967.9555335362276,1.3111907333936015
968.0555335362276,1.313714952928003
968.1555335362276,1.3161348536071547
968.2555335362276,1.318448661450274
968.3555335362277,1.3206546743071188
968.4555335362277,1.3227512639447498
968.5555335362277,1.3247368780505822
968.6555335362277,1.3266100421482938
968.7555335362277,1.328369361423285
968.8555335362278,1.330013522454537
968.9555335362278,1.331541294849872
969.0555335362278,1.3329515327817738
969.1555335362278,1.3342431764211016
969.2555335362279,1.3354152532661931
969.3555335362279,1.3364668793650465
969.4555335362279,1.3373972604284363
969.5555335362279,1.3382056928320292
969.655533536228,1.3388915645057373
969.755533536228,1.3394543557087633
969.855533536228,1.3398936396889776
969.955533536228,1.3402090832254847
970.055533536228,1.3404004470534336
970.1555335362281,1.3404675861703423
970.2555335362281,1.340365653692378
970.3555335362281,1.3400424821418064
970.4555335362281,1.3394984326306763
970.5555335362282,1.338734242110112
970.6555335362282,1.3377509445947264
970.7555335362282,1.3365498688388484
970.8555335362282,1.3351326353527209
970.9555335362282,1.3335011527681147
971.0555335362283,1.3316576135648317
971.1555335362283,1.3296044891715655
971.2555335362283,1.327344524456516
971.3555335362283,1.3248807316250366
971.4555335362284,1.322216383543385
971.5555335362284,1.3193550065093862
971.6555335362284,1.3163003724924542
971.7555335362284,1.313056490866979
971.8555335362284,1.3096275996645423
971.9555335362285,1.3060181563717888
972.0555335362285,1.3022328283020326
972.1555335362285,1.2982764825698276
972.2555335362285,1.2941541756987593
972.3555335362286,1.2898711428936327
972.4555335362286,1.285432787009029
972.5555335362286,1.280844667246877
972.6555335362286,1.2761124876162355
972.7555335362287,1.2712420851889148
972.8555335362287,1.266239418184862
972.9555335362287,1.2611105539214178
973.0555335362287,1.2558616566606042
973.1555335362287,1.2504989753885338
973.2555335362288,1.2450288315608393
973.3555335362288,1.2394576068477166
973.4555335362288,1.2337917309117477
973.5555335362288,1.228037669251129
973.6555335362289,1.2222019111402878
973.7555335362289,1.2162909576991123
973.8555335362289,1.2103113101211722
973.9555335362289,1.204269458090354
974.055533536229,1.1981718684142972
974.155533536229,1.1920249739018967
974.255533536229,1.1858351625109254
974.355533536229,1.1796087667905684
974.455533536229,1.1733520536423048
974.5555335362291,1.1670712144211806
974.6555335362291,1.160772355398055
974.7555335362291,1.1544614886019084
974.8555335362291,1.148144523059751
974.9555335362292,1.141827256450104
975.0555335362292,1.1355153671844251
975.1555335362292,1.12921440692923
975.2555335362292,1.1229297935800377
975.3555335362292,1.1166668046966255
975.4555335362293,1.1104305714074576
975.5555335362293,1.1042260727895137
975.6555335362293,1.0980581307281454
975.7555335362293,1.0919314052599933
975.8555335362294,1.0858503904004326
975.9555335362294,1.079819410455487
976.0555335362294,1.0738426168166582
976.1555335362294,1.0679239852356572
976.2555335362294,1.0620673135746326
976.3555335362295,1.0562762200261229
976.4555335362295,1.0505541417956736
976.5555335362295,1.0449043342388118
976.6555335362295,1.039329870442899
976.7555335362296,1.0338336412432694
976.8555335362296,1.028418355662016
976.9555335362296,1.0230865417568147
977.0555335362296,1.017840547866272
977.1555335362297,1.0126825442374543
977.2555335362297,1.0076145250205006
977.3555335362297,1.002638310614541
977.4555335362297,0.9977555503485389
977.5555335362297,0.9929677254801441
977.6555335362298,0.9882761524951875
977.7555335362298,0.9836819866900726
977.8555335362298,0.9791862260190041
977.9555335362298,0.9747897151877665
978.0555335362299,0.9704931499755904
978.1555335362299,0.9662970817665565
978.2555335362299,0.9622019222719491
978.3555335362299,0.9582079484250108
978.45553353623,0.9543153074296371
978.55553353623,0.950524021944713
978.65553353623,0.9468339953859929
978.75553353623,0.9432450173276973
978.85553353623,0.9397567689863046
978.9555335362301,0.9363688287693809
979.0555335362301,0.9330806778726887
979.1555335362301,0.9298917059092611
979.2555335362301,0.9268012165546045
979.3555335362302,0.9238084331927036
979.4555335362302,0.9209125045480486
979.5555335362302,0.9181125102894631
979.6555335362302,0.9154074665921103
979.7555335362302,0.9127963316446571
979.8555335362303,0.9102780110892057
979.9555335362303,0.9078513633822354
980.0555335362303,0.9055152050654497
980.1555335362303,0.9032683159360748
980.2555335362304,0.9011094441068123
980.3555335362304,0.8990373109463098
980.4555335362304,0.8970506158916701
980.5555335362304,0.8951480411251667
980.6555335362305,0.8933282561079858
980.7555335362305,0.8915899219644468
980.8555335362305,0.8899316957107789
980.9555335362305,0.8883522343231479
981.0555335362305,0.8868501986402189
981.1555335362306,0.8854242570961287
981.2555335362306,0.8840730892803021
981.3555335362306,0.8827953893210915
981.4555335362306,0.8815898690907472
981.5555335362307,0.8804552612297301
981.6555335362307,0.8793903219888584
981.7555335362307,0.8783938338882471
981.8555335362307,0.877464608192435
981.9555335362307,0.8766014872015091
982.0555335362308,0.8758033463584347
982.1555335362308,0.8750690961731663
982.2555335362308,0.8743976839644656
982.3555335362308,0.8737880954206788
982.4555335362309,0.8732393559810303
982.5555335362309,0.8727505320392733
982.6555335362309,0.8723207319718005
982.7555335362309,0.8719491069925607
982.855533536231,0.8716348518373531
982.955533536231,0.871377205280272
983.055533536231,0.871175450485268
983.155533536231,0.8710289151959587
983.255533536231,0.8709369717669817
983.3555335362311,0.8708990370403213
983.4555335362311,0.8709145720701731
983.5555335362311,0.8709830817000217
983.6555335362311,0.8711041139957177
983.7555335362312,0.8712772595384309
983.8555335362312,0.8715021505814463
983.9555335362312,0.8717784600748459
984.0555335362312,0.8721059005621946
984.1555335362312,0.8724842229534088
984.2555335362313,0.8729132151780563
984.3555335362313,0.8733927007233852
984.4555335362313,0.8739225370614413
984.5555335362313,0.8745026139696821
984.6555335362314,0.8751328517495492
984.7555335362314,0.8758131993475118
984.8555335362314,0.8765436323831439
984.9555335362314,0.8773241510888528
985.0555335362315,0.8781547781659251
985.1555335362315,0.8790355565616167
985.2555335362315,0.8799665471720648
985.3555335362315,0.8809478264758628
985.4555335362315,0.8819794841031996
985.5555335362316,0.8830616203455265
985.6555335362316,0.884194343610786
985.7555335362316,0.885377767829302
985.8555335362316,0.8866120098155046
985.9555335362317,0.8878971865907364
986.0555335362317,0.8892334126724619
986.1555335362317,0.8906207973352805
986.2555335362317,0.8920594418492206
986.3555335362317,0.8935494367008711
986.4555335362318,0.8950908588029887
986.5555335362318,0.8966837686982934
986.6555335362318,0.8983282077632446
986.7555335362318,0.9000241954176673
986.8555335362319,0.9017717263461643
986.9555335362319,0.9035707677373276
987.0555335362319,0.9054212565468197
987.1555335362319,0.9073230967904591
987.255533536232,0.9092761568734959
987.355533536232,0.9112802669623092
987.455533536232,0.9133352164047982
987.555533536232,0.9154407512057635
987.655533536232,0.9175965715636019
987.7555335362321,0.9198023294746352
987.8555335362321,0.9220576264114044
987.9555335362321,0.9243620110812288
988.0555335362321,0.9267149772713154
988.1555335362322,0.9291159617866478
988.2555335362322,0.9315643424868332
988.3555335362322,0.9340594364280059
988.4555335362322,0.9366004981157993
988.5555335362322,0.9391867178752842
988.6555335362323,0.9418172203436513
988.7555335362323,0.9444910630912651
988.8555335362323,0.9472072353765574
988.9555335362323,0.9499646570400468
989.0555335362324,0.9527621775425638
989.1555335362324,0.9555985751525453
989.2555335362324,0.9584725562870213
989.3555335362324,0.9613827550106513
989.4555335362325,0.9643277326968946
989.5555335362325,0.9673059778550952
989.6555335362325,0.9703159061269443
989.7555335362325,0.9733558604554482
989.8555335362325,0.9764241114291735
989.9555335362326,0.9795188578041667
990.0555335362326,0.9826382272055594
990.1555335362326,0.9857802770104614
990.2555335362326,0.9889429954133251
990.3555335362327,0.9921243026745263
990.4555335362327,0.9953220525524639
990.5555335362327,0.9985340339190107
990.6555335362327,1.001757972557689
990.7555335362327,1.004991533143451
990.8555335362328,1.008232321402464
990.9555335362328,1.011477886449803
991.0555335362328,1.0147257233024507
991.1555335362328,1.0179732755645017
991.2555335362329,1.0212179382809672
991.3555335362329,1.0244570609560641
991.4555335362329,1.0276879507313736
991.5555335362329,1.0309078757187513
991.655533536233,1.034114068482383
991.755533536233,1.0373037296638823
991.855533536233,1.040474031743859
991.955533536233,1.0436221229329146
992.055533536233,1.0467451311845675
992.1555335362331,1.0498401683221734
992.2555335362331,1.052904334271483
992.3555335362331,1.0559347213900727
992.4555335362331,1.0589284188845052
992.5555335362332,1.0618825173057056
992.6555335362332,1.0647941131127139
992.7555335362332,1.0676603132946425
992.8555335362332,1.0704782400403998
992.9555335362332,1.073245035445467
993.0555335362333,1.0759578662447913
993.1555335362333,1.0786139285606637
993.2555335362333,1.0812104526542727
993.3555335362333,1.0837447076694982
993.4555335362334,1.0862140063574075
993.5555335362334,1.0886157097698483
993.6555335362334,1.0909472319104974
993.7555335362334,1.0932060443317404
993.8555335362335,1.0953896806657848
993.9555335362335,1.0974957410784931
994.0555335362335,1.0995218966345368
994.1555335362335,1.1014658935626154
994.2555335362335,1.1033255574096765
994.3555335362336,1.1050987970732933
994.4555335362336,1.1067836087016119
994.5555335362336,1.108378079450574
994.6555335362336,1.1098803910884465
994.7555335362337,1.1112888234380516
994.8555335362337,1.1126017576474774
994.9555335362337,1.1138176792804795
995.0555335362337,1.1149351812182295
995.1555335362337,1.1159529663645518
995.2555335362338,1.1168698501472976
995.3555335362338,1.117684762809036
995.4555335362338,1.1183967514808013
995.5555335362338,1.1190049820332104
995.6555335362339,1.1195087406998672
995.7555335362339,1.1199074354685774
995.8555335362339,1.1202005972365408
995.9555335362339,1.1203878807263157
996.055533536234,1.1204690651600224
996.155533536234,1.1204461252576003
996.255533536234,1.12032440429176
996.355533536234,1.1201043033138434
996.455533536234,1.1197860626147027
996.5555335362341,1.1193700294819098
996.6555335362341,1.1188566575662988
996.7555335362341,1.1182465060559026
996.8555335362341,1.1175402386593738
996.9555335362342,1.1167386224014617
997.0555335362342,1.1158425262335863
997.1555335362342,1.1148529194630217
997.2555335362342,1.1137708700046496
997.3555335362342,1.1125975424596868
997.4555335362343,1.1113341960262106
997.5555335362343,1.109982182246725
997.6555335362343,1.1085429425983935
997.7555335362343,1.107018005931947
997.8555335362344,1.1054089857656275
997.9555335362344,1.1037175774408603
998.0555335362344,1.1019455551466688
998.1555335362344,1.100094768820131
998.2555335362345,1.098167140930446
998.3555335362345,1.0961646631544268
998.4555335362345,1.0940893929514537
998.5555335362345,1.0919434500461156
998.6555335362345,1.0897290128269421
998.7555335362346,1.0874483146697655
998.8555335362346,1.0851036401943799
998.9555335362346,1.0826973214632427
999.0555335362346,1.0802317341310472
999.1555335362347,1.0777092935540136
999.2555335362347,1.07513245086778
999.3555335362347,1.0725036890427444
999.4555335362347,1.0698255189256831
999.5555335362347,1.0671004752764006
999.6555335362348,1.0643311128080801
999.7555335362348,1.0615200022398945
999.8555335362348,1.0586697263702962
999.9555335362348,1.055782876179252
1000.0555335362349,1.0528620469675034
1000.1555335362349,1.0499098345407385
1000.2555335362349,1.0469288314463328
1000.3555335362349,1.0439216232700805
1000.455533536235,1.0408907850000788
1000.555533536235,1.0378388774646503
1000.655533536235,1.0347684438509015
1000.755533536235,1.0316820063102023
1000.855533536235,1.028582062656561
1000.9555335362351,1.0254710831635305
1001.0555335362351,1.022351507464944
1001.1555335362351,1.0192257415644217
1001.2555335362351,1.016096154958237
1001.3555335362352,1.0129650778757542
1001.4555335362352,1.0098347986412866
1001.5555335362352,1.0067075611608383
1001.6555335362352,1.0035855625368193
1001.7555335362352,1.0004709508134364
1001.8555335362353,0.9973658228550851
1001.9555335362353,0.9942722223596807
1002.0555335362353,0.9911921380084916
1002.1555335362353,0.9881275017536594
1002.2555335362354,0.9850801872442176
1002.3555335362354,0.9820520083910567
1002.4555335362354,0.9790447180709196
1002.5555335362354,0.9760600069691636
1002.6555335362355,0.9730995025606757
1002.7555335362355,0.9701647682279986
1002.8555335362355,0.9672573025153975
1002.9555335362355,0.964378538517286
1003.0555335362355,0.9615298433991267
1003.1555335362356,0.9587125180486374
1003.2555335362356,0.9559277968548541
1003.3555335362356,0.9531768476123427
1003.4555335362356,0.9504607715476054
1003.5555335362357,0.9477806034644923
1003.6555335362357,0.9451373120052133
1003.7555335362357,0.9425318000233455
1003.8555335362357,0.9399649050650388
1003.9555335362357,0.9374373999544618
1004.0555335362358,0.9349499934793651
1004.1555335362358,0.932503331172509
1004.2555335362358,0.9300979961845777
1004.3555335362358,0.927734510244094
1004.4555335362359,0.9254133346997622
1004.5555335362359,0.9231348716405874
1004.6555335362359,0.9208994650890672
1004.7555335362359,0.9187074022627003
1004.855533536236,0.9165589148990334
1004.955533536236,0.9144541806394518
1005.055533536236,0.9123933244669179
1005.155533536236,0.9103764201928786
