960.3555335362258,3.5180814617164656e-12
960.4555335362259,4.047249506496131e-12
960.5555335362259,4.654183413384132e-12
960.6555335362259,5.350032710218875e-12
960.7555335362259,6.147503836770997e-12
960.855533536226,7.061071473507049e-12
960.955533536226,8.107217688752938e-12
961.055533536226,9.304702445647786e-12
961.155533536226,1.0674869444787767e-11
961.255533536226,1.224199176413261e-11
961.3555335362261,1.4033662300329383e-11
961.4555335362261,1.6081234621463485e-11
961.5555335362261,1.842032051740839e-11
961.6555335362261,2.1091351288186074e-11
961.7555335362262,2.4140210651657047e-11
961.8555335362262,2.7618948088911383e-11
961.9555335362262,3.1586582489378806e-11
962.0555335362262,3.611000711946034e-11
962.1555335362262,4.126500823108579e-11
962.2555335362263,4.7137411064035996e-11
962.3555335362263,5.382436859350711e-11
962.4555335362263,6.143581014918458e-11
962.5555335362263,7.009606900264929e-11
962.6555335362264,7.994571020668972e-11
962.7555335362264,9.114358239551868e-11
962.8555335362264,1.0386911994359486e-10
962.9555335362264,1.183249248597473e-10
963.0555335362264,1.3473966109219168e-10
963.1555335362265,1.5337129757124145e-10
963.2555335362265,1.7451074035544875e-10
963.3555335362265,1.9848589871250117e-10
963.4555335362265,2.256662349006638e-10
963.5555335362266,2.5646785286643894e-10
963.6555335362266,2.9135918708975307e-10
963.7555335362266,3.308673594447018e-10
963.8555335362266,3.7558527926180226e-10
963.9555335362267,4.261795698421924e-10
964.0555335362267,4.833994135568511e-10
964.1555335362267,5.480864174420495e-10
964.2555335362267,6.211856119604441e-10
964.3555335362267,7.037577074270388e-10
964.4555335362268,7.96992745600348e-10
964.5555335362268,9.022252982192304e-10
964.6555335362268,1.0209513799425856e-09
964.7555335362268,1.1548472603486246e-09
964.8555335362269,1.305790378510863e-09
964.9555335362269,1.4758825843372245e-09
965.0555335362269,1.6674759534979967e-09
965.1555335362269,1.883201447550789e-09
965.255533536227,2.126000717984158e-09
965.355533536227,2.399161382547827e-09
965.455533536227,2.7063561346341008e-09
965.555533536227,3.0516860818580898e-09
965.655533536227,3.4397287486041427e-09
965.7555335362271,3.875591219436414e-09
965.8555335362271,4.364968946202335e-09
965.9555335362271,4.9142107917042945e-09
966.0555335362271,5.530390937311688e-09
966.1555335362272,6.221388341193343e-09
966.2555335362272,6.995974498355895e-09
966.3555335362272,7.86391032378873e-09
966.4555335362272,8.83605305618306e-09
966.5555335362272,9.924474162381893e-09
966.6555335362273,1.1142589312435204e-08
966.7555335362273,1.250530159241329e-08
966.8555335362273,1.4029159227546855e-08
966.9555335362273,1.5732529202420564e-08
967.0555335362274,1.7635788288497243e-08
967.1555335362274,1.9761533122877047e-08
967.2555335362274,2.213481112663365e-08
967.3555335362274,2.4783374207087324e-08
967.4555335362274,2.7737957356792647e-08
967.5555335362275,3.103258444371052e-08
967.6555335362275,3.4704903682899506e-08
967.7555335362275,3.879655549109078e-08
967.8555335362275,4.335357565270037e-08
967.9555335362276,4.8426836970275885e-08
968.0555335362276,5.4072532835187655e-08
968.1555335362276,6.035270643675609e-08
968.2555335362276,6.733582963119331e-08
968.3555335362277,7.509743581704485e-08
968.4555335362277,8.372081151260215e-08
968.5555335362277,9.329775170446317e-08
968.6555335362277,1.0392938443651707e-07
968.7555335362277,1.1572707053670049e-07
968.8555335362278,1.2881338483651284e-07
968.9555335362278,1.4332318572717975e-07
969.0555335362278,1.5940478041825768e-07
969.1555335362278,1.7722119382118567e-07
969.2555335362279,1.9695154957368526e-07
969.3555335362279,2.1879257235287602e-07
969.4555335362279,2.429602212975773e-07
969.5555335362279,2.6969146507543135e-07
969.655533536228,2.9924620989038605e-07
969.755533536228,3.319093925328331e-07
969.855533536228,3.679932514304379e-07
969.955533536228,4.0783978956470205e-07
970.055533536228,4.5182344407879575e-07
970.1555335362281,5.003539784184117e-07
970.2555335362281,5.538796139216894e-07
970.3555335362281,6.128904189088957e-07
970.4555335362281,6.779219745197863e-07
970.5555335362282,7.495593378088285e-07
970.6555335362282,8.284413239377877e-07
970.7555335362282,9.152651307040699e-07
970.8555335362282,1.0107913301135566e-06
970.9555335362282,1.1158492532508893e-06
971.0555335362283,1.2313427963199373e-06
971.1555335362283,1.3582566774248493e-06
971.2555335362283,1.4976631754390924e-06
971.3555335362283,1.6507293841681924e-06
971.4555335362284,1.8187250169527183e-06
971.5555335362284,2.003030798883269e-06
971.6555335362284,2.20514748590903e-06
971.7555335362284,2.4267055523180077e-06
971.8555335362284,2.6694755903496186e-06
971.9555335362285,2.935379468070389e-06
972.0555335362285,3.2265022941002324e-06
972.1555335362285,3.545105240320482e-06
972.2555335362285,3.893639276324129e-06
972.3555335362286,4.2747598720831e-06
972.4555335362286,4.6913427281046775e-06
972.5555335362286,5.146500595227259e-06
972.6555335362286,5.643601249162727e-06
972.7555335362287,6.186286687923595e-06
972.8555335362287,6.7784936233765754e-06
972.9555335362287,7.424475341332699e-06
973.0555335362287,8.128825007815498e-06
973.1555335362287,8.896500502433365e-06
973.2555335362288,9.732850863117433e-06
973.3555335362288,1.0643644429860188e-05
973.4555335362288,1.1635098778496948e-05
973.5555335362288,1.2713912539001535e-05
973.6555335362289,1.3887299196208408e-05
973.7555335362289,1.5163022974314893e-05
973.8555335362289,1.6549436909945736e-05
973.9555335362289,1.805552322196535e-05
974.055533536229,1.96909360895838e-05
974.155533536229,2.1466046953607486e-05
974.255533536229,2.3391992458913456e-05
974.355533536229,2.5480725159362795e-05
974.455533536229,2.7745067109389314e-05
974.5555335362291,3.0198766469386906e-05
974.6555335362291,3.28565572547476e-05
974.7555335362291,3.573422236094803e-05
974.8555335362291,3.884865999942212e-05
974.9555335362292,4.2217953681060486e-05
975.0555335362292,4.586144588601806e-05
975.1555335362292,4.97998155600602e-05
975.2555335362292,5.40551595788989e-05
975.3555335362292,5.8651078322837526e-05
975.4555335362293,6.361276550451842e-05
975.5555335362293,6.896710239261266e-05
975.6555335362293,7.474275657388154e-05
975.7555335362293,8.097028539511555e-05
975.8555335362294,8.768224422500653e-05
975.9555335362294,9.491329967396761e-05
976.0555335362294,0.00010270034790725473
976.1555335362294,0.00011108263818342588
976.2555335362294,0.00012010190174613402
976.3555335362295,0.00012980248619247985
976.4555335362295,0.0001402314954355654
976.5555335362295,0.00015143893537247714
976.6555335362295,0.00016347786536163227
976.7555335362296,0.00017640455560518657
976.8555335362296,0.00019027865052300457
976.9555335362296,0.0002051633381944765
977.0555335362296,0.00022112552593318057
977.1555335362297,0.00023823602204700966
977.2555335362297,0.00025656972382285165
977.3555335362297,0.0002762058117601946
977.4555335362297,0.00029722795006209584
977.5555335362297,0.00031972449337474787
977.6555335362298,0.00034378869974838324
977.7555335362298,0.00036951894977244396
977.8555335362298,0.0003970189718167579
977.9555335362298,0.00042639807328791657
978.0555335362299,0.000457771377786093
978.1555335362299,0.0004912600680221608
978.2555335362299,0.0005269916343281648
978.3555335362299,0.0005651001285659618
978.45553353623,0.0006057264232091438
978.55553353623,0.0006490184753422419
978.65553353623,0.0006951315952886415
978.75553353623,0.0007442287195446695
978.85553353623,0.0007964806876619489
978.9555335362301,0.0008520665226833721
979.0555335362301,0.0009111737147000215
979.1555335362301,0.0009739985070569778
979.2555335362301,0.0010407461846954366
979.3555335362302,0.0011116313640767998
979.4555335362302,0.0011868782840915996
979.5555335362302,0.0012667210973122563
979.6555335362302,0.0013514041609039276
979.7555335362302,0.0014411823264621289
979.8555335362303,0.0015363212279995108
979.9555335362303,0.0016370975672572855
980.0555335362303,0.0017437993954694576
980.1555335362303,0.001856726390660408
980.2555335362304,0.0019761901295084518
980.3555335362304,0.0021025143527602943
980.4555335362304,0.002236035223133581
980.5555335362304,0.0023771015745974854
980.6555335362305,0.00252607515187454
980.7555335362305,0.0026833308389609665
980.8555335362305,0.002849256875417726
980.9555335362305,0.0030242550591407856
981.0555335362305,0.0032087409342767023
981.1555335362306,0.0034031439629089422
981.2555335362306,0.0036079076791016886
981.3555335362306,0.0038234898238513125
981.4555335362306,0.004050362459461532
981.5555335362307,0.004289012061827143
981.6555335362307,0.004539939589082636
981.7555335362307,0.004803660525047175
981.8555335362307,0.0050807048958758615
981.9555335362307,0.005371617258309736
982.0555335362308,0.005676956657903452
982.1555335362308,0.005997296555600743
982.2555335362308,0.0063332247210235145
982.3555335362308,0.006685343090841296
982.4555335362309,0.007054267590593981
982.5555335362309,0.007440627918352427
982.6555335362309,0.00784506728861928
982.7555335362309,0.008268242134896134
982.855533536231,0.008710821769373177
982.955533536231,0.009173487998234408
983.055533536231,0.009656934691115227
983.155533536231,0.010161867303299633
983.255533536231,0.01068900234930268
983.3555335362311,0.01123906682654889
983.4555335362311,0.011812797587930652
983.5555335362311,0.01241094066211132
983.6555335362311,0.013034250520526237
983.7555335362312,0.013683489290131716
983.8555335362312,0.014359425911056324
983.9555335362312,0.015062835238421548
984.0555335362312,0.015794497087719274
984.1555335362312,0.016555195223262417
984.2555335362313,0.017345716289361053
984.3555335362313,0.018166848684021006
984.4555335362313,0.01901938137511358
984.5555335362313,0.01990410265912456
984.6555335362314,0.02082179886275719
984.7555335362314,0.021773252987837676
984.8555335362314,0.022759243300151864
984.9555335362314,0.023780541863028675
985.0555335362315,0.02483791301667845
985.1555335362315,0.025932111804492855
985.2555335362315,0.027063882347715982
985.3555335362315,0.028233956170104747
985.4555335362315,0.029443050474408382
985.5555335362316,0.030691866372712387
985.6555335362316,0.03198108707291068
985.7555335362316,0.03331137602379038
985.8555335362316,0.03468337502143511
985.9555335362317,0.036097702279876166
986.0555335362317,0.03755495046914286
986.1555335362317,0.03905568472408597
986.2555335362317,0.040600440627567375
986.3555335362317,0.042189722171827815
986.4555335362318,0.04382399970205785
986.5555335362318,0.04550370784640756
986.6555335362318,0.04722924343687509
986.7555335362318,0.049000963425712155
986.8555335362319,0.05081918280217654
986.9555335362319,0.05268417251464409
987.0555335362319,0.05459615740326692
987.1555335362319,0.056555314148528935
987.255533536232,0.05856176924120191
987.355533536232,0.060615596979346896
987.455533536232,0.06271681749813372
987.555533536232,0.06486539483836481
987.655533536232,0.06706123505969026
987.7555335362321,0.06930418440458302
987.8555335362321,0.07159402751921225
987.9555335362321,0.07393048573740112
988.0555335362321,0.07631321543388866
988.1555335362322,0.07874180645312719
988.2555335362322,0.08121578061984124
988.3555335362322,0.08373459033754738
988.4555335362322,0.08629761728118672
988.5555335362322,0.08890417118995458
988.6555335362323,0.0915534887663211
988.7555335362323,0.09424473268712592
988.8555335362323,0.0969769907324952
988.9555335362323,0.09974927503817434
989.0555335362324,0.10256052147668968
989.1555335362324,0.10540958917255262
989.2555335362324,0.1082952601564953
989.3555335362324,0.11121623916348097
989.4555335362325,0.1141711535789653
989.5555335362325,0.11715855353759384
989.6555335362325,0.12017691217821133
989.7555335362325,0.12322462605872612
989.8555335362325,0.12630001573402208
989.9555335362326,0.12940132649973834
990.0555335362326,0.13252672930434917
990.1555335362326,0.13567432183156775
990.2555335362326,0.13884212975467494
990.3555335362327,0.14202810816393396
990.4555335362327,0.14523014316779992
990.5555335362327,0.14844605366816466
990.6555335362327,0.15167359330940094
990.7555335362327,0.15491045260048056
990.8555335362328,0.1581542612089444
990.9555335362328,0.16140259042499808
991.0555335362328,0.16465295579349684
991.1555335362328,0.16790281991107078
991.2555335362329,0.17114959538512453
991.3555335362329,0.17439064795093157
991.4555335362329,0.1776232997425276
991.5555335362329,0.18084483271259782
991.655533536233,0.18405249219604736
991.755533536233,0.18724349061144585
991.855533536233,0.19041501129404897
991.955533536233,0.1935642124536212
992.055533536233,0.1966882312498199
992.1555335362331,0.19978418797745068
992.2555335362331,0.20284919035347163
992.3555335362331,0.20588033789720755
992.4555335362331,0.2088747263948436
992.5555335362332,0.21182945243889367
992.6555335362332,0.21474161803299097
992.7555335362332,0.21760833525202578
992.8555335362332,0.22042673094735796
992.9555335362332,0.22319395148656518
993.0555335362333,0.22590716751694775
993.1555335362333,0.22856357874180605
993.2555335362333,0.23116041869832818
993.3555335362333,0.23369495952578573
993.4555335362334,0.23616451671262562
993.5555335362334,0.2385664538109734
993.6555335362334,0.24089818710702415
993.7555335362334,0.24315719023579607
993.8555335362335,0.24534099872875592
993.9555335362335,0.247447214482895
994.0555335362335,0.24947351013994387
994.1555335362335,0.2514176333645568
994.2555335362335,0.253277411010478
994.3555335362336,0.25505075316391945
994.4555335362336,0.2567356570536313
994.5555335362336,0.2583302108174362
994.6555335362336,0.2598325971153171
994.7555335362337,0.26124109657950884
994.8555335362337,0.26255409109242767
994.9555335362337,0.2637700668836941
995.0555335362337,0.2648876174379546
995.1555335362337,0.2659054462056834
995.2555335362338,0.2668223691096535
995.3555335362338,0.267637316840293
995.4555335362338,0.2683493369337004
995.5555335362338,0.26895759562666444
995.6555335362339,0.2694613794836328
995.7555335362339,0.2698600967911847
995.8555335362339,0.2701532787161926
995.9555335362339,0.27034058022449875
996.055533536234,0.27042178075758877
996.155533536234,0.27039885523309964
996.255533536234,0.27027714710182243
996.355533536234,0.2700570575754275
996.455533536234,0.26973882708903946
996.5555335362341,0.26932280305999
996.6555335362341,0.2688094392557602
996.7555335362341,0.2681992949691897
996.8555335362341,0.26749303400305274
996.9555335362342,0.26669142346658076
997.0555335362342,0.26579533238698616
997.1555335362342,0.26480573013950537
997.2555335362342,0.2637236846999306
997.3555335362342,0.26255036072404125
997.4555335362343,0.261287017458767
997.5555335362343,0.2599350064903291
997.6555335362343,0.258495769334994
997.7555335362343,0.2569708348784507
997.8555335362344,0.2553618166701772
997.9555335362344,0.2536704100794966
998.0555335362344,0.25189838932033537
998.1555335362344,0.25004760435198997
998.2555335362345,0.24811997766347352
998.3555335362345,0.24611750094925997
998.4555335362345,0.24404223168446304
998.5555335362345,0.2418962896076818
998.6555335362345,0.23968185311991436
998.7555335362346,0.2374011556080851
998.8555335362346,0.23505648170184942
998.9555335362346,0.23265016347242928
999.0555335362346,0.23018457658230185
999.1555335362347,0.22766213639459879
999.2555335362347,0.22508529405109062
999.3555335362347,0.2224565325276146
999.4555335362347,0.2197783626757686
999.5555335362347,0.21705331925962906
999.6555335362348,0.21428395699616307
999.7555335362348,0.21147284660789245
999.8555335362348,0.2086225708962328
999.9555335362348,0.20573572084377073
1000.0555335362349,0.2028148917535641
1000.1555335362349,0.19986267943334698
1000.2555335362349,0.1968816764323013
1000.3555335362349,0.19387446833781574
1000.455533536235,0.19084363013939384
1000.555533536235,0.18779172266659871
1000.655533536235,0.18472128910762942
1000.755533536235,0.18163485161481863
1000.855533536235,0.1785349080030221
1000.9555335362351,0.17542392854653877
1001.0555335362351,0.17230435287985751
1001.1555335362351,0.16917858700717542
1001.2555335362351,0.16604900042527243
1001.3555335362352,0.16291792336395808
1001.4555335362352,0.15978764414793617
1001.5555335362352,0.15666040668355377
1001.6555335362352,0.1535384080735212
1001.7555335362352,0.15042379636230907
1001.8555335362353,0.14731866841454352
1001.9555335362353,0.14422506792834205
1002.0555335362353,0.14114498358515
1002.1555335362353,0.13808034733726374
1002.2555335362354,0.13503303283385223
1002.3555335362354,0.13200485398592415
1002.4555335362354,0.12899756367032592
1002.5555335362354,0.12601285257250489
1002.6555335362355,0.12305234816742688
1002.7555335362355,0.12011761383770335
1002.8555335362355,0.11721014812765951
1002.9555335362355,0.11433138413176083
1003.0555335362355,0.11148268901551557
1003.1555335362356,0.1086653636666811
1003.2555335362356,0.10588064247432781
1003.3555335362356,0.10312969323305171
1003.4555335362356,0.10041361716938099
1003.5555335362357,0.09773344908718823
1003.6555335362357,0.09509015762870318
1003.7555335362357,0.09248464564751972
1003.8555335362357,0.08991775068980298
1003.9555335362357,0.08739024557973417
1004.0555335362358,0.0849028391050749
1004.1555335362358,0.08245617679859528
1004.2555335362358,0.08005084181098782
1004.3555335362358,0.07768735587078263
1004.4555335362359,0.07536618032669
1004.5555335362359,0.07308771726772079
1004.6555335362359,0.07085231071637715
1004.7555335362359,0.06866024789016177
1004.855533536236,0.06651176052662487
1004.955533536236,0.06440702626715464
1005.055533536236,0.062346170094716255
1005.155533536236,0.0603292658207587
