958.1355132469862,1.3734577687864056
958.2355132469862,1.3755400940872917
958.3355132469862,1.3776966529031676
958.4355132469863,1.3799291719823203
958.5355132469863,1.3822393727726652
958.6355132469863,1.3846289687539584
958.7355132469863,1.3870996626686283
958.8355132469864,1.389653143652736
958.9355132469864,1.3922910842688867
959.0355132469864,1.3950151374432327
959.1355132469864,1.3978269333090396
959.2355132469864,1.4007280759596195
959.3355132469865,1.403720140113774
959.4355132469865,1.406804667697244
959.5355132469865,1.4099831643439993
959.6355132469865,1.4132570958215698
959.7355132469866,1.4166278843849627
959.8355132469866,1.420096905064079
959.9355132469866,1.4236654818898875
960.0355132469866,1.427334884064984
960.1355132469866,1.4311063220845057
960.2355132469867,1.4349809438137326
960.3355132469867,1.4389598305290452
960.4355132469867,1.443043992929256
960.5355132469867,1.447234367124661
960.6355132469868,1.4515318106114863
960.7355132469868,1.4559370982397164
960.8355132469868,1.4604509181826022
960.9355132469868,1.4650738679164312
961.0355132469869,1.4698064502194246
961.1355132469869,1.474649069198891
961.2355132469869,1.4796020263560075
961.3355132469869,1.484665516697833
961.435513246987,1.4898396249063632
961.535513246987,1.4951243215746302
961.635513246987,1.5005194595200124
961.735513246987,1.5060247701850664
961.835513246987,1.5116398601363108
961.9355132469871,1.517364207671487
962.0355132469871,1.523197159545888
962.1355132469871,1.5291379278283872
962.2355132469871,1.5351855868978073
962.3355132469871,1.5413390705902548
962.4355132469872,1.5475971695079935
962.5355132469872,1.55395852850035
962.6355132469872,1.5604216443270322
962.7355132469872,1.5669848635140988
962.8355132469873,1.5736463804126386
962.9355132469873,1.580404235470004
963.0355132469873,1.587256313723206
963.1355132469873,1.5942003435237888
963.2355132469874,1.601233895503202
963.3355132469874,1.608354381787328
963.4355132469874,1.615559055468456
963.5355132469874,1.6228450103425667
963.6355132469874,1.6302091809193584
963.7355132469875,1.637648342711956
963.8355132469875,1.6451591128127394
963.9355132469875,1.652737950761185
964.0355132469875,1.6603811597090408
964.1355132469876,1.668084887887557
964.2355132469876,1.6758451303808681
964.3355132469876,1.6836577312089602
964.4355132469876,1.6915183857229854
964.5355132469876,1.6994226433149813
964.6355132469877,1.7073659104433234
964.7355132469877,1.7153434539744996
964.8355132469877,1.7233504048410317
964.9355132469877,1.7313817620145862
965.0355132469878,1.7394323967925334
965.1355132469878,1.7474970573953983
965.2355132469878,1.7555703738718424
965.3355132469878,1.763646863306988
965.4355132469879,1.7717209353290797
965.5355132469879,1.77978689790864
965.6355132469879,1.787838963443456
965.7355132469879,1.795871255121912
965.835513246988,1.8038778135563596
965.935513246988,1.8118526036774054
966.035513246988,1.8197895218792115
966.135513246988,1.8276824034051011
966.235513246988,1.835525029962006
966.3355132469881,1.8433111375515432
966.4355132469881,1.85103442450477
966.5355132469881,1.8586885597069813
966.6355132469881,1.8662671909982236
966.7355132469881,1.8737639537345598
966.8355132469882,1.8811724794945104
966.9355132469882,1.888486404914504
967.0355132469882,1.8956993806366476
967.1355132469882,1.9028050803516048
967.2355132469883,1.9097972099189227
967.3355132469883,1.9166695165467211
967.4355132469883,1.9234157980122908
967.5355132469883,1.9300299119048137
967.6355132469884,1.9365057848711467
967.7355132469884,1.9428374218453826
967.8355132469884,1.9490189152427126
967.9355132469884,1.9550444540980108
968.0355132469884,1.9609083331294705
968.1355132469885,1.9666049617076156
968.2355132469885,1.9721288727100443
968.3355132469885,1.9774747312423564
968.4355132469885,1.982637343205861
968.5355132469886,1.9876116636928658
968.6355132469886,1.99239280519061
968.7355132469886,1.9969760455752108
968.8355132469886,2.0013568358773677
968.9355132469886,2.005530807801984
969.0355132469887,2.0094937809843456
969.1355132469887,2.013241769966019
969.2355132469887,2.0167709908741998
969.3355132469887,2.02007786778889
969.4355132469888,2.0231590387829277
969.5355132469888,2.0260113616206237
969.6355132469888,2.02863191910153
969.7355132469888,2.0310180240366456
969.8355132469889,2.033167223845222
969.9355132469889,2.0350773047612076
970.0355132469889,2.0367462956392712
970.1355132469889,2.038172471351305
970.235513246989,2.0393543557652545
970.335513246989,2.0402907242991493
970.435513246989,2.0409806060441955
970.535513246989,2.041423285451859
970.635513246989,2.041618303580896
970.7355132469891,2.041532260655199
970.8355132469891,2.0410734996226587
970.9355132469891,2.0402374058970114
971.0355132469891,2.039025306132367
971.1355132469891,2.0374391211774867
971.2355132469892,2.0354813610232134
971.3355132469892,2.033155118205526
971.4355132469892,2.0304640596886596
971.5355132469892,2.0274124172582826
971.6355132469893,2.024004976460157
971.7355132469893,2.0202470641249506
971.8355132469893,2.0161445345249427
971.9355132469893,2.01170375421321
972.0355132469894,2.0069315856004852
972.1355132469894,2.001835369329249
972.2355132469894,1.9964229055086862
972.3355132469894,1.9907024338779205
972.4355132469894,1.9846826129684305
972.5355132469895,1.9783724983396866
972.6355132469895,1.971781519964871
972.7355132469895,1.9649194588460115
972.8355132469895,1.9577964229399758
972.9355132469896,1.9504228224785116
973.0355132469896,1.9428093447669197
973.1355132469896,1.934966928546944
973.2355132469896,1.9269067380101221
973.3355132469896,1.9186401365481016
973.4355132469897,1.9101786603263464
973.5355132469897,1.9015339917671987
973.6355132469897,1.8927179330274595
973.7355132469897,1.8837423795544985
973.8355132469898,1.8746192938034119
973.9355132469898,1.8653606791959483
974.0355132469898,1.8559785543997858
974.1355132469898,1.8464849280043434
974.2355132469899,1.836891773666603
974.3355132469899,1.8272110057974744
974.4355132469899,1.8174544558560197
974.5355132469899,1.8076338493154496
974.63551324699,1.797760783361162
974.73551324699,1.787846705377288
974.83551324699,1.7779028922742444
974.93551324699,1.7679404307056727
975.03551324699,1.7579701982189233
975.1355132469901,1.7480028453789127
975.2355132469901,1.7380487789007992
975.3355132469901,1.7281181458224548
975.4355132469901,1.7182208187432588
975.5355132469901,1.7083663821512376
975.6355132469902,1.698564119856117
975.7355132469902,1.6888230035414187
975.8355132469902,1.6791516824443484
975.9355132469902,1.669558474167923
976.0355132469903,1.6600513566255684
976.1355132469903,1.6506379611143158
976.2355132469903,1.6413255665087436
976.3355132469903,1.6321210945639733
976.4355132469904,1.6230311063123473
976.5355132469904,1.6140617995348945
976.6355132469904,1.605219007285351
976.7355132469904,1.596508197441361
976.8355132469904,1.587934473254522
976.9355132469905,1.5795025748681977
977.0355132469905,1.5712168817694874
977.1355132469905,1.5630814161394242
977.2355132469905,1.555099847063374
977.3355132469906,1.5472754955617385
977.4355132469906,1.539611340399416
977.5355132469906,1.5321100246310424
977.6355132469906,1.5247738628378447
977.7355132469906,1.5176048490109466
977.8355132469907,1.5106046650352112
977.9355132469907,1.5037746897271482
978.0355132469907,1.4971160083800767
978.1355132469907,1.4906294227695873
978.2355132469908,1.4843154615724026
978.3355132469908,1.4781743911519745
978.4355132469908,1.4722062266645708
978.5355132469908,1.4664107434401927
978.6355132469909,1.4607874885934067
978.7355132469909,1.4553357928200696
978.8355132469909,1.4500547823369556
978.9355132469909,1.4449433909224585
979.035513246991,1.4400003720178132
979.135513246991,1.4352243108496692
979.235513246991,1.4306136365363211
979.335513246991,1.4261666341414627
979.435513246991,1.4218814566409663
979.5355132469911,1.4177561367698779
979.6355132469911,1.413788598718567
979.7355132469911,1.4099766696487483
979.8355132469911,1.4063180910019106
979.9355132469911,1.4028105295745155
980.0355132469912,1.3994515883361722
980.1355132469912,1.39623881696884
980.2355132469912,1.3931697221069341
980.3355132469912,1.390241777260043
980.4355132469913,1.387452432401745
980.5355132469913,1.3847991232097834
980.6355132469913,1.3822792799445778
980.7355132469913,1.3798903359547372
980.8355132469914,1.3776297357998601
980.9355132469914,1.3754949429824972
981.0355132469914,1.3734834472826563
981.1355132469914,1.3715927716897003
981.2355132469914,1.3698204789278627
981.3355132469915,1.3681641775729405
981.4355132469915,1.3666215277589717
981.5355132469915,1.3651902464748815
981.6355132469915,1.3638681124521967
981.7355132469916,1.3626529706459563
981.8355132469916,1.3615427363119104
981.9355132469916,1.3605353986839903
982.0355132469916,1.3596290242568474
982.1355132469916,1.3588217596790078
982.2355132469917,1.3581118342628635
982.3355132469917,1.3574975621183416
982.4355132469917,1.356977343917627
982.5355132469917,1.35654966829881
982.6355132469918,1.3562131129167494
982.7355132469918,1.3559663451498123
982.8355132469918,1.3558081224714693
982.9355132469918,1.3557372924959916
983.0355132469919,1.3557527927077098
983.1355132469919,1.355853649883483
983.2355132469919,1.3560389792181555
983.3355132469919,1.356307983162888
983.435513246992,1.3566599499863183
983.535513246992,1.3570942520685518
983.635513246992,1.3576103439379985
983.735513246992,1.3582077600610745
983.835513246992,1.358886112394763
983.9355132469921,1.359645087711996
984.0355132469921,1.3604844447097721
984.1355132469921,1.3614040109098755
984.2355132469921,1.3624036793619958
984.3355132469922,1.363483405158994
984.4355132469922,1.3646432017739916
984.5355132469922,1.3658831372289055
984.6355132469922,1.3672033301039912
984.7355132469922,1.3686039453979126
984.8355132469923,1.3700851902478115
984.9355132469923,1.3716473095188162
985.0355132469923,1.3732905812724132
985.1355132469923,1.3750153121230868
985.2355132469924,1.376821832492639
985.3355132469924,1.37871049177161
985.4355132469924,1.3806816533972537
985.5355132469924,1.382735689857552
985.6355132469924,1.384872977630812
985.7355132469925,1.387093892070447
985.8355132469925,1.3893988022446226
985.9355132469925,1.3917880657405353
986.0355132469925,1.3942620234431762
986.1355132469926,1.3968209942985583
986.2355132469926,1.3994652700714723
986.3355132469926,1.402195110107972
986.4355132469926,1.4050107361129054
986.5355132469927,1.4079123269529281
986.6355132469927,1.410900013495566
986.7355132469927,1.413973873495015
986.8355132469927,1.4171339265354832
986.9355132469927,1.420380129043
987.0355132469928,1.423712369376715
987.1355132469928,1.4271304630108141
987.2355132469928,1.4306341478182598
987.3355132469928,1.4342230794676314
987.4355132469929,1.4378968269443964
987.5355132469929,1.4416548682079784
987.6355132469929,1.445496585995996
987.7355132469929,1.4494212637870412
987.835513246993,1.4534280819333254
987.935513246993,1.4575161139744672
988.035513246993,1.4616843231435908
988.135513246993,1.4659315590767925
988.235513246993,1.470256554736873
988.3355132469931,1.4746579235620412
988.4355132469931,1.4791341568500789
988.5355132469931,1.4836836213881803
988.6355132469931,1.488304557338397
988.7355132469932,1.4929950763882716
988.8355132469932,1.4977531601758671
988.9355132469932,1.5025766589979899
989.0355132469932,1.5074632908099392
989.1355132469932,1.5124106405246258
989.2355132469933,1.5174161596183664
989.3355132469933,1.5224771660500829
989.4355132469933,1.5275908445000241
989.5355132469933,1.5327542469334738
989.6355132469934,1.537964293494223
989.7355132469934,1.543217773731855
989.8355132469934,1.5485113481661419
989.9355132469934,1.5538415501910463
990.0355132469934,1.5592047883200182
990.1355132469935,1.5645973487734082
990.2355132469935,1.5700153984079561
990.3355132469935,1.5754549879874067
990.4355132469935,1.5809120557923846
990.5355132469936,1.58638243156672
990.6355132469936,1.5918618407964702
990.7355132469936,1.5973459093168976
990.8355132469936,1.602830168241714
990.9355132469937,1.6083100592079007
991.0355132469937,1.6137809399284404
991.1355132469937,1.6192380900443195
991.2355132469937,1.6246767172661796
991.3355132469937,1.630091963795036
991.4355132469938,1.6354789130105276
991.5355132469938,1.6408325964142325
991.6355132469938,1.6461480008146634
991.7355132469938,1.651420075739677
991.8355132469939,1.6566437410611667
991.9355132469939,1.6618138948160817
992.0355132469939,1.6669254212070288
992.1355132469939,1.671973198764956
992.235513246994,1.6769521086557169
992.335513246994,1.6818570431116484
992.435513246994,1.6866829139686859
992.535513246994,1.6914246612889854
992.635513246994,1.696077262048516
992.7355132469941,1.700635738868649
992.8355132469941,1.705095168770383
992.9355132469941,1.7094506919295338
993.0355132469941,1.7136975204109628
993.1355132469942,1.717830946859734
993.2355132469942,1.7218463531269756
993.3355132469942,1.7257392188081802
993.4355132469942,1.7295051296717028
993.5355132469942,1.733139785955317
993.6355132469943,1.7366390105088643
993.7355132469943,1.7399987567612718
993.8355132469943,1.7432151164905416
993.9355132469943,1.7462843273756967
994.0355132469944,1.7492027803101355
994.1355132469944,1.7519670264563822
994.2355132469944,1.7545737840228184
994.3355132469944,1.7570199447436519
994.4355132469944,1.759302580044121
994.5355132469945,1.7614189468737196
994.6355132469945,1.7633664931910995
994.7355132469945,1.7651428630852184
994.8355132469945,1.7667459015182772
994.9355132469946,1.7681736586770116
995.0355132469946,1.769424393919984
995.1355132469946,1.7704965793096274
995.2355132469946,1.771388902718964
995.3355132469947,1.7721002705041053
995.4355132469947,1.7726298097348767
995.5355132469947,1.7729768699771533
995.6355132469947,1.7731410246217842
995.7355132469947,1.7731182616219618
995.8355132469948,1.7728931468615543
995.9355132469948,1.7724643432700933
996.0355132469948,1.771832437776836
996.1355132469948,1.7709982946717178
996.2355132469949,1.7699630536341457
996.3355132469949,1.7687281271370374
996.4355132469949,1.7672951972343673
996.5355132469949,1.7656662117424318
996.635513246995,1.7638433798269553
996.735513246995,1.7618291670100223
996.835513246995,1.7596262896126167
996.935513246995,1.7572377086502975
997.035513246995,1.7546666232011998
997.1355132469951,1.751916463267144
997.2355132469951,1.748990882150141
997.3355132469951,1.7458937483680006
997.4355132469951,1.7426291371340659
997.5355132469952,1.7392013214273245
997.6355132469952,1.735614762680267
997.7355132469952,1.731874101112862
997.8355132469952,1.7279841457419338
997.9355132469952,1.7239498640960007
998.0355132469953,1.7197763716663037
998.1355132469953,1.7154689211253138
998.2355132469953,1.7110328913444302
998.3355132469953,1.7064737762428974
998.4355132469954,1.7017971735001667
998.5355132469954,1.697008773163992
998.6355132469954,1.6921143461865193
998.7355132469954,1.687119732920453
998.8355132469954,1.6820308316071224
998.9355132469955,1.6768535868878718
999.0355132469955,1.6715939783697111
999.1355132469955,1.6662580092755583
999.2355132469955,1.6608516952086996
999.3355132469956,1.6553810530603015
999.4355132469956,1.6498520900879066
999.5355132469956,1.6442707931918723
999.6355132469956,1.6386431184156467
999.7355132469957,1.6329749806946359
999.8355132469957,1.6272722438772118
999.9355132469957,1.6215407110401352
1000.0355132469957,1.615786115119332
1000.1355132469957,1.6100141098755885
1000.2355132469958,1.6042302612132895
1000.3355132469958,1.5984400388688713
1000.4355132469958,1.5926488084841517
1000.5355132469958,1.5868618240781802
1000.6355132469959,1.5810842209297158
1000.7355132469959,1.5753210088808736
1000.8355132469959,1.5695770660709385
1000.9355132469959,1.5638571331077777
1001.035513246996,1.5581658076827343
1001.135513246996,1.5525075396333587
1001.235513246996,1.5468866264568069
1001.335513246996,1.541307209275252
1001.435513246996,1.5357732692531951
1001.5355132469961,1.5302886244651372
1001.6355132469961,1.5248569272106893
1001.7355132469961,1.5194816617728673
1001.8355132469961,1.514166142614025
1001.9355132469962,1.5089135130026472
1002.0355132469962,1.5037267440630502
1002.1355132469962,1.498608634238919
1002.2355132469962,1.4935618091605598
1002.3355132469962,1.4885887219047584
1002.4355132469963,1.483691653635219
1002.5355132469963,1.478872714610706
1002.6355132469963,1.4741338455472373
1002.7355132469963,1.4694768193199685
1002.8355132469964,1.4649032429897806
1002.9355132469964,1.4604145601390155
1003.0355132469964,1.4560120535003307
1003.1355132469964,1.4516968478622176
1003.2355132469964,1.4474699132343996
1003.3355132469965,1.4433320682560455
1003.4355132469965,1.4392839838295468
1003.5355132469965,1.4353261869624638
1003.6355132469965,1.4314590648001948
1003.7355132469966,1.4276828688319099
1003.8355132469966,1.4239977192523683
1003.9355132469966,1.4204036094623513
1004.0355132469966,1.4169004106906284
1004.1355132469967,1.413487876720613
1004.2355132469967,1.410165648705143
1004.3355132469967,1.4069332600531717
1004.4355132469967,1.4037901413725216
1004.5355132469967,1.40073562545329
1004.6355132469968,1.3977689522769519
1004.7355132469968,1.3948892740367105
1004.8355132469968,1.39209566015517
1004.9355132469968,1.3893871022859714
1005.0355132469969,1.386762519286618
