958.1355132469862,1.2794031953094497e-13
958.2355132469862,1.4919160319725414e-13
958.3355132469862,1.739014953219449e-13
958.4355132469863,2.0262089883771444e-13
958.5355132469863,2.359864920270755e-13
958.6355132469863,2.7473376450017213e-13
958.7355132469863,3.1971198382534766e-13
958.8355132469864,3.7190137091928463e-13
958.9355132469864,4.3243280117950847e-13
959.0355132469864,5.026103924774361e-13
959.1355132469864,5.839373912112178e-13
959.2355132469864,6.781458244165056e-13
959.3355132469865,7.872304503190344e-13
959.4355132469865,9.134876126613608e-13
959.5355132469865,1.0595596867450408e-12
959.6355132469865,1.2284858986295946e-12
959.7355132469866,1.4237604047044672e-12
959.8355132469866,1.6493986384486468e-12
959.9355132469866,1.9100130663536636e-12
960.0355132469866,2.2108996476557863e-12
960.1355132469866,2.5581364648816612e-12
960.2355132469867,2.9586961866992505e-12
960.3355132469867,3.4205742439088672e-12
960.4355132469867,3.952934846658751e-12
960.5355132469867,4.566277249531129e-12
960.6355132469868,5.272624984821635e-12
960.7355132469868,6.085741137371721e-12
960.8355132469868,7.021373131442212e-12
960.9355132469868,8.097530946609958e-12
961.0355132469869,9.3348031814072e-12
961.1355132469869,1.0756715946938686e-11
961.2355132469869,1.2390140205289132e-11
961.3355132469869,1.4265753877256253e-11
961.435513246987,1.641856583980653e-11
961.535513246987,1.8888509825639502e-11
961.635513246987,2.1721117236432487e-11
961.735513246987,2.4968279000031356e-11
961.835513246987,2.8689107853661522e-11
961.9355132469871,3.29509138352686e-11
962.0355132469871,3.7830307330069023e-11
962.1355132469871,4.3414445767795916e-11
962.2355132469871,4.98024420184148e-11
962.3355132469871,5.710695471287492e-11
962.4355132469872,6.545598314569702e-11
962.5355132469872,7.499489212548088e-11
962.6355132469872,8.588869515808006e-11
962.7355132469872,9.832462770882609e-11
962.8355132469873,1.1251504603164732e-10
962.9355132469873,1.2870069121489638e-10
963.0355132469873,1.4715436272091678e-10
963.1355132469873,1.6818505083798704e-10
963.2355132469874,1.9214258317334104e-10
963.3355132469874,2.194228466538674e-10
963.4355132469874,2.5047365353184004e-10
963.5355132469874,2.858013276882446e-10
963.6355132469874,3.2597809616402845e-10
963.7355132469875,3.716503804157835e-10
963.8355132469875,4.2354809238078904e-10
963.9355132469875,4.824950521495305e-10
964.0355132469875,5.494206569941702e-10
964.1355132469876,6.253729458112035e-10
964.2355132469876,7.115332188397887e-10
964.3355132469876,8.092323899595208e-10
964.4355132469876,9.199692681120085e-10
964.5355132469876,1.0454309856025274e-09
964.6355132469877,1.1875158144098357e-09
964.7355132469877,1.3483586373689023e-09
964.8355132469877,1.530359369415797e-09
964.9355132469877,1.7362146552379103e-09
965.0355132469878,1.9689532039193374e-09
965.1355132469878,2.231975158794467e-09
965.2355132469878,2.529095942032306e-09
965.3355132469878,2.864595058802849e-09
965.4355132469879,3.243270395587386e-09
965.5355132469879,3.6704986016768598e-09
965.6355132469879,4.15230220257994e-09
965.7355132469879,4.695424159388823e-09
965.835513246988,5.307410659620111e-09
965.935513246988,5.9967030031877625e-09
966.035513246988,6.772739532547176e-09
966.135513246988,7.646068649286268e-09
966.235513246988,8.628474061191136e-09
966.3355132469881,9.733113514789819e-09
966.4355132469881,1.097467238933578e-08
966.5355132469881,1.2369533659950758e-08
966.6355132469881,1.3935965881076006e-08
966.7355132469881,1.569433099741623e-08
966.8355132469882,1.7667313959203035e-08
966.9355132469882,1.988017630291712e-08
967.0355132469882,2.2361036058736228e-08
967.1355132469882,2.5141176563128623e-08
967.2355132469883,2.8255386990485227e-08
967.3355132469883,3.174233767285313e-08
967.4355132469883,3.5644993553166864e-08
967.5355132469883,4.001106941641683e-08
967.6355132469884,4.4893530866604207e-08
967.7355132469884,5.035114536684961e-08
967.8355132469884,5.644908803749803e-08
967.9355132469884,6.325960731445475e-08
968.0355132469884,7.086275600934866e-08
968.1355132469885,7.934719378664278e-08
968.2355132469885,8.881106758277708e-08
968.3355132469885,9.93629770412539e-08
968.4355132469885,1.111230326278017e-07
968.5355132469886,1.2422401472402218e-07
968.6355132469886,1.388126426790512e-07
968.7355132469886,1.5505096352964084e-07
968.8355132469886,1.7311787088274595e-07
968.9355132469886,1.9321076529438873e-07
969.0355132469887,2.155473683775172e-07
969.1355132469887,2.403677038333038e-07
969.2355132469887,2.6793625962834957e-07
969.3355132469887,2.985443466382772e-07
969.4355132469888,3.3251267025012904e-07
969.5355132469888,3.7019413266563413e-07
969.6355132469888,4.119768849789749e-07
969.7355132469888,4.582876495203365e-07
969.8355132469889,5.095953344644202e-07
969.9355132469889,5.664149643058452e-07
970.0355132469889,6.293119515052234e-07
970.1355132469889,6.989067364153488e-07
970.235513246989,7.758798245109554e-07
970.335513246989,8.609772519725231e-07
970.435513246989,9.550165128193783e-07
970.535513246989,1.0588929830545021e-06
970.635513246989,1.1735868796777115e-06
970.7355132469891,1.3001707949500156e-06
970.8355132469891,1.4398178489543422e-06
970.9355132469891,1.5938105063011156e-06
971.0355132469891,1.763550105776015e-06
971.1355132469891,1.9505671548252024e-06
971.2355132469892,2.1565324440253267e-06
971.3355132469892,2.3832690400948237e-06
971.4355132469892,2.6327652195733546e-06
971.5355132469892,2.9071884090309405e-06
971.6355132469893,3.2089002015699703e-06
971.7355132469893,3.54047252345501e-06
971.8355132469893,3.904705028948275e-06
971.9355132469893,4.304643805845044e-06
972.0355132469894,4.743601478793634e-06
972.1355132469894,5.22517880224943e-06
972.2355132469894,5.753287839850413e-06
972.3355132469894,6.332176832113303e-06
972.4355132469894,6.96645685963e-06
972.5355132469895,7.6611304143932e-06
972.6355132469895,8.421621997490923e-06
972.7355132469895,9.253810867179982e-06
972.8355132469895,1.0164066067267947e-05
972.9355132469896,1.1159283871798724e-05
973.0355132469896,1.2246927788233707e-05
973.1355132469896,1.3435071267644783e-05
973.2355132469896,1.4732443276867036e-05
973.3355132469896,1.6148476894091676e-05
973.4355132469897,1.7693361095991803e-05
973.5355132469897,1.937809591115133e-05
973.6355132469897,2.1214551121288682e-05
973.7355132469897,2.3215528698511854e-05
973.8355132469898,2.5394829173585246e-05
973.9355132469898,2.7767322136905218e-05
974.0355132469898,3.0349021080543358e-05
974.1355132469898,3.315716279629049e-05
974.2355132469899,3.621029155109012e-05
974.3355132469899,3.952834826754876e-05
974.4355132469899,4.313276494331431e-05
974.5355132469899,4.704656454898282e-05
974.63551324699,5.1294466649777204e-05
974.73551324699,5.59029990015061e-05
974.83551324699,6.090061537618247e-05
974.93551324699,6.631781987713994e-05
975.03551324699,7.218729800743563e-05
975.1355132469901,7.854405475874945e-05
975.2355132469901,8.542555999078908e-05
975.3355132469901,9.287190137334205e-05
975.4355132469901,0.00010092594516450263
975.5355132469901,0.00010963350509917768
975.6355132469902,0.0001190435196616606
975.7355132469902,0.00012920823801478896
975.8355132469902,0.00014018341485588372
975.9355132469902,0.00015202851446622598
976.0355132469903,0.0001648069242161861
976.1355132469903,0.00017858617778217098
976.2355132469903,0.0001934381883242498
976.3355132469903,0.00020943949186452566
976.4355132469904,0.00022667150109597904
976.5355132469904,0.000245220769839518
976.6355132469904,0.00026517926835324294
976.7355132469904,0.0002866446696823645
976.8355132469904,0.0003097206472207322
976.9355132469905,0.0003345171836354344
977.0355132469905,0.00036115089128432626
977.1355132469905,0.00038974534423254724
977.2355132469905,0.0004204314219480333
977.3355132469906,0.00045334766472758845
977.4355132469906,0.0004886406408742214
977.5355132469906,0.0005264653256130782
977.6355132469906,0.0005669854916973261
977.7355132469906,0.0006103741116167492
977.8355132469907,0.0006568137712804779
977.9355132469907,0.0007064970950012053
978.0355132469907,0.0007596271815613589
978.1355132469907,0.0008164180510919529
978.2355132469908,0.0008770951024422992
978.3355132469908,0.0009418955806631963
978.4355132469908,0.001011069054167974
978.5355132469908,0.0010848779010743921
978.6355132469909,0.0011635978041664018
978.7355132469909,0.0012475182538477546
978.8355132469909,0.001336943058389799
978.9355132469909,0.0014321908607033008
979.035513246991,0.0015335956607890966
979.135513246991,0.0016415073429447463
979.235513246991,0.0017562922067243065
979.335513246991,0.0018783335005659837
979.435513246991,0.002008031956917945
979.5355132469911,0.002145806327606054
979.6355132469911,0.002292093918099104
979.7355132469911,0.0024473511192371795
979.8355132469911,0.0026120539348977144
979.9355132469911,0.0027866985039814492
980.0355132469912,0.002971801615007523
980.1355132469912,0.0031679012115132196
980.2355132469912,0.0033755568863603185
980.3355132469912,0.0035953503629561523
980.4355132469913,0.0038278859613046583
980.5355132469913,0.004073791046710303
980.6355132469913,0.0043337164588670984
980.7355132469913,0.004608336918975784
980.8355132469914,0.004898351412445336
980.9355132469914,0.005204483544650878
981.0355132469914,0.0055274818671390055
981.1355132469914,0.005868120171594205
981.2355132469914,0.006227197748806966
981.3355132469915,0.006605539609815866
981.4355132469915,0.0070039966663327895
981.5355132469915,0.0074234458675033355
981.6355132469915,0.007864790290003794
981.7355132469916,0.00832895917843232
981.8355132469916,0.008816907932915966
981.9355132469916,0.009329618040827508
982.0355132469916,0.009868096949486826
982.1355132469916,0.010433377876712334
982.2355132469917,0.011026519556088165
982.3355132469917,0.011648605913824007
982.4355132469917,0.012300745674106783
982.5355132469917,0.012984071889877064
982.6355132469918,0.01369974139600968
982.7355132469918,0.014448934181936546
982.8355132469918,0.015232852680822563
982.9355132469918,0.016052720972490785
983.0355132469919,0.016909783897393935
983.1355132469919,0.017805306079043584
983.2355132469919,0.018740570852438306
983.3355132469919,0.01971687909617701
983.435513246992,0.020735547966104086
983.535513246992,0.021797909528509414
983.635513246992,0.022905309291097995
983.735513246992,0.024059104630152622
983.835513246992,0.025260663112536875
983.9355132469921,0.026511360711425753
984.0355132469921,0.02781257991490809
984.1355132469921,0.02916570772687588
984.2355132469921,0.030572133559903965
984.3355132469922,0.03203324702012558
984.4355132469922,0.03355043558442731
984.5355132469922,0.03512508217061834
984.6355132469922,0.036758562601575034
984.7355132469922,0.0384522429647204
984.8355132469923,0.04020747686856945
984.9355132469923,0.042025602598454434
985.0355132469923,0.043907940173936885
985.1355132469923,0.04585578831081779
985.2355132469924,0.047870421291068325
985.3355132469924,0.0499530857444232
985.4355132469924,0.052104997345804885
985.5355132469924,0.05432733743317677
985.6355132469924,0.05662124955085825
985.7355132469925,0.05898783592377052
985.8355132469925,0.06142815386851827
985.9355132469925,0.0639432121476487
986.0355132469925,0.06653396727386113
986.1355132469926,0.0692013197713693
986.2355132469926,0.07194611040203966
986.3355132469926,0.07476911636434236
986.4355132469926,0.07767104747355605
986.5355132469927,0.08065254233205714
986.6355132469927,0.08371416449890313
986.7355132469927,0.08685639866828036
986.8355132469927,0.09007964686672933
986.9355132469927,0.09338422467938552
987.0355132469928,0.09677035751577395
987.1355132469928,0.10023817692597428
987.2355132469928,0.10378771697822443
987.3355132469928,0.10741891070925592
987.4355132469929,0.11113158665884762
987.5355132469929,0.11492546550024872
987.6355132469929,0.11880015677825173
987.7355132469929,0.12275515576679198
987.835513246993,0.1267898404580086
987.935513246993,0.13090346869472488
988.035513246993,0.13509517545828695
988.135513246993,0.13936397032364173
988.235513246993,0.14370873509343715
988.3355132469931,0.14812822162278344
988.4355132469931,0.15262104984613098
988.5355132469931,0.15718570601748974
988.6355132469931,0.16182054117494224
988.7355132469932,0.16652376984008302
988.8355132469932,0.17129346896265452
988.9355132469932,0.17612757712023963
989.0355132469932,0.18102389398241858
989.1355132469932,0.18598008004829994
989.2355132469933,0.19099365666579285
989.3355132469933,0.1960620063404031
989.4355132469933,0.20118237334070943
989.5355132469933,0.20635186460700705
989.6355132469934,0.21156745096889906
989.7355132469934,0.21682596867687015
989.8355132469934,0.222124121252096
989.9355132469934,0.22745848165792557
990.0355132469934,0.23282549479562564
990.1355132469935,0.23822148032609902
990.2355132469935,0.24364263581838494
990.3355132469935,0.24908504022481814
990.4355132469935,0.25454465768177575
990.5355132469936,0.2600173416339695
990.6355132469936,0.265498839279259
990.7355132469936,0.2709847963299618
990.8355132469936,0.2764707620856371
990.9355132469937,0.2819521948113027
991.0355132469937,0.28742446741404154
991.1355132469937,0.2928828734099393
991.2355132469937,0.29832263317229635
991.3355132469937,0.3037389004510629
991.4355132469938,0.3091267691524696
991.5355132469938,0.31448128036686424
991.6355132469938,0.31979742963182733
991.7355132469938,0.3250701744167273
991.8355132469939,0.33029444181399137
991.9355132469939,0.33546513642152004
992.0355132469939,0.34057714839985936
992.1355132469939,0.34562536168697366
992.235513246994,0.3506046623527336
992.335513246994,0.35550994707455463
992.435513246994,0.360336131714992
992.535513246994,0.3650781599815235
992.635513246994,0.36973101214823145
992.7355132469941,0.37428971381864196
992.8355132469941,0.37874934470857613
992.9355132469941,0.3831050474275436
993.0355132469941,0.38735203623693903
993.1355132469942,0.39148560576310737
993.2355132469942,0.395501139643218
993.3355132469942,0.3993941190818298
993.4355132469942,0.4031601312960504
993.5355132469942,0.4067948778272778
993.6355132469943,0.4102941826976809
993.7355132469943,0.413654000389808
993.8355132469943,0.41687042362802634
993.9355132469943,0.4199396909408767
994.0355132469944,0.4228581939838824
994.1355132469944,0.42562248460288077
994.2355132469944,0.42822928161853807
994.3355132469944,0.43067547731337547
994.4355132469944,0.4329581436033626
994.5355132469945,0.4350745378769291
994.6355132469945,0.4370221084851005
994.7355132469945,0.4387984998673768
994.8355132469945,0.4404015572989432
994.9355132469946,0.4418293312458213
995.0355132469946,0.44308008131564003
995.1355132469946,0.44415227979281957
995.2355132469946,0.44504461474811596
995.3355132469947,0.4457559927136685
995.4355132469947,0.4462855409159129
995.5355132469947,0.4466326090599782
995.6355132469947,0.4467967706604618
995.7355132469947,0.4467740137804595
995.8355132469948,0.4465489044013909
995.9355132469948,0.4461201055393236
996.0355132469948,0.4454882042002349
996.1355132469948,0.4446540647420375
996.2355132469949,0.4436188269043341
996.3355132469949,0.442383903213316
996.4355132469949,0.440950975770078
996.5355132469949,0.4393219924325694
996.635513246995,0.43749916240331405
996.735513246995,0.4354849512368875
996.835513246995,0.4332820752829455
996.935513246995,0.4308934955823329
997.035513246995,0.42832241123547216
997.1355132469951,0.42557225226381606
997.2355132469951,0.42264667198666034
997.3355132469951,0.41954953893702257
997.4355132469951,0.4162849283416192
997.5355132469952,0.4128571131911916
997.6355132469952,0.40927055492855324
997.7355132469952,0.40552989378273524
997.8355132469952,0.4016399387785129
997.9355132469952,0.39760565745137544
998.0355132469953,0.3934321652986733
998.1355132469953,0.38912471499822804
998.2355132469953,0.384688685426122
998.3355132469953,0.380129570505697
998.4355132469954,0.375452967919986
998.5355132469954,0.37066456771987333
998.6355132469954,0.3657701408602381
998.7355132469954,0.3607755276961708
998.8355132469954,0.3556866264710815
998.9355132469955,0.35050938182812885
999.0355132469955,0.34524977337590385
999.1355132469955,0.3399138043387006
999.2355132469955,0.3345074903210036
999.3355132469956,0.3290368482150213
999.4355132469956,0.32350788527920227
999.5355132469956,0.317926588414691
999.6355132469956,0.31229891366561874
999.7355132469957,0.3066307759679845
999.8355132469957,0.300928039170675
999.9355132469957,0.2951965063508965
1000.0355132469957,0.2894419104449617
1000.1355132469957,0.28366990521399077
1000.2355132469958,0.2778860565626583
1000.3355132469958,0.2720958342276509
1000.4355132469958,0.2663046038510024
1000.5355132469958,0.26051761945194973
1000.6355132469959,0.25474001630941284
1000.7355132469959,0.2489768042656462
1000.8355132469959,0.24323286146005504
1000.9355132469959,0.23751292850060965
1001.035513246996,0.23182160307874258
1001.135513246996,0.226163335032081
1001.235513246996,0.2205424218578468
1001.335513246996,0.21496300467827004
1001.435513246996,0.20942906465790073
1001.5355132469961,0.20394441987128148
1001.6355132469961,0.19851272261805947
1001.7355132469961,0.19313745718128156
1001.8355132469961,0.18782193802332797
1001.9355132469962,0.18256930841270627
1002.0355132469962,0.17738253947375218
1002.1355132469962,0.1722644296501674
1002.2355132469962,0.16721760457227225
1002.3355132469962,0.16224451731686482
1002.4355132469963,0.15734744904765965
1002.5355132469963,0.15252851002343012
1002.6355132469963,0.14778964096020164
1002.7355132469963,0.14313261473313654
1002.8355132469964,0.13855903840312078
1002.9355132469964,0.13407035555250146
1003.0355132469964,0.12966784891393993
1003.1355132469964,0.12535264327593124
1003.2355132469964,0.12112570864820124
1003.3355132469965,0.11698786366992152
1003.4355132469965,0.11293977924348542
1003.5355132469965,0.10898198237645548
1003.6355132469965,0.10511486021423103
1003.7355132469966,0.1013386642459837
1003.8355132469966,0.09765351466647382
1003.9355132469966,0.09405940487648339
1004.0355132469966,0.09055620610478302
1004.1355132469967,0.08714367213478624
1004.2355132469967,0.08382144411933211
1004.3355132469967,0.08058905546737416
1004.4355132469967,0.07744593678673525
1004.5355132469967,0.07439142086751284
1004.6355132469968,0.07142474769118262
1004.7355132469968,0.06854506945094793
1004.8355132469968,0.06575145556941284
1004.9355132469968,0.06304289770021886
1005.0355132469969,0.06041831470086939
