958.1355132469862,0.047113564200548415
958.2355132469862,0.049195889501413334
958.3355132469862,0.0513524483172645
958.4355132469863,0.05358496739638846
958.5355132469863,0.05589516818669999
958.6355132469863,0.05828476416795443
958.7355132469863,0.060755458082579324
958.8355132469864,0.06330893906663486
958.9355132469864,0.06594687968272499
959.0355132469864,0.0686709328570008
959.1355132469864,0.07148272872272654
959.2355132469864,0.07438387137321203
959.3355132469865,0.07737593552725759
959.4355132469865,0.08046046311060133
959.5355132469865,0.08363895975721061
959.6355132469865,0.08691289123461206
959.7355132469866,0.09028367979780975
959.8355132469866,0.0937527004767004
959.9355132469866,0.09732127730224838
960.0355132469866,0.10099067947704392
960.1355132469866,0.10476211749621842
960.2355132469867,0.10863673922504466
960.3355132469867,0.11261562593989534
960.4355132469867,0.11669978833957377
960.5355132469867,0.1208901625343656
960.6355132469868,0.12518760602048445
960.7355132469868,0.12959289364790147
960.8355132469868,0.13410671358985168
960.9355132469868,0.13872966332260442
961.0355132469869,0.1434622456243605
961.1355132469869,0.14830486460240497
961.2355132469869,0.1532578217578882
961.3355132469869,0.15832131209783804
961.435513246987,0.16349542030421538
961.535513246987,0.1687801169700124
961.635513246987,0.17417525491256206
961.735513246987,0.17968056557436893
961.835513246987,0.1852956555218925
961.9355132469871,0.19102000305280686
962.0355132469871,0.19685295492232852
962.1355132469871,0.20279372319924358
962.2355132469871,0.20884138226227553
962.3355132469871,0.2149948659474186
962.4355132469872,0.22125296485680845
962.5355132469872,0.22761432383962604
962.6355132469872,0.2340774396554143
962.7355132469872,0.240640658830045
962.8355132469873,0.24730217571439436
962.9355132469873,0.25406003075557426
963.0355132469873,0.26091210899032247
963.1355132469873,0.2678561387698745
963.2355132469874,0.2748896907253301
963.3355132469874,0.282010176982176
963.4355132469874,0.2892148506322531
963.5355132469874,0.2965008054710361
963.6355132469874,0.303864976007651
963.7355132469875,0.31130413775457627
963.8355132469875,0.31881490780346206
963.9355132469875,0.32639374569296076
964.0355132469875,0.33403695457389077
964.1355132469876,0.3417406826764548
964.2355132469876,0.3495009250836058
964.3355132469876,0.3573135258139986
964.4355132469876,0.36517418021728687
964.5355132469876,0.37307843768382104
964.6355132469877,0.3810217046700784
964.7355132469877,0.38899924804041186
964.8355132469877,0.3970061987249432
964.9355132469877,0.4050375556926423
965.0355132469878,0.41308819023785104
965.1355132469878,0.421152850577694
965.2355132469878,0.4292261667570172
965.3355132469878,0.43730265585666367
965.4355132469879,0.4453767275000802
965.5355132469879,0.4534426896524121
965.6355132469879,0.4614947547054244
965.7355132469879,0.4695270458407587
965.835513246988,0.4775336036632197
965.935513246988,0.4855083930949732
966.035513246988,0.4934453105207428
966.135513246988,0.5013381911733031
966.235513246988,0.5091808167478028
966.3355132469881,0.5169669232327004
966.4355132469881,0.5246902089443685
966.5355132469881,0.5323443427517185
966.6355132469881,0.5399229724765284
966.7355132469881,0.5474197334544997
966.8355132469882,0.5548282572414672
966.9355132469882,0.5621421804485984
967.0355132469882,0.5693551536898822
967.1355132469882,0.576460850624699
967.2355132469883,0.5834529770778064
967.3355132469883,0.5903252802186543
967.4355132469883,0.5970715577815682
967.5355132469883,0.6036856673080149
967.6355132469884,0.6101615353918867
967.7355132469884,0.616493166908508
967.8355132469884,0.6226746542078954
967.9355132469884,0.6287001862526743
968.0355132469884,0.6345640576809854
968.1355132469885,0.6402606777746926
968.2355132469885,0.6457845793132474
968.3355132469885,0.6511304272936501
968.4355132469885,0.6562930274970991
968.5355132469886,0.6612673348831218
968.6355132469886,0.6660484617922381
968.7355132469886,0.670631685938518
968.8355132469886,0.6750124581737673
968.9355132469886,0.6791864100054891
969.0355132469887,0.683149360851248
969.1355132469887,0.6868973250125857
969.2355132469887,0.6904265183522109
969.3355132469887,0.6937333646588145
969.4355132469888,0.6968145016845283
969.5355132469888,0.6996667868407618
969.6355132469888,0.7022873025389159
969.7355132469888,0.704673361163267
969.8355132469889,0.7068225096641585
969.9355132469889,0.708732533760514
970.0355132469889,0.7104014617415907
970.1355132469889,0.7118275678588394
970.235513246989,0.7130093752997009
970.335513246989,0.7139456587361679
970.435513246989,0.7146354464419535
970.535513246989,0.7150780219731468
970.635513246989,0.715272925408287
970.7355132469891,0.7151867558986745
970.8355132469891,0.7147278552190804
970.9355132469891,0.7138916075007757
971.0355132469891,0.712679337996532
971.1355132469891,0.7110929660246029
971.2355132469892,0.7091349999050401
971.3355132469892,0.7068085303507565
971.4355132469892,0.7041172223377106
971.5355132469892,0.7010653054841445
971.6355132469893,0.6976575629742263
971.7355132469893,0.6938993190666979
971.8355132469893,0.6897964252341846
971.9355132469893,0.685355244983675
972.0355132469894,0.6805826374132772
972.1355132469894,0.6754859395647178
972.2355132469894,0.6700729476351172
972.3355132469894,0.664351897115359
972.4355132469894,0.6583314419258417
972.5355132469895,0.6520206326235432
972.6355132469895,0.6454288937571442
972.7355132469895,0.6385660004494152
972.8355132469895,0.6314420542881793
972.9355132469896,0.6240674586089107
973.0355132469896,0.6164528932534022
973.1355132469896,0.6086092888899471
973.2355132469896,0.6005478009811159
973.3355132469896,0.5922797834854783
973.4355132469897,0.5838167623795212
973.5355132469897,0.5751704090855584
973.6355132469897,0.5663525138906091
973.7355132469897,0.5573749594400708
973.8355132469898,0.548249694388509
973.9355132469898,0.5389887072880821
974.0355132469898,0.529604000792976
974.1355132469898,0.5201075662558178
974.2355132469899,0.5105113587893227
974.3355132469899,0.5008272728634776
974.4355132469899,0.49106711850534707
974.5355132469899,0.4812425981651715
974.63551324699,0.47136528430878305
974.73551324699,0.46144659779255726
974.83551324699,0.451497787073139
974.93551324699,0.4415299083000665
975.03551324699,0.4315538063351866
975.1355132469901,0.42158009673842484
975.2355132469901,0.4116191487550792
975.3355132469901,0.40168106933535236
975.4355132469901,0.39177568821236514
975.5355132469901,0.3819125440604091
975.6355132469902,0.37210087175072604
975.7355132469902,0.3623495907176747
975.8355132469902,0.3526672944437634
975.9355132469902,0.34306224106772754
976.0355132469903,0.3335423451156229
976.1355132469903,0.3241151703508044
976.2355132469903,0.31478792373469006
976.3355132469903,0.3055674504863794
976.4355132469904,0.29646023022552215
976.5355132469904,0.2874723741793257
976.6355132469904,0.2786096234312684
976.7355132469904,0.2698773481859494
976.8355132469904,0.2612805480215721
976.9355132469905,0.252823853098833
977.0355132469905,0.24451152629247383
977.1355132469905,0.23634746620946243
977.2355132469905,0.2283352110556966
977.3355132469906,0.22047794331128173
977.4355132469906,0.21277849517281258
977.5355132469906,0.20523935471970012
977.6355132469906,0.19786267276041816
977.7355132469906,0.19065027031360074
977.8355132469907,0.1836036466782016
977.9355132469907,0.1767239880464178
978.0355132469907,0.17001217661278617
978.1355132469907,0.16346880013276616
978.2355132469908,0.15709416188423117
978.3355132469908,0.15088829098558212
978.4355132469908,0.14485095302467357
978.5355132469908,0.13898166095338907
978.6355132469909,0.13327968620351116
978.7355132469909,0.12774406998049267
978.8355132469909,0.12237363469283664
978.9355132469909,0.11716699547602594
979.035513246991,0.11212257177129484
979.135513246991,0.10723859892099531
979.235513246991,0.10251313974386768
979.335513246991,0.09794409605516753
979.435513246991,0.09352922009831906
979.5355132469911,0.0892661258565426
979.6355132469911,0.08515230021473869
979.7355132469911,0.08118511394378193
979.8355132469911,0.07736183248128371
979.9355132469911,0.0736796264848047
980.0355132469912,0.07013558213543553
980.1355132469912,0.06672671117159754
980.2355132469912,0.06344996063484458
980.3355132469912,0.06030222231135763
980.4355132469913,0.057280341854711175
980.5355132469913,0.05438112757734377
980.6355132469913,0.05160135889998148
980.7355132469913,0.04893779445003217
980.8355132469914,0.04638717980168569
980.9355132469914,0.043946254852117006
981.0355132469914,0.04161176082978805
981.1355132469914,0.03938044693237692
981.2355132469914,0.037249076593326505
981.3355132469915,0.03521443337739554
981.4355132469915,0.03327332650690979
981.5355132469915,0.03142259602164904
981.6355132469915,0.029659117576463837
981.7355132469916,0.027979806881794824
981.8355132469916,0.026381623793265165
981.9355132469916,0.024861576057433495
982.0355132469916,0.023416722721631457
982.1355132469916,0.022044177216566176
982.2355132469917,0.020741110121046083
982.3355132469917,0.019504751618788306
982.4355132469917,0.018332393657790946
982.5355132469917,0.0172213918232038
982.6355132469918,0.016169166935010602
982.7355132469918,0.015173206382146446
982.8355132469918,0.014231065204917554
982.9355132469918,0.013340366937771594
983.0355132469919,0.012498804224586636
983.1355132469919,0.011704139218710137
983.2355132469919,0.010954203779987912
983.3355132469919,0.01024689948098177
983.435513246992,0.00958019743448513
983.535513246992,0.00895213795431324
983.635513246992,0.008360830061171201
983.735513246992,0.007804450845192542
983.835513246992,0.0072812446964969375
983.9355132469921,0.00678952241484104
984.0355132469921,0.006327660209134858
984.1355132469921,0.005894098597270357
984.2355132469921,0.00548734121636256
984.3355132469922,0.005105953553139132
984.4355132469922,0.004748561603835104
984.5355132469922,0.004413850472557924
984.6355132469922,0.004100562916686896
984.7355132469922,0.0038074978474630997
984.8355132469923,0.003533508793512837
984.9355132469923,0.0032775023346325095
985.0355132469923,0.003038436512747057
985.1355132469923,0.002815319226539888
985.2355132469924,0.0026072066158414407
985.3355132469924,0.0024132014414575604
985.4355132469924,0.002232451465719564
985.5355132469924,0.002064147838646112
985.6355132469924,0.0019075234942245792
985.7355132469925,0.00176185156094713
985.8355132469925,0.0016264437903752771
985.9355132469925,0.001500649007157286
986.0355132469925,0.0013838515835858565
986.1355132469926,0.0012754699414597955
986.2355132469926,0.0011749550837032903
986.3355132469926,0.001081789157900359
986.4355132469926,0.0009954840536201927
986.5355132469927,0.0009155800351418263
986.6355132469927,0.0008416444109336747
986.7355132469927,0.0007732702410052618
986.8355132469927,0.0007100750830246033
986.9355132469927,0.0006516997778852674
987.0355132469928,0.000597807275211797
987.1355132469928,0.0005480814991106791
987.2355132469928,0.0005022262543062413
987.3355132469928,0.0004599641726461495
987.4355132469929,0.0004210356998194106
987.5355132469929,0.00038519812200041634
987.6355132469929,0.00035222463201515825
987.7355132469929,0.00032190343451987273
987.835513246993,0.00029403688958751445
987.935513246993,0.0002684406940131029
988.035513246993,0.0002449430995746577
988.135513246993,0.00022338416742157742
988.235513246993,0.0002036150577064178
988.3355132469931,0.000185497353528573
988.4355132469931,0.0001689024182187996
988.5355132469931,0.00015371078496141668
988.6355132469931,0.00013981157772572093
988.7355132469932,0.00012710196245934423
988.8355132469932,0.00011548662748331852
988.9355132469932,0.00010487729202112289
989.0355132469932,9.519224179147637e-05
989.1355132469932,8.635589059666382e-05
989.2355132469933,7.829836684434262e-05
989.3355132469933,7.095512395063518e-05
989.4355132469933,6.426657358551877e-05
989.5355132469933,5.81777407376708e-05
989.6355132469934,5.2637939594704624e-05
989.7355132469934,4.760046925577916e-05
989.8355132469934,4.302232831658875e-05
989.9355132469934,3.8863947391452876e-05
990.0355132469934,3.50889386633366e-05
990.1355132469935,3.166386157991375e-05
990.2355132469935,2.855800384198195e-05
990.3355132469935,2.574317685944673e-05
990.4355132469935,2.319352487950515e-05
990.5355132469936,2.088534702140013e-05
990.6355132469936,1.8796931482016246e-05
990.7355132469936,1.690840120649385e-05
990.8355132469936,1.52015703478204e-05
990.9355132469937,1.3659810868887729e-05
991.0355132469937,1.2267928669676957e-05
991.1355132469937,1.10120486509535e-05
991.2355132469937,9.879508154035636e-06
991.3355132469937,8.858758243772717e-06
991.4355132469938,7.93927232876811e-06
991.5355132469938,7.111461639056417e-06
991.6355132469938,6.366597106849602e-06
991.7355132469938,5.696737220568157e-06
991.8355132469939,5.094661446143408e-06
991.9355132469939,4.553808832493813e-06
992.0355132469939,4.068221440130371e-06
992.1355132469939,3.6324922530215486e-06
992.235513246994,3.241717254147443e-06
992.335513246994,2.8914513645951185e-06
992.435513246994,2.5776679645989003e-06
992.535513246994,2.2967217326208976e-06
992.635513246994,2.04531455541012e-06
992.7355132469941,1.8204642779894186e-06
992.8355132469941,1.6194760777164718e-06
992.9355132469941,1.4399162609677388e-06
993.0355132469941,1.2795882946253986e-06
993.1355132469942,1.1365108974297632e-06
993.2355132469942,1.0088980284183754e-06
993.3355132469942,8.951406211332383e-07
993.4355132469942,7.937899230658085e-07
993.5355132469942,7.035423099517383e-07
993.6355132469943,6.232254540511738e-07
993.7355132469943,5.51785734482132e-07
993.8355132469943,4.882767860412306e-07
993.9355132469943,4.318490907743888e-07
994.0355132469944,3.8174052387614205e-07
994.1355132469944,3.372677723259374e-07
994.2355132469944,2.9781855103829456e-07
994.3355132469944,2.6284454723586005e-07
994.4355132469944,2.3185502927394666e-07
994.5355132469945,2.0441106127552274e-07
994.6355132469945,1.801202696992122e-07
994.7355132469945,1.5863211238136231e-07
994.8355132469945,1.396336046874766e-07
994.9355132469946,1.2284546119829477e-07
995.0355132469946,1.0801861486065009e-07
995.1355132469946,9.493107877125779e-08
995.2355132469946,8.338511875018012e-08
995.3355132469947,7.320470761646557e-08
995.4355132469947,6.423323461712613e-08
995.5355132469947,5.633144579706671e-08
995.6355132469947,4.937559324598394e-08
995.7355132469947,4.3255773131897725e-08
995.8355132469948,3.787443424243922e-08
995.9355132469948,3.314504041615097e-08
996.0355132469948,2.8990871767939016e-08
996.1355132469948,2.5343951005928403e-08
996.2355132469949,2.2144082411072136e-08
996.3355132469949,1.9337992215101418e-08
996.4355132469949,1.6878560175361913e-08
996.5355132469949,1.4724133114703302e-08
996.635513246995,1.2837912078355986e-08
996.735513246995,1.1187405564537362e-08
996.835513246995,9.74394201783948e-09
996.935513246995,8.482235440228124e-09
997.035513246995,7.379998579279175e-09
997.1355132469951,6.417598702227579e-09
997.2355132469951,5.577751462258245e-09
997.3355132469951,4.845248814615376e-09
997.4355132469951,4.206717348605802e-09
997.5355132469952,3.650403771152041e-09
997.6355132469952,3.165984611660255e-09
997.7355132469952,2.744397519770182e-09
997.8355132469952,2.377691799958355e-09
997.9355132469952,2.058896072645109e-09
998.0355132469953,1.7819011728595388e-09
998.1355132469953,1.5413565968884384e-09
998.2355132469953,1.3325789867309417e-09
998.3355132469953,1.1514713034770762e-09
998.4355132469954,9.944514856419361e-10
998.5355132469954,8.583895185830958e-10
998.6355132469954,7.405519578338213e-10
998.7355132469954,6.385530537988646e-10
998.8355132469954,5.503117189654563e-10
998.9355132469955,4.740136626544656e-10
999.0355132469955,4.080780933519845e-10
999.1355132469955,3.511284557056919e-10
999.2355132469955,3.019667291461135e-10
999.3355132469956,2.595508685276682e-10
999.4355132469956,2.229750148364224e-10
999.5355132469956,1.914521464754545e-10
999.6355132469956,1.6429887945243088e-10
999.7355132469957,1.40922158442105e-10
999.8355132469957,1.208076106166065e-10
999.9355132469957,1.035093607223953e-10
1000.0355132469957,8.864112948941836e-11
1000.1355132469957,7.58684584042344e-11
1000.2355132469958,6.490192245139278e-11
1000.3355132469958,5.549120888347135e-11
1000.4355132469958,4.741995465084865e-11
1000.5355132469958,4.050124801447715e-11
1000.6355132469959,3.457371126397803e-11
1000.7355132469959,2.949809153524849e-11
1000.8355132469959,2.5154295614752834e-11
1000.9355132469959,2.1438812464329802e-11
1001.035513246996,1.8262474118994284e-11
1001.135513246996,1.554851170641013e-11
1001.235513246996,1.3230868704520067e-11
1001.335513246996,1.1252738277043428e-11
1001.435513246996,9.565295679747458e-12
1001.5355132469961,8.126600379871415e-12
1001.6355132469961,6.9006457357472035e-12
1001.7355132469961,5.856536895822583e-12
1001.8355132469961,4.967780042355004e-12
1001.9355132469962,4.211668266143796e-12
1002.0355132469962,3.5687512512419265e-12
1002.1355132469962,3.022377604888608e-12
1002.2355132469962,2.5583001164571074e-12
1002.3355132469962,2.1643354952269056e-12
1002.4355132469963,1.830071242532229e-12
1002.5355132469963,1.546613278955009e-12
1002.6355132469963,1.3063687890464066e-12
1002.7355132469963,1.1028594798418935e-12
1002.8355132469964,9.30561088622849e-13
1002.9355132469964,7.847655317993406e-13
1003.0355132469964,6.614625708425899e-13
1003.1355132469964,5.572382920162468e-13
1003.2355132469964,4.691880622645903e-13
1003.3355132469965,3.9484194104757415e-13
1003.4355132469965,3.3210080333691205e-13
1003.5355132469965,2.791816678064772e-13
1003.6355132469965,2.3457093119494424e-13
1003.7355132469966,1.9698438902625046e-13
1003.8355132469966,1.653330779612535e-13
1003.9355132469966,1.3869410918120296e-13
1004.0355132469966,1.1628577812846184e-13
1004.1355132469967,9.744633605770503e-14
1004.2355132469967,8.161589527876903e-14
1004.3355132469967,6.83210145268005e-14
1004.4355132469967,5.716157516630593e-14
1004.5355132469967,4.779961430610029e-14
1004.6355132469968,3.994982857403285e-14
1004.7355132469968,3.337150331791761e-14
1004.8355132469968,2.786165726868495e-14
1004.9355132469968,2.32492230095319e-14
1005.0355132469969,1.9390109622324558e-14
