956.8035010734425,1.1362717737333132
956.9035010734425,1.1374102907066208
957.0035010734425,1.1385923591205032
957.1035010734425,1.139819178694045
957.2035010734426,1.141091958914387
957.3035010734426,1.1424119178646293
957.4035010734426,1.1437802809844604
957.5035010734426,1.1451982797629756
957.6035010734427,1.146667150363264
957.7035010734427,1.1481881321785008
957.8035010734427,1.1497624663194232
957.9035010734427,1.1513913940332199
958.0035010734427,1.1530761550540314
958.1035010734428,1.1548179858854235
958.2035010734428,1.1566181180153703
958.3035010734428,1.1584777760644653
958.4035010734428,1.1603981758682613
958.5035010734429,1.1623805224948374
958.6035010734429,1.1644260081988793
958.7035010734429,1.1665358103137697
958.8035010734429,1.168711089083381
958.903501073443,1.170952985435481
959.003501073443,1.1732626186988668
959.103501073443,1.175641084266563
959.203501073443,1.1780894512076334
959.303501073443,1.1806087598303798
959.4035010734431,1.183200019199915
959.5035010734431,1.1858642046133259
959.6035010734431,1.188602255035856
959.7035010734431,1.1914150705017632
959.8035010734432,1.1943035094837218
959.9035010734432,1.1972683862348579
960.0035010734432,1.200310468107719
960.1035010734432,1.2034304728546894
960.2035010734432,1.206629065914567
960.3035010734433,1.209906857690221
960.4035010734433,1.2132644008224382
960.5035010734433,1.2167021874652595
960.6035010734433,1.2202206465682848
960.7035010734434,1.2238201411715965
960.8035010734434,1.227500965719116
960.9035010734434,1.2312633433963551
961.0035010734434,1.2351074234986763
961.1035010734435,1.2390332788362945
961.2035010734435,1.2430409031823781
961.3035010734435,1.247130208770712
961.4035010734435,1.2513010238494704
961.5035010734435,1.2555530902977354
961.6035010734436,1.259886061311446
961.7035010734436,1.2642994991655168
961.8035010734436,1.268792873058892
961.9035010734436,1.2733655570493145
962.0035010734437,1.2780168280845787
962.1035010734437,1.2827458641370226
962.2035010734437,1.2875517424479619
962.3035010734437,1.2924334378887141
962.4035010734437,1.2973898214447825
962.5035010734438,1.3024196588296604
962.6035010734438,1.3075216092346076
962.7035010734438,1.3126942242206021
962.8035010734438,1.317935946758517
962.9035010734439,1.3232451104233838
963.0035010734439,1.3286199387484101
963.1035010734439,1.334058544744196
963.2035010734439,1.3395589305883464
963.303501073444,1.3451189874904275
963.403501073444,1.3507364957369195
963.503501073444,1.3564091249205312
963.603501073444,1.3621344343579116
963.703501073444,1.3679098736994644
963.8035010734441,1.3737327837346098
963.9035010734441,1.3796003973954671
964.0035010734441,1.3855098409615434
964.1035010734441,1.3914581354676039
964.2035010734442,1.3974421983164864
964.3035010734442,1.4034588450981802
964.4035010734442,1.4095047916160461
964.5035010734442,1.4155766561205974
964.6035010734442,1.4216709617507832
964.7035010734443,1.427784139182248
964.8035010734443,1.4339125294815354
964.9035010734443,1.4400523871647275
965.0035010734443,1.446199883458493
965.1035010734444,1.4523511097610222
965.2035010734444,1.4585020812998084
965.3035010734444,1.4646487409827313
965.4035010734444,1.4707869634383859
965.5035010734445,1.4769125592410803
965.6035010734445,1.483021279315435
965.7035010734445,1.4891088195149973
965.8035010734445,1.4951708253687999
965.9035010734445,1.501202896989293
966.0035010734446,1.5072005941346087
966.1035010734446,1.5131594414176375
966.2035010734446,1.519074933653946
966.3035010734446,1.5249425413401205
966.4035010734447,1.5307577162536856
966.5035010734447,1.5365158971653483
966.6035010734447,1.5422125156539113
966.7035010734447,1.547843002013837
966.8035010734447,1.5534027912450836
966.9035010734448,1.5588873291145093
967.0035010734448,1.5642920782778298
967.1035010734448,1.5696125244508405
967.2035010734448,1.5748441826183526
967.3035010734449,1.5799826032690638
967.4035010734449,1.5850233786443968
967.5035010734449,1.5899621489891482
967.6035010734449,1.5947946087916673
967.703501073445,1.5995165130011662
967.803501073445,1.6041236832096846
967.903501073445,1.608612013786187
968.003501073445,1.6129774779502566
968.103501073445,1.6172161337728657
968.2035010734451,1.6213241300917591
968.3035010734451,1.6252977123290653
968.4035010734451,1.629133228198875
968.5035010734451,1.6328271332926718
968.6035010734452,1.6363759965306888
968.7035010734452,1.6397765054674776
968.8035010734452,1.6430254714402315
968.9035010734452,1.646119834548676
969.0035010734452,1.6490566684556656
969.1035010734453,1.6518331849979544
969.2035010734453,1.6544467385969939
969.3035010734453,1.6568948304600015
969.4035010734453,1.659175112561983
969.5035010734454,1.6612853913998373
969.6035010734454,1.6632236315101652
969.7035010734454,1.6649879587428984
969.8035010734454,1.666576663283401
969.9035010734455,1.6679882024162433
970.0035010734455,1.6692212030244145
970.1035010734455,1.6702744638183347
970.2035010734455,1.6711469572896251
970.3035010734455,1.671837831385218
970.4035010734456,1.6723464108980202
970.5035010734456,1.6726721985709831
970.6035010734456,1.6728148759120942
970.7035010734456,1.6727444290428841
970.8035010734457,1.672380581265347
970.9035010734457,1.6717194683574739
971.0035010734457,1.6707621429005592
971.1035010734457,1.6695101273587984
971.2035010734458,1.6679654100542252
971.3035010734458,1.6661304399153545
971.4035010734458,1.664008120019026
971.5035010734458,1.661601799949389
971.6035010734458,1.6589152670022762
971.7035010734459,1.6559527362674054
971.8035010734459,1.6527188396248773
971.9035010734459,1.649218613696298
972.0035010734459,1.6454574867945317
972.103501073446,1.6414412649195387
972.203501073446,1.6371761168510197
972.303501073446,1.63266855839158
972.403501073446,1.6279254358168922
972.503501073446,1.622953908591842
972.6035010734461,1.6177614314138757
972.7035010734461,1.6123557356467146
972.8035010734461,1.606744810209282
972.9035010734461,1.6009368819860723
973.0035010734462,1.5949403958262671
973.1035010734462,1.588763994199716
973.2035010734462,1.5824164965783813
973.3035010734462,1.5759068786120607
973.4035010734463,1.569244251167103
973.5035010734463,1.5624378392964688
973.6035010734463,1.5554969612088114
973.7035010734463,1.5484310073033347
973.8035010734463,1.5412494193359727
973.9035010734464,1.5339616697809797
974.0035010734464,1.5265772414503112
974.1035010734464,1.5191056074312401
974.2035010734464,1.5115562114004846
974.3035010734465,1.503938448370752
974.4035010734465,1.4962616459230493
974.5035010734465,1.4885350459753564
974.6035010734465,1.4807677871353673
974.7035010734465,1.4729688876819493
974.8035010734466,1.4651472292168024
974.9035010734466,1.4573115410245128
975.0035010734466,1.4494703851758186
975.1035010734466,1.4416321424054606
975.2035010734467,1.4338049987924772
975.3035010734467,1.425996933267263
975.4035010734467,1.4182157059661407
975.5035010734467,1.4104688474506295
975.6035010734468,1.4027636488050352
975.7035010734468,1.3951071526224577
975.8035010734468,1.387506144885832
975.9035010734468,1.379967147747202
976.0035010734468,1.3724964132050697
976.1035010734469,1.3650999176764185
976.2035010734469,1.3577833574568419
976.3035010734469,1.3505521450591789
976.4035010734469,1.3434114064181293
976.503501073447,1.336365978945553
976.603501073447,1.3294204104185083
976.703501073447,1.322578958679606
976.803501073447,1.3158455921269305
976.903501073447,1.3092239909686127
977.0035010734471,1.3027175492151541
977.1035010734471,1.2963293773807845
977.2035010734471,1.2900623058634892
977.3035010734471,1.2839188889718949
977.4035010734472,1.2779014095659011
977.5035010734472,1.2720118842768648
977.6035010734472,1.266252069272202
977.7035010734472,1.260623466528534
977.8035010734473,1.25512733057693
977.9035010734473,1.2497646756833856
978.0035010734473,1.2445362834274496
978.1035010734473,1.2394427106418195
978.2035010734473,1.2344842976758095
978.3035010734474,1.229661176945816
978.4035010734474,1.2249732817362635
978.5035010734474,1.2204203552150232
978.6035010734474,1.2160019596279033
978.7035010734475,1.2117174856375672
978.8035010734475,1.2075661617730735
978.9035010734475,1.203547063957188
979.0035010734475,1.1996591250796542
979.1035010734475,1.1959011445857413
979.2035010734476,1.1922717980505746
979.3035010734476,1.1887696467110274
979.4035010734476,1.1853931469282586
979.5035010734476,1.1821406595553572
979.6035010734477,1.1790104591859427
979.7035010734477,1.1760007432610158
979.8035010734477,1.1731096410127904
979.9035010734477,1.1703352222257204
980.0035010734478,1.167675505796389
980.1035010734478,1.1651284680754066
980.2035010734478,1.162692050975919
980.3035010734478,1.1603641698347749
980.4035010734478,1.1581427210138147
980.5035010734479,1.1560255892301508
980.6035010734479,1.1540106546056568
980.7035010734479,1.1520957994272198
980.8035010734479,1.1502789146105794
980.903501073448,1.148557905861827
981.003501073448,1.1469306995318127
981.103501073448,1.1453952481598522
981.203501073448,1.1439495357041978
981.303501073448,1.1425915824577686
981.4035010734481,1.1413194496485932
981.5035010734481,1.1401312437253281
981.6035010734481,1.1390251203290604
981.7035010734481,1.1379992879533838
981.8035010734482,1.13705201129547
981.9035010734482,1.1361816143015122
982.0035010734482,1.1353864829105327
982.1035010734482,1.134665067501086
982.2035010734483,1.134015885045887
982.3035010734483,1.1334375209798242
982.4035010734483,1.1329286307872022
982.5035010734483,1.1324879413143951
982.6035010734483,1.1321142518143683
982.7035010734484,1.1318064347297665
982.8035010734484,1.1315634362214684
982.9035010734484,1.1313842764496465
983.0035010734484,1.1312680496145047
983.1035010734485,1.1312139237639356
983.2035010734485,1.1312211403753971
983.3035010734485,1.1312890137193266
983.4035010734485,1.1314169300114116
983.5035010734485,1.13160434636101
983.6035010734486,1.1318507895229626
983.7035010734486,1.132155854459995
983.8035010734486,1.1325192027228148
983.9035010734486,1.1329405606549405
984.0035010734487,1.1334197174292024
984.1035010734487,1.1339565229227577
984.2035010734487,1.1345508854373663
984.3035010734487,1.135202769271578
984.4035010734488,1.1359121921513786
984.5035010734488,1.1366792225257598
984.6035010734488,1.1375039767335837
984.7035010734488,1.1383866160480436
984.8035010734488,1.1393273436049467
984.9035010734489,1.140326401220995
985.0035010734489,1.1413840661081893
985.1035010734489,1.142500647490456
985.2035010734489,1.1436764831285686
985.303501073449,1.144911935759447
985.403501073449,1.1462073894559115
985.503501073449,1.1475632459130098
985.603501073449,1.1489799206670706
985.703501073449,1.1504578392536897
985.8035010734491,1.151997433310937
985.9035010734491,1.1535991366341456
986.0035010734491,1.155263381188755
986.1035010734491,1.1569905930877804
986.2035010734492,1.1587811885406147
986.3035010734492,1.160635569779996
986.4035010734492,1.1625541209741181
986.5035010734492,1.164537204131018
986.6035010734493,1.1665851550025221
986.7035010734493,1.1686982789952085
986.8035010734493,1.1708768470959956
986.9035010734493,1.173121091820143
987.0035010734493,1.1754312031896144
987.1035010734494,1.1778073247499177
987.2035010734494,1.1802495496336944
987.3035010734494,1.1827579166794877
987.4035010734494,1.1853324066142636
987.5035010734495,1.1879729383083906
987.6035010734495,1.1906793651119112
987.7035010734495,1.193451471281042
987.8035010734495,1.1962889685039328
987.9035010734495,1.199191492534789
988.0035010734496,1.2021585999455127
988.1035010734496,1.205189765004049
988.2035010734496,1.208284376688632
988.3035010734496,1.2114417358471046
988.4035010734497,1.2146610525104413
988.5035010734497,1.2179414433695284
988.6035010734497,1.22128192942415
988.7035010734497,1.2246814338129939
988.8035010734498,1.228138779833325
988.9035010734498,1.2316526891587642
989.0035010734498,1.235221780263388
989.1035010734498,1.2388445670600796
989.2035010734498,1.2425194577607694
989.3035010734499,1.2462447539658525
989.4035010734499,1.2500186499896984
989.5035010734499,1.253839232428755
989.6035010734499,1.2577044799783041
989.70350107345,1.261612263503437
989.80350107345,1.2655603463693106
989.90350107345,1.2695463850351882
990.00350107345,1.2735679299161908
990.10350107345,1.2776224265160696
990.2035010734501,1.2817072168336703
990.3035010734501,1.2858195410450843
990.4035010734501,1.2899565394627917
990.5035010734501,1.29411525477237
990.6035010734502,1.298292634546609
990.7035010734502,1.3024855340360988
990.8035010734502,1.3066907192345851
990.9035010734502,1.3109048702165815
991.0035010734503,1.3151245847439275
991.1035010734503,1.3193463821371534
991.2035010734503,1.3235667074067028
991.3035010734503,1.327781935638218
991.4035010734503,1.3319883766252778
991.5035010734504,1.3361822797421519
991.6035010734504,1.3403598390483042
991.7035010734504,1.344517198615585
991.8035010734504,1.3486504580682408
991.9035010734505,1.3527556783250967
992.0035010734505,1.3568288875325076
992.1035010734505,1.3608660871759253
992.2035010734505,1.364863258357231
992.3035010734505,1.3688163682242882
992.4035010734506,1.3727213765385264
992.5035010734506,1.3765742423657545
992.6035010734506,1.3803709308748175
992.7035010734506,1.3841074202281887
992.8035010734507,1.3877797085480896
992.9035010734507,1.3913838209412959
993.0035010734507,1.394915816565382
993.1035010734507,1.3983717957188362
993.2035010734508,1.4017479069371617
993.3035010734508,1.4050403540768794
993.4035010734508,1.408245403369143
993.5035010734508,1.4113593904245807
993.6035010734508,1.4143787271709156
993.7035010734509,1.4172999087049183
993.8035010734509,1.4201195200403134
993.9035010734509,1.4228342427333938
994.0035010734509,1.4254408613682785
994.103501073451,1.4279362698840106
994.203501073451,1.430317477726001
994.303501073451,1.4325816158047
994.403501073451,1.434725942244817
994.503501073451,1.4367478479089029
994.6035010734511,1.438644861679659
994.7035010734511,1.4404146554859523
994.8035010734511,1.4420550490581738
994.9035010734511,1.4435640143992998
995.0035010734512,1.4449396799587713
995.1035010734512,1.4461803344971331
995.2035010734512,1.4472844306302175
995.3035010734512,1.448250588042566
995.4035010734513,1.4490775963607168
995.5035010734513,1.4497644176779534
995.6035010734513,1.4503101887231198
995.7035010734513,1.4507142226671303
995.8035010734513,1.4509760105618663
995.9035010734514,1.4510952224072127
996.0035010734514,1.451066853891497
996.1035010734514,1.4508750681376148
996.2035010734514,1.4505189089801327
996.3035010734515,1.4499988941717636
996.4035010734515,1.449315779036996
996.5035010734515,1.4484705546431798
996.6035010734515,1.4474644454038978
996.7035010734515,1.4462989061227216
996.8035010734516,1.4449756184873426
996.9035010734516,1.4434964870258895
997.0035010734516,1.4418636345390399
997.1035010734516,1.440079397023254
997.2035010734517,1.4381463181021181
997.3035010734517,1.436067142984375
997.4035010734517,1.43384481196872
997.5035010734517,1.4314824535168666
997.6035010734518,1.4289833769177154
997.7035010734518,1.4263510645666848
997.8035010734518,1.4235891638854055
997.9035010734518,1.4207014789079948
998.0035010734518,1.4176919615610495
998.1035010734519,1.4145647026652972
998.2035010734519,1.4113239226875354
998.3035010734519,1.407973962272058
998.4035010734519,1.404519272581227
998.503501073452,1.4009644054751742
998.603501073452,1.3973140035608402
998.703501073452,1.39357279014065
998.803501073452,1.3897455590911032
998.903501073452,1.3858371647014218
999.0035010734521,1.3818525115021418
999.1035010734521,1.377796544113174
999.2035010734521,1.3736742371403838
999.3035010734521,1.3694905851491612
999.4035010734522,1.365250592742779
999.5035010734522,1.3609592647725477
999.6035010734522,1.3566215967059232
999.7035010734522,1.3522425651777532
999.8035010734523,1.3478271187488262
999.9035010734523,1.3433801688947606
1000.0035010734523,1.3389065812471055
1000.1035010734523,1.334411167107268
1000.2035010734523,1.3298986752525899
1000.3035010734524,1.3253737840525437
1000.4035010734524,1.320841093911623
1000.5035010734524,1.316305120054078
1000.6035010734524,1.3117702856641835
1000.7035010734525,1.30724091539425
1000.8035010734525,1.3027212292510866
1000.9035010734525,1.2982153368701321
1001.0035010734525,1.293727232184944
1001.1035010734525,1.2892607884982539
1001.2035010734526,1.2848197539592903
1001.3035010734526,1.2804077474506073
1001.4035010734526,1.276028254886194
1001.5035010734526,1.271684625921233
1001.6035010734527,1.2673800710724696
1001.7035010734527,1.2631176592468212
1001.8035010734527,1.25890031567454
1001.9035010734527,1.2547308202419911
1002.0035010734528,1.250611806217902
1002.1035010734528,1.2465457593657914
1002.2035010734528,1.2425350174342054
1002.3035010734528,1.2385817700153483
1002.4035010734528,1.234688058761755
1002.5035010734529,1.230855777949745
1002.6035010734529,1.2270866753775835
1002.7035010734529,1.2233823535855224
1002.8035010734529,1.219744271384214
1002.903501073453,1.2161737456773811
1003.003501073453,1.212671953564101
1003.103501073453,1.2092399347055902
1003.203501073453,1.2058785939409975
1003.303501073453,1.202588704136391
1003.4035010734531,1.1993709092508833
1003.5035010734531,1.1962257276036603
1003.6035010734531,1.1931535553255732
1003.7035010734531,1.19015466997891
1003.8035010734532,1.1872292343289883
1003.9035010734532,1.1843773002512878
1004.0035010734532,1.1815988127579928
1004.1035010734532,1.1788936141280049
1004.2035010734533,1.1762614481247426
1004.3035010734533,1.17370196428635
1004.4035010734533,1.171214722273274
1004.5035010734533,1.1687991962585786
1004.6035010734533,1.1664547793467828
1004.7035010734534,1.1641807880074904
1004.8035010734534,1.161976466510574
1004.9035010734534,1.159840991350218
1005.0035010734534,1.157773475645675
1005.1035010734535,1.1557729735071827
1005.2035010734535,1.1538384843560823
1005.3035010734535,1.1519689571888052
1005.4035010734535,1.150163294775017
1005.5035010734535,1.1484203577808574
1005.6035010734536,1.1467389688088538
1005.7035010734536,1.1451179163467462
