956.8035010734425,0.024741984586050963
956.9035010734425,0.025880501559357966
957.0035010734425,0.02706256997323958
957.1035010734425,0.028289389546780536
957.2035010734426,0.02956216976712166
957.3035010734426,0.03088212871736245
957.4035010734426,0.03225049183719226
957.5035010734426,0.03366849061570588
957.6035010734427,0.03513736121599215
957.7035010734427,0.03665834303122671
957.8035010734427,0.03823267717214648
957.9035010734427,0.03986160488594008
958.0035010734427,0.041546365906747935
958.1035010734428,0.04328819673813575
958.2035010734428,0.045088328868077586
958.3035010734428,0.046947986917166666
958.4035010734428,0.04886838672095589
958.5035010734429,0.050850733347523915
958.6035010734429,0.052896219051556566
958.7035010734429,0.05500602116643602
958.8035010734429,0.057181299936034574
958.903501073443,0.059423196288119706
959.003501073443,0.06173282955148829
959.103501073443,0.0641112951191643
959.203501073443,0.06655966206021138
959.303501073443,0.06907897068293055
959.4035010734431,0.07167023005243409
959.5035010734431,0.07433441546580799
959.6035010734431,0.07707246588829522
959.7035010734431,0.07988528135415264
959.8035010734432,0.08277372033605349
959.9035010734432,0.08573859708712257
960.0035010734432,0.08878067895990588
960.1035010734432,0.09190068370678588
960.2035010734432,0.09509927676655887
960.3035010734433,0.09837706854209156
960.4035010734433,0.10173461167416814
960.5035010734433,0.10517239831682666
960.6035010734433,0.10869085741966365
960.7035010734434,0.11229035202275779
960.8035010734434,0.11597117657002527
960.9035010734434,0.11973355424697314
961.0035010734434,0.12357763434895797
961.1035010734435,0.12750348968618766
961.2035010734435,0.131511114031823
961.3035010734435,0.13560041961963923
961.4035010734435,0.13977123469780078
961.5035010734435,0.1440233011453778
961.6035010734436,0.14835627215829547
961.7035010734436,0.1527697100114527
961.8035010734436,0.15726308390377636
961.9035010734436,0.16183576789298834
962.0035010734437,0.16648703892686012
962.1035010734437,0.17121607497770286
962.2035010734437,0.17602195328680142
962.3035010734437,0.18090364872543907
962.4035010734437,0.18586003227907882
962.5035010734438,0.19088986966116878
962.6035010734438,0.1959918200629167
962.7035010734438,0.2011644350452421
962.8035010734438,0.2064061575789503
962.9035010734439,0.2117153212389962
963.0035010734439,0.2170901495585004
963.1035010734439,0.22252875554796314
963.2035010734439,0.22802914138487693
963.303501073444,0.23358919827867908
963.403501073444,0.23920670651570405
963.503501073444,0.24487933568849438
963.603501073444,0.2506046451135108
963.703501073444,0.2563800844409435
963.8035010734441,0.26220299445996986
963.9035010734441,0.26807060810243427
964.0035010734441,0.27398005164753175
964.1035010734441,0.2799283461296746
964.2035010734442,0.28591240895130055
964.3035010734442,0.2919290557019461
964.4035010734442,0.29797500218445994
964.5035010734442,0.30404686664877567
964.6035010734442,0.3101411722331883
964.7035010734443,0.31625434961260185
964.8035010734443,0.32238273985272464
964.9035010734443,0.32852259746869555
965.0035010734443,0.33467009368611944
965.1035010734444,0.34082131990198594
965.2035010734444,0.3469722913424353
965.3035010734444,0.3531189509138234
965.4035010734444,0.3592571732430278
965.5035010734445,0.36538276890242427
965.6035010734445,0.3714914888144581
965.7035010734445,0.377579028830231
965.8035010734445,0.38364103447602543
965.9035010734445,0.38967310586120213
966.0035010734446,0.39567080274042266
966.1035010734446,0.40162964972268156
966.2035010734446,0.407545141619174
966.3035010734446,0.41341274892158264
966.4035010734447,0.419227923401935
966.5035010734447,0.4249861038247779
966.6035010734447,0.4306827217620147
966.7035010734447,0.4363132075003837
966.8035010734447,0.44187299603119956
966.9035010734448,0.44735753311165216
967.0035010734448,0.45276228138664865
967.1035010734448,0.4580827265599061
967.2035010734448,0.46331438360274413
967.3035010734449,0.46845280298879916
967.4035010734449,0.4734935769426857
967.5035010734449,0.4784323456904524
967.6035010734449,0.48326480369954733
967.703501073445,0.48798670589589077
967.803501073445,0.4925938738455788
967.903501073445,0.49708220188869223
968.003501073445,0.5014476632126719
968.103501073445,0.5056863158527387
968.2035010734451,0.5097943086068899
968.3035010734451,0.5137678868530844
968.4035010734451,0.5176033982563522
968.5035010734451,0.5212972983537092
968.6035010734452,0.5248461560049458
968.7035010734452,0.5282466586975727
968.8035010734452,0.5314956176944571
968.9035010734452,0.5345899730129623
969.0035010734452,0.5375267982247166
969.1035010734453,0.5403033050654795
969.2035010734453,0.5429168478449441
969.3035010734453,0.5453649276467185
969.4035010734453,0.5476451963091543
969.5035010734454,0.5497554601781484
969.6035010734454,0.5516936836235219
969.7035010734454,0.5534579923110893
969.8035010734454,0.5550466762230535
969.9035010734455,0.556458192419916
970.0035010734455,0.5576911675376556
970.1035010734455,0.558744400014521
970.2035010734455,0.5596168620423805
970.3035010734455,0.5603077012381947
970.4035010734456,0.5608162420318059
970.5035010734456,0.5611419867668815
970.6035010734456,0.5612846165125008
970.7035010734456,0.5612141169079622
970.8035010734457,0.5608502107256786
970.9035010734457,0.5601890331623451
971.0035010734457,0.5592316361614976
971.1035010734457,0.5579795414879649
971.2035010734458,0.5564347366972248
971.3035010734458,0.5545996698779954
971.4035010734458,0.5524772431875264
971.5035010734458,0.5500708052034898
971.6035010734458,0.5473841421206768
971.7035010734459,0.5444214678248989
971.8035010734459,0.5411874128805155
971.9035010734459,0.5376870124718678
972.0035010734459,0.5339256933425691
972.103501073446,0.5299092597800622
972.203501073446,0.5256438786960949
972.303501073446,0.5211360638567719
972.403501073446,0.5163926593186
972.503501073446,0.5114208221294355
972.6035010734461,0.506228004355483
972.7035010734461,0.5008219344974363
972.8035010734461,0.4952105983605248
972.9035010734461,0.4894022194446066
973.0035010734462,0.4834052389215315
973.1035010734462,0.47722829526778887
973.2035010734462,0.4708802036209479
973.3035010734462,0.464369934928595
973.4035010734463,0.45770659495838106
973.5035010734463,0.45089940323740835
973.6035010734463,0.4439576719885231
973.7035010734463,0.43689078513013796
973.8035010734463,0.4297081774050039
973.9035010734464,0.4224193137018826
974.0035010734464,0.41503366863236285
974.1035010734464,0.4075607064231131
974.2035010734464,0.4000098611816981
974.3035010734465,0.39239051759170807
974.4035010734465,0.38471199209038154
974.5035010734465,0.3769835145791552
974.6035010734465,0.36921421071466687
974.7035010734465,0.36141308482468465
974.8035010734466,0.3535890034902558
974.9035010734466,0.3457506798320808
975.0035010734466,0.3379066585357356
975.1035010734466,0.33006530164690945
975.2035010734467,0.32223477516431864
975.3035010734467,0.31442303645440006
975.4035010734467,0.3066378225083256
975.5035010734467,0.2988866390582998
975.6035010734468,0.291176750566547
975.7035010734468,0.2835151710968606
975.8035010734468,0.2759086560751076
975.9035010734468,0.2683636949416557
976.0035010734468,0.26088650469534475
976.1035010734469,0.25348302432536807
976.2035010734469,0.2461589101242729
976.3035010734469,0.23891953187225098
976.4035010734469,0.2317699698799749
976.503501073447,0.22471501287445866
976.603501073447,0.21775915670978868
976.703501073447,0.2109066038820886
976.803501073447,0.20416126382576713
976.903501073447,0.19752675396594105
977.0035010734471,0.19100640149994652
977.1035010734471,0.18460324587904633
977.2035010734471,0.17832004195981224
977.3035010734471,0.17215926379321556
977.4035010734472,0.1661231090181932
977.5035010734472,0.16021350382537083
977.6035010734472,0.1544321084557218
977.7035010734472,0.14878032319821183
977.8035010734473,0.1432592948499307
977.9035010734473,0.13786992360183029
978.0035010734473,0.13261287031297894
978.1035010734473,0.12748856413618956
978.2035010734473,0.12249721045798803
978.3035010734474,0.11763879911614458
978.4035010734474,0.11291311285839048
978.5035010734474,0.10831973600647972
978.6035010734474,0.1038580632904192
978.7035010734475,0.09952730881847512
978.8035010734475,0.09532651514945947
978.9035010734475,0.09125456243479929
979.0035010734475,0.08731017759898378
979.1035010734475,0.08349194352816167
979.2035010734476,0.07979830823791559
979.3035010734476,0.07622759399255981
979.4035010734476,0.07277800634968573
979.5035010734476,0.06944764310510701
979.6035010734477,0.06623450311482211
979.7035010734477,0.06313649497211161
979.8035010734477,0.06015144551940758
979.9035010734477,0.05727710817610959
980.0035010734478,0.05451117106506379
980.1035010734478,0.05185126492196565
980.2035010734478,0.04929497077348002
980.3035010734478,0.04683982737139423
980.4035010734478,0.044483338371618455
980.5035010734479,0.0422229792483205
980.6035010734479,0.040056203934922804
980.7035010734479,0.03798045118509194
980.8035010734479,0.035993150648211646
980.903501073448,0.03409172865514512
981.003501073448,0.032273613711356064
981.103501073448,0.030536241695669306
981.203501073448,0.028877060764106406
981.303501073448,0.02729353595932749
981.4035010734481,0.025783153527246076
981.5035010734481,0.024343424943357082
981.6035010734481,0.022971890652227635
981.7035010734481,0.021666123524446437
981.8035010734482,0.020423732036108477
981.9035010734482,0.019242363176628686
982.0035010734482,0.018119705091330426
982.1035010734482,0.017053489465843678
982.2035010734483,0.016041493659873736
982.3035010734483,0.01508154259836555
982.4035010734483,0.014171510428493602
982.5035010734483,0.013309321951252484
982.6035010734483,0.012492953836712938
982.7035010734484,0.01172043563224251
982.8035010734484,0.010989850573172257
982.9035010734484,0.010299336205522733
983.0035010734484,0.009647084830487252
983.1035010734485,0.009031343780409653
983.2035010734485,0.008450415535990432
983.3035010734485,0.007902657694412582
983.4035010734485,0.007386482797998013
983.5035010734485,0.006900358032891333
983.6035010734486,0.006442804807121571
983.7035010734486,0.006012398217217366
983.8035010734486,0.005607766412350223
983.9035010734486,0.0052275898647553085
984.0035010734487,0.004870600554933684
984.1035010734487,0.004535581079875585
984.2035010734487,0.00422136369226405
984.3035010734487,0.003926829278324384
984.4035010734488,0.003650906281679706
984.5035010734488,0.003392569580258356
984.6035010734488,0.003150839322977598
984.7035010734488,0.0029247797326013127
984.8035010734488,0.0027134978808396708
984.9035010734489,0.0025161424414273242
985.0035010734489,0.0023319024265855454
985.1035010734489,0.002160005911944088
985.2035010734489,0.001999718754672097
985.303501073449,0.0018503433092451626
985.403501073449,0.001711217144958906
985.503501073449,0.001581711768989331
985.603501073449,0.0014612313584975085
985.703501073449,0.0013492115049817844
985.8035010734491,0.0012451179737953857
985.9035010734491,0.0011484454814716897
986.0035010734491,0.0010587164932339577
986.1035010734491,0.0009754800428115777
986.2035010734492,0.000898310576441044
986.3035010734492,0.0008268068226974026
986.4035010734492,0.0007605906895807962
986.5035010734492,0.0006993061900732476
986.6035010734493,0.0006426183971829272
986.7035010734493,0.0005902124293068817
986.8035010734493,0.0005417924665684156
986.9035010734493,0.000497080798622011
987.0035010734493,0.0004558169042665037
987.1035010734494,0.00041775656306616805
987.2035010734494,0.0003826709990490062
987.3035010734494,0.0003503460564316532
987.4035010734494,0.00032058140721060775
987.5035010734495,0.0002931897903595774
987.6035010734495,0.0002679962822822724
987.7035010734495,0.0002448375980885639
987.8035010734495,0.00022356142318921663
987.9035010734495,0.00020402577463990887
988.0035010734496,0.00018609839160865096
988.1035010734496,0.0001696561542915144
988.2035010734496,0.0001545845305594053
988.3035010734496,0.00014077704958303697
988.4035010734497,0.00012813480165384567
988.5035010734497,0.0001165659633949576
988.6035010734497,0.00010598534753804683
988.7035010734497,9.63139764286172e-05
988.8035010734498,8.747867841353054e-05
988.9035010734498,7.941170626010381e-05
989.0035010734498,7.205037675544327e-05
989.1035010734498,6.533673063754766e-05
989.2035010734498,5.921721201573684e-05
989.3035010734499,5.3642366446840604e-05
989.4035010734499,4.856655684501724e-05
989.5035010734499,4.3947696416754306e-05
989.6035010734499,3.97469978282834e-05
989.70350107345,3.592873783004059e-05
989.80350107345,3.246003658169819e-05
989.90350107345,2.9310650941440065e-05
990.00350107345,2.6452781004352848e-05
990.10350107345,2.386088919685325e-05
990.2035010734501,2.1511531256791425e-05
990.3035010734501,1.9383198452088493e-05
990.4035010734501,1.7456170414337064e-05
990.5035010734501,1.5712377987562692e-05
990.6035010734502,1.413527551620054e-05
990.7035010734502,1.2709722020153118e-05
990.8035010734502,1.1421870728469283e-05
990.9035010734502,1.0259066466621325e-05
991.0035010734503,9.209750415477629e-06
991.1035010734503,8.263371782797569e-06
991.2035010734503,7.410305950351258e-06
991.3035010734503,6.641778681533297e-06
991.4035010734503,5.949795995551434e-06
991.5035010734504,5.327079334888334e-06
991.6035010734504,4.767005672724738e-06
991.7035010734504,4.2635522263515935e-06
991.8035010734504,3.8112454612645666e-06
991.9035010734505,3.4051140886157477e-06
992.0035010734505,3.0406457759820007e-06
992.1035010734505,2.713747307994833e-06
992.2035010734505,2.420707949260375e-06
992.3035010734505,2.1581657771837445e-06
992.4035010734506,1.923076766805467e-06
992.5035010734506,1.7126864235674576e-06
992.6035010734506,1.5245037730637638e-06
992.7035010734506,1.3562775293102556e-06
992.8035010734507,1.2059742749029147e-06
992.9035010734507,1.071758497643326e-06
993.0035010734507,9.519743388104709e-07
993.1035010734507,8.451289182691144e-07
993.2035010734508,7.498771110471218e-07
993.3035010734508,6.650076589075019e-07
993.4035010734508,5.89430508807007e-07
993.5035010734508,5.221652779930605e-07
993.6035010734508,4.6233075286625876e-07
993.7035010734509,4.0913533564805246e-07
993.8035010734509,3.6186835936407157e-07
993.9035010734509,3.198921977038394e-07
994.0035010734509,2.826351019684499e-07
994.103501073451,2.4958470258935695e-07
994.203501073451,2.2028211761399808e-07
994.303501073451,1.943166151268458e-07
994.403501073451,1.7132078082665548e-07
994.503501073451,1.5096614593051358e-07
994.6035010734511,1.329592342403479e-07
994.7035010734511,1.170379906050287e-07
994.8035010734511,1.029685561572859e-07
994.9035010734511,9.054235861516373e-08
995.0035010734512,7.957348862757644e-08
995.1035010734512,6.989633562702132e-08
995.2035010734512,6.13634589432716e-08
995.3035010734512,5.3843672042855966e-08
995.4035010734513,4.7220319702594005e-08
995.5035010734513,4.138972971302626e-08
995.6035010734513,3.625982235024573e-08
995.7035010734513,3.1748862362755774e-08
995.8035010734513,2.7784339603311146e-08
995.9035010734514,2.430196570345246e-08
996.0035010734514,2.1244775349201595e-08
996.1035010734514,1.8562321778281927e-08
996.2035010734514,1.6209957089793556e-08
996.3035010734515,1.4148188843623424e-08
996.4035010734515,1.2342105235594354e-08
996.5035010734515,1.0760861871634741e-08
996.6035010734515,9.377223835815581e-09
996.7035010734515,8.167157358302401e-09
996.8035010734516,7.109465945059881e-09
996.9035010734516,6.185466336136565e-09
997.0035010734516,5.378700117807591e-09
997.1035010734516,4.674677229712178e-09
997.2035010734517,4.060647985041604e-09
997.3035010734517,3.5254005631821637e-09
997.4035010734517,3.0590812431008944e-09
997.5035010734517,2.653034925049867e-09
997.6035010734518,2.299663740486588e-09
997.7035010734518,1.992301777891523e-09
997.8035010734518,1.7251041576308434e-09
997.9035010734518,1.4929488742064384e-09
998.0035010734518,1.2913499910255094e-09
998.1035010734519,1.1163809229218362e-09
998.2035010734519,9.646066766363316e-10
998.3035010734519,8.330240407463756e-10
998.4035010734519,7.19008825428337e-10
998.503501073452,6.202693501361976e-10
998.603501073452,5.348054648665003e-10
998.703501073452,4.6087246914338176e-10
998.803501073452,3.9694936309489213e-10
998.903501073452,3.417109278188035e-10
999.0035010734521,2.9400318839283296e-10
999.1035010734521,2.5282186304164033e-10
999.2035010734521,2.1729344673912146e-10
999.3035010734521,1.8665861744958096e-10
999.4035010734522,1.6025768879287542e-10
999.5035010734522,1.3751786460597924e-10
999.6035010734522,1.1794207907249256e-10
999.7035010734522,1.0109923116814507e-10
999.8035010734523,8.661564445416836e-11
999.9035010734523,7.416760303826549e-11
1000.0035010734523,6.347483208184549e-11
1000.1035010734523,5.42948068021804e-11
1000.2035010734523,4.641778771465674e-11
1000.3035010734524,3.9662492076717104e-11
1000.4035010734524,3.387232230473129e-11
1000.5035010734524,2.8912081693189922e-11
1000.6035010734524,2.4665116211236162e-11
1000.7035010734525,2.103082860892615e-11
1000.8035010734525,1.7922517645788325e-11
1000.9035010734525,1.5265501056375687e-11
1001.0035010734525,1.2995485980043134e-11
1001.1035010734525,1.105715508396584e-11
1001.2035010734526,9.402940569686311e-12
1001.3035010734526,7.991961736732368e-12
1001.4035010734526,6.789104837676267e-12
1001.5035010734526,5.764226646794502e-12
1001.6035010734527,4.8914655230937055e-12
1001.7035010734527,4.148645816802885e-12
1001.8035010734527,3.5167632809848613e-12
1001.9035010734527,2.9795407372500223e-12
1002.0035010734528,2.523044633709644e-12
1002.1035010734528,2.135354348207713e-12
1002.2035010734528,1.8062771516626585e-12
1002.3035010734528,1.5271026737092052e-12
1002.4035010734528,1.290391522232464e-12
1002.5035010734529,1.0897934143659095e-12
1002.6035010734529,9.198907918852884e-13
1002.7035010734529,7.760644299481658e-13
1002.8035010734529,6.543780147243063e-13
1002.903501073453,5.514790713573075e-13
1003.003501073453,4.645139765573557e-13
1003.103501073453,3.910550966751949e-13
1003.203501073453,3.2903835825193146e-13
1003.303501073453,2.7670978895148863e-13
1003.4035010734531,2.325797669957833e-13
1003.5035010734531,1.9538389070432353e-13
1003.6035010734531,1.6404952996139064e-13
1003.7035010734531,1.3766725142886384e-13
1003.8035010734532,1.15466421741523e-13
1003.9035010734532,9.67943900775743e-14
1004.0035010734532,8.109873540797856e-14
1004.1035010734532,6.791213615273018e-14
1004.2035010734533,5.683948244249987e-14
1004.3035010734533,4.754690503343232e-14
1004.4035010734533,3.975244131118178e-14
1004.5035010734533,3.321809875557697e-14
1004.6035010734533,2.7743110595244985e-14
1004.7035010734534,2.315820792209168e-14
1004.8035010734534,1.9320757917932234e-14
1004.9035010734534,1.6110639641207363e-14
1005.0035010734534,1.3426747525478243e-14
1005.1035010734535,1.1184028781689558e-14
1005.2035010734535,9.310974643553017e-15
1005.3035010734535,7.74749717012529e-15
1005.4035010734535,6.443133398410822e-15
1005.5035010734535,5.3555272604209845e-15
1005.6035010734536,4.449147049584292e-15
1005.7035010734536,3.6942025183088766e-15
