958.1355132469862,1.4267566674731755
958.2355132469862,1.4289843148677694
958.3355132469862,1.4312860638154832
958.4355132469863,1.4336634621982436
958.5355132469863,1.4361180469658064
958.6355132469863,1.438651341666358
958.7355132469863,1.441264853898362
958.8355132469864,1.4439600726854729
958.9355132469864,1.4467384657765945
959.0355132469864,1.4496014768734113
959.1355132469864,1.4525505227879862
959.2355132469864,1.455586990533275
959.3355132469865,1.458712234349681
959.4355132469865,1.461927572671033
959.5355132469865,1.4652342850336466
959.6355132469865,1.468633608932394
959.7355132469866,1.4721267366279829
959.8355132469866,1.4757148119099077
959.9355132469866,1.4793989268198091
960.0355132469866,1.4831801183402422
960.1355132469866,1.487059365054114
960.2355132469867,1.4910375837803078
960.3355132469867,1.495115626191268
960.4355132469867,1.4992942754185585
960.5355132469867,1.5035742426526564
960.6355132469868,1.5079561637434589
960.7355132469868,1.512440595808222
960.8355132469868,1.517028013853845
960.9355132469868,1.5217188074206232
961.0355132469869,1.5265132772547811
961.1355132469869,1.5314116320172726
961.2355132469869,1.5364139850364953
961.3355132469869,1.5415203511127182
961.435513246987,1.5467306433821495
961.535513246987,1.5520446702486903
961.635513246987,1.5574621323915157
961.735513246987,1.5629826198567052
961.835513246987,1.5686056092412064
961.9355132469871,1.5743304609774538
962.0355132469871,1.58015641672699
962.1355132469871,1.586082596891428
962.2355132469871,1.592107998249082
962.3355132469871,1.5982314917255354
962.4355132469872,1.604451820306359
962.5355132469872,1.610767597100093
962.6355132469872,1.6171773035594956
962.7355132469872,1.6236792878689177
962.8355132469873,1.6302717635055035
962.9355132469873,1.636952807981728
963.0355132469873,1.6437203617765637
963.1355132469873,1.6505722274623413
963.2355132469874,1.6575060690340957
963.3355132469874,1.6645194114479094
963.4355132469874,1.6716096403744525
963.5355132469874,1.6787740021735802
963.6355132469874,1.6860096040954917
963.7355132469875,1.6933134147135733
963.8355132469875,1.70068226459364
963.9355132469875,1.7081128472038682
964.0355132469875,1.7156017200692573
964.1355132469876,1.7231453061739952
964.2355132469876,1.7307398956146094
964.3355132469876,1.7383816475062839
964.4355132469876,1.7460665921441914
964.5355132469876,1.7537906334211546
964.6355132469877,1.761549551502392
964.7355132469877,1.7693390057575342
964.8355132469877,1.7771545379495137
964.9355132469877,1.7849915756793395
965.0355132469878,1.792845436085163
965.1355132469878,1.8007113297934336
965.2355132469878,1.808584365119322
965.3355132469878,1.816459552512968
965.4355132469879,1.8243318092474905
965.5355132469879,1.8321959643440606
965.6355132469879,1.8400467637287279
965.7355132469879,1.847878875615053
965.835513246988,1.8556868961059925
965.935513246988,1.8634653550078641
966.035513246988,1.87120872184862
966.135513246988,1.87891141209206
966.235513246988,1.8865677935390375
966.3355132469881,1.8941721929061373
966.4355132469881,1.9017189025717651
966.5355132469881,1.9092021874790381
966.6355132469881,1.9166162921843628
966.7355132469881,1.9239554480400924
966.8355132469882,1.9312138804991745
966.9355132469882,1.938385816529271
967.0355132469882,1.9454654921233976
967.1355132469882,1.952447159893746
967.2355132469883,1.9593250967349938
967.3355132469883,1.966093611543061
967.4355132469883,1.9727470529749944
967.5355132469883,1.9792798172353798
967.6355132469884,1.9856863558744533
967.7355132469884,1.9919611835829003
967.8355132469884,1.9980988859681548
967.9355132469884,2.004094127296908
968.0355132469884,2.009941658188442
968.1355132469885,2.0156363232433705
968.2355132469885,2.0211730685923532
968.3355132469885,2.026546949349404
968.4355132469885,2.0317531369544737
968.5355132469886,2.0367869263901186
968.6355132469886,2.0416437432572168
968.7355132469886,2.046319150694889
968.8355132469886,2.0508088561300366
968.9355132469886,2.0551087178421596
969.0355132469887,2.0592147513294674
969.1355132469887,2.063123135462615
969.2355132469887,2.0668302184128273
969.3355132469887,2.070332523341575
969.4355132469888,2.07362675383945
969.5355132469888,2.0767097991023777
969.6355132469888,2.079578738833852
969.7355132469888,2.082230847862428
969.8355132469889,2.084663600464319
969.9355132469889,2.0868746743815674
970.0355132469889,2.088861954526902
970.1355132469889,2.090623536367094
970.235513246989,2.0921577289773063
970.335513246989,2.0934630577596693
970.435513246989,2.0945382668200545
970.535513246989,2.095382320997779
970.635513246989,2.0959944075437567
970.7355132469891,2.0963739374433956
970.8355132469891,2.096520546381348
970.9355132469891,2.0963537580840805
971.0355132469891,2.0957448067295945
971.1355132469891,2.094693096161327
971.2355132469892,2.0932005656343966
971.3355132469892,2.0912699627200606
971.4355132469892,2.088904834920533
971.5355132469892,2.08610951885327
971.6355132469893,2.0828891270511902
971.7355132469893,2.079249532435402
971.8355132469893,2.0751973505268007
971.9355132469893,2.0707399194723273
972.0355132469894,2.0658852779706858
972.1355132469894,2.0606421411908906
972.2355132469894,2.055019874785035
972.3355132469894,2.0490284671042005
972.4355132469894,2.0426784997333245
972.5355132469895,2.0359811164671524
972.6355132469895,2.028947990855046
972.7355132469895,2.0215912924474013
972.8355132469895,2.0139236518807064
972.9355132469896,2.005958124941848
973.0355132469896,1.99770815575511
973.1355132469896,1.9891875392374359
973.2355132469896,1.9804103829689046
973.3355132469896,1.9713910686260032
973.4355132469897,1.962144213125223
973.5355132469897,1.9526846296236824
973.6355132469897,1.9430272885220023
973.7355132469897,1.9331872786124538
973.8355132469898,1.923179768512564
973.9355132469898,1.913019968520877
974.0355132469898,1.9027230930274728
974.1355132469898,1.8923043236071866
974.2355132469899,1.881778772918267
974.3355132469899,1.8711614495235045
974.4355132469899,1.8604672237447004
974.5355132469899,1.849710794654765
974.63551324699,1.8389066583047848
974.73551324699,1.8280690772761088
974.83551324699,1.817212051639952
974.93551324699,1.8063492913992134
975.03551324699,1.795494190479233
975.1355132469901,1.7846598023260851
975.2355132469901,1.7738588171628087
975.3355132469901,1.7631035409457159
975.4355132469901,1.7524058760546743
975.5355132469901,1.7417773037430628
975.6355132469902,1.7312288683649775
975.7355132469902,1.7207711633893048
975.8355132469902,1.7104143192024552
975.9355132469902,1.7001679926939683
976.0355132469903,1.6900413586118432
976.1355132469903,1.680043102667376
976.2355132469903,1.6701814163625222
976.3355132469903,1.6604639935063699
976.4355132469904,1.6508980283812444
976.5355132469904,1.6414902155132676
976.6355132469904,1.6322467509969132
976.7355132469904,1.6231733353182223
976.8355132469904,1.6142751776168958
976.9355132469905,1.6055570013234757
977.0355132469905,1.597023051104254
977.1355132469905,1.5886771010434375
977.2355132469905,1.5805224639894218
977.3355132469906,1.5725620019898068
977.4355132469906,1.5647981377379978
977.5355132469906,1.557232866952896
977.6355132469906,1.5498677716122538
977.7355132469906,1.5427040339597575
977.8355132469907,1.5357424512057993
977.9355132469907,1.5289834508421634
978.0355132469907,1.5224271064914974
978.1355132469907,1.5160731542134291
978.2355132469908,1.5099210091905015
978.3355132469908,1.503969782718723
978.4355132469908,1.4982182994294422
978.5355132469908,1.4926651146714183
978.6355132469909,1.4873085319843717
978.7355132469909,1.4821466205979188
978.8355132469909,1.4771772328926056
978.9355132469909,1.4723980217627373
979.035513246991,1.4678064578238161
979.135513246991,1.4633998464106395
979.235513246991,1.4591753443154487
979.335513246991,1.4551299762189136
979.435513246991,1.4512606507702082
979.5355132469911,1.447564176275901
979.6355132469911,1.444037275960895
979.7355132469911,1.4406766027681153
979.8355132469911,1.4374787536671105
979.9355132469911,1.4344402834451344
980.0355132469912,1.4315577179576147
980.1355132469912,1.428827566818192
980.2355132469912,1.426246335511678
980.3355132469912,1.4238105369163643
980.4355132469913,1.4215167022250654
980.5355132469913,1.4193613912571221
980.6355132469913,1.417341202156292
980.7355132469913,1.415452780472024
980.8355132469914,1.4136928276240328
980.9355132469914,1.4120581087523663
981.0355132469914,1.410545459957279
981.1355132469914,1.4091517949351935
981.2355132469914,1.4078741110188457
981.3355132469915,1.406709494631367
981.4355132469915,1.4056551261655619
981.5355132469915,1.4047082843009917
981.6355132469915,1.4038663497726787
981.7355132469916,1.4031268086063002
981.8355132469916,1.4024872548356655
981.9355132469916,1.4019453927190386
982.0355132469916,1.4014990384715258
982.1355132469916,1.4011461215312693
982.2355132469917,1.4008846853775916
982.3355132469917,1.4007128879195294
982.4355132469917,1.4006290014733862
982.5355132469917,1.4006314123480188
982.6355132469918,1.4007186200565784
982.7355132469918,1.4008892361733418
982.8355132469918,1.4011419828541083
982.9355132469918,1.4014756910384207
983.0355132469919,1.4018892983515714
983.1355132469919,1.4023818467240257
983.2355132469919,1.4029524797455055
983.3355132469919,1.4036004397705544
983.435513246992,1.404325064791946
983.535513246992,1.4051257850978263
983.635513246992,1.4060021197279644
983.735513246992,1.4069536727439906
983.835513246992,1.4079801293279601
983.9355132469921,1.4090812517230713
984.0355132469921,1.4102568750298323
984.1355132469921,1.4115069028704599
984.2355132469921,1.4128313029337842
984.3355132469922,1.4142301024124424
984.4355132469922,1.415703383343666
984.5355132469922,1.4172512778645137
984.6355132469922,1.4188739633919656
984.7355132469922,1.4205716577378882
984.8355132469923,1.4223446141684946
984.9355132469923,1.4241931164175714
985.0355132469923,1.4261174736624171
985.1355132469923,1.4281180154711346
985.2355132469924,1.4301950867296622
985.3355132469924,1.4323490425566752
985.4355132469924,1.4345802432142964
985.5355132469924,1.436889049022357
985.6355132469924,1.4392758152838079
985.7355132469925,1.4417408872287518
985.8355132469925,1.4442845949844583
985.9355132469925,1.446907248578659
986.0355132469925,1.4496091329833538
986.1355132469926,1.452390503206332
986.2355132469926,1.455251579437588
986.3355132469926,1.4581925422578208
986.4355132469926,1.4612135279162142
986.5355132469927,1.4643146236847184
986.6355132469927,1.4674958632960975
986.7355132469927,1.4707572224730403
986.8355132469927,1.4740986145556887
986.9355132469927,1.4775198862349754
987.0355132469928,1.4810208133992238
987.1355132469928,1.4846010971015002
987.2355132469928,1.4882603596552557
987.3355132469928,1.4919981408658232
987.4355132469929,1.4958138944053658
987.5355132469929,1.4997069843388784
987.6355132469929,1.5036766818088463
987.7355132469929,1.5077221618861463
987.835513246993,1.511842500594737
987.935513246993,1.5160366721176317
988.035513246993,1.5203035461915688
988.135513246993,1.5246418856976915
988.235513246993,1.5290503444554275
988.3355132469931,1.5335274652266042
988.4355132469931,1.5380716779366583
988.5355132469931,1.542681298119593
988.6355132469931,1.5473545255930987
988.7355132469932,1.5520894433699934
988.8355132469932,1.55688401681184
988.9355132469932,1.5617360930302746
989.0355132469932,1.5666434005412293
989.1355132469932,1.5716035491768443
989.2355132469933,1.5766140302594507
989.3355132469933,1.581672217041562
989.4355132469933,1.5867753654153405
989.5355132469933,1.5919206148945
989.6355132469934,1.597104989871086
989.7355132469934,1.6023254011490105
989.8355132469934,1.6075786477556444
989.9355132469934,1.6128614190321744
990.0355132469934,1.6181702970027911
990.1355132469935,1.6235017590221499
990.2355132469935,1.6288521806998655
990.3355132469935,1.6342178391001376
990.4355132469935,1.6395949162139005
990.5355132469936,1.6449795027001892
990.6355132469936,1.6503676018927018
990.7355132469936,1.6557551340668133
990.8355132469936,1.6611379409615652
990.9355132469937,1.6665117905504385
991.0355132469937,1.6718723820539751
991.1355132469937,1.6772153511865988
991.2355132469937,1.682536275629261
991.3355132469937,1.6878306807188297
991.4355132469938,1.6930940453444405
991.5355132469938,1.6983218080403404
991.6355132469938,1.7035093732640962
991.7355132469938,1.7086521178483804
991.8355132469939,1.713745397613933
991.9355132469939,1.7187845541306885
992.0355132469939,1.723764921613495
992.1355132469939,1.7286818339383012
992.235513246994,1.7335306317641859
992.335513246994,1.7383066697461287
992.435513246994,1.743005323822982
992.535513246994,1.7476219985647157
992.635513246994,1.7521521345626443
992.7355132469941,1.7565912158460386
992.8355132469941,1.7609347773082626
992.9355132469941,1.7651784121253506
993.0355132469941,1.7693177791497765
993.1355132469942,1.773348610262045
993.2355132469942,1.777266717662663
993.3355132469942,1.7810680010870366
993.4355132469942,1.7847484549258676
993.5355132469942,1.7883041752337179
993.6355132469943,1.791731366608543
993.7355132469943,1.7950263489251985
993.8355132469943,1.7981855639061617
993.9355132469943,1.8012055815130132
994.0355132469944,1.8040831061425808
994.1355132469944,1.8068149826120412
994.2355132469944,1.8093982019177326
994.3355132469944,1.8118299067529424
994.4355132469944,1.8141073967704704
994.5355132469945,1.8162281335763786
994.6355132469945,1.818189745441971
994.7355132469945,1.8199900317217437
994.8355132469945,1.8216269669657554
994.9355132469946,1.8230987047156497
995.0355132469946,1.8244035809743466
995.1355132469946,1.8255401173402641
995.2355132469946,1.8265070237977916
995.3355132469947,1.8273032011566261
995.4355132469947,1.827927743133506
995.5355132469947,1.828379938070813
995.6355132469947,1.8286592702874689
995.7355132469947,1.8287654210585298
995.8355132469948,1.8286781235652196
995.9355132469948,1.8283668222558624
996.0355132469948,1.8278316531788363
996.1355132469948,1.8270734066659229
996.2355132469949,1.826093201429471
996.3355132469949,1.8248924818117533
996.4355132469949,1.8234730142383007
996.5355132469949,1.8218368828874039
996.635513246995,1.8199864845906397
996.735513246995,1.8179245229818846
996.835513246995,1.8156540019148006
996.935513246995,1.8131782181712346
997.035513246995,1.810500753485289
997.1355132469951,1.8076254659100817
997.2355132469951,1.8045564805563061
997.3355132469951,1.8012981797337109
997.4355132469951,1.7978551925284572
997.5355132469952,1.79423238385104
997.6355132469952,1.790434842991015
997.7355132469952,1.7864678717161895
997.8355132469952,1.7823369719551811
997.9355132469952,1.7780478331033511
998.0355132469953,1.7736063189930207
998.1355132469953,1.7690184545696521
998.2355132469953,1.7642904123162415
998.3355132469953,1.7594284984685944
998.4355132469954,1.754439139064381
998.5355132469954,1.7493288658689479
998.6355132469954,1.7441043022207519
998.7355132469954,1.7387721488390184
998.8355132469954,1.7333391696357954
998.9355132469955,1.727812177573984
999.0355132469955,1.7221980206121767
999.1355132469955,1.7165035677762486
999.2355132469955,1.710735695396603
999.3355132469956,1.7049012735488014
999.4355132469956,1.6990071527340098
999.5355132469956,1.6930601508342644
999.6355132469956,1.6870670403760255
999.7355132469957,1.681034536133852
999.8355132469957,1.6749692831042884
999.9355132469957,1.6688778448782373
1000.0355132469957,1.6627666924381925
1000.1355132469957,1.656642193404747
1000.2355132469958,1.650510601754763
1000.3355132469958,1.6443780480315318
1000.4355132469958,1.6382505300651418
1000.5355132469958,1.6321339042191472
1000.6355132469959,1.6260338771774818
1000.7355132469959,1.619955998283406
1000.8355132469959,1.6139056524401298
1000.9355132469959,1.607888053580612
1001.035513246996,1.601908238711918
1001.135513246996,1.595971062537435
1001.235513246996,1.59008119265819
1001.335513246996,1.5842431053525128
1001.435513246996,1.5784610819313438
1001.5355132469961,1.572739205664591
1001.6355132469961,1.5670813592721233
1001.7355132469961,1.5614912229712445
1001.8355132469961,1.5559722730708192
1001.9355132469962,1.5505277811006486
1002.0355132469962,1.5451608134631907
1002.1355132469962,1.5398742315933314
1002.2355132469962,1.5346706926106002
1002.3355132469962,1.5295526504470274
1002.4355132469963,1.5245223574327316
1002.5355132469963,1.519581866320335
1002.6355132469963,1.5147330327284028
1002.7355132469963,1.5099775179833155
1002.8355132469964,1.5053167923383077
1002.9355132469964,1.500752138547809
1003.0355132469964,1.4962846557747713
1003.1355132469964,1.491915263808271
1003.2355132469964,1.4876447075684225
1003.3355132469965,1.4834735618754489
1003.4355132469965,1.4794022364596888
1003.5355132469965,1.47543098118933
1003.6355132469965,1.4715598914927597
1003.7355132469966,1.4677889139526168
1003.8355132469966,1.464117852048901
