958.1355132469862,9.32753010820326e-13
958.2355132469862,1.0760672156169598e-12
958.3355132469862,1.2409288546027237e-12
958.4355132469863,1.4305041062213029e-12
958.5355132469863,1.6484131754286836e-12
958.6355132469863,1.8987937259467696e-12
958.7355132469863,2.186372929980991e-12
958.8355132469864,2.516549271179243e-12
958.9355132469864,2.895485381437809e-12
959.0355132469864,3.330213354795978e-12
959.1355132469864,3.828754164205928e-12
959.2355132469864,4.400253011758136e-12
959.3355132469865,5.055132672586573e-12
959.4355132469865,5.805267150062275e-12
959.5355132469865,6.664178248224301e-12
959.6355132469865,7.647257990255783e-12
959.7355132469866,8.772020173152642e-12
959.8355132469866,1.0058384752939566e-11
959.9355132469866,1.1528999206731767e-11
960.0355132469866,1.3209601523011678e-11
960.1355132469866,1.5129430035657492e-11
960.2355132469867,1.732168594713229e-11
960.3355132469867,1.9824055089128576e-11
960.4355132469867,2.2679296252936658e-11
960.5355132469867,2.5935904295798783e-11
960.6355132469868,2.964885720337369e-11
960.7355132469868,3.3880457373047343e-11
960.8355132469868,3.8701278590184185e-11
960.9355132469868,4.41912315127372e-11
961.0355132469869,5.044076197349987e-11
961.1355132469869,5.755219806971842e-11
961.2355132469869,6.564126385447131e-11
961.3355132469869,7.483877949252224e-11
961.435513246987,8.52925700166723e-11
961.535513246987,9.716960734236465e-11
961.635513246987,1.1065841299417466e-10
961.735513246987,1.2597175209611987e-10
961.835513246987,1.4334965260936884e-10
961.9355132469871,1.6306278759986915e-10
962.0355132469871,1.8541626252181403e-10
962.1355132469871,2.1075385415141901e-10
962.2355132469871,2.3946275294362914e-10
962.3355132469871,2.7197886626086865e-10
962.4355132469872,3.087927461908177e-10
962.5355132469872,3.504562125875852e-10
962.6355132469872,3.975897496008078e-10
962.7355132469872,4.5089076236926784e-10
962.8355132469873,5.111427898247308e-10
962.9355132469873,5.792257797600612e-10
963.0355132469873,6.561275435521745e-10
963.1355132469873,7.429565202924256e-10
963.2355132469874,8.409559936698759e-10
963.3355132469874,9.515199198912163e-10
963.4355132469874,1.0762105413293325e-09
963.5355132469874,1.216777978605662e-09
963.6355132469874,1.375182013575843e-09
963.7355132469875,1.5536162973619766e-09
963.8355132469875,1.7545352413307493e-09
963.9355132469875,1.9806838749386247e-09
964.0355132469875,2.235130982856277e-09
964.1355132469876,2.521305864959354e-09
964.2355132469876,2.8430390968670367e-09
964.3355132469876,3.204607705975996e-09
964.4355132469876,3.610785218647122e-09
964.5355132469876,4.066897078650622e-09
964.6355132469877,4.5788819854760315e-09
964.7355132469877,5.153359754008586e-09
964.8355132469877,5.797706354727228e-09
964.9355132469877,6.520136856383624e-09
965.0355132469878,7.329797061499504e-09
965.1355132469878,8.236864699420061e-09
965.2355132469878,9.252661122570433e-09
965.3355132469878,1.038977453949814e-08
965.4355132469879,1.166219591379914e-08
965.5355132469879,1.3085468761715934e-08
965.6355132469879,1.4676854193690947e-08
965.7355132469879,1.6455512667135314e-08
965.835513246988,1.8442704049855492e-08
965.935513246988,2.06620077367259e-08
966.035513246988,2.3139564717135092e-08
966.135513246988,2.5904343658321244e-08
966.235513246988,2.8988433250883324e-08
966.3355132469881,3.242736325847745e-08
966.4355132469881,3.6260456925035644e-08
966.5355132469881,4.05312176208559e-08
966.6355132469881,4.5287752854799924e-08
966.7355132469881,5.058323904480348e-08
966.8355132469882,5.647643072427373e-08
966.9355132469882,6.303221816907901e-08
967.0355132469882,7.032223776018531e-08
967.1355132469882,7.842553975206838e-08
967.2355132469883,8.742931849845283e-08
967.3355132469883,9.742971059636034e-08
967.4355132469883,1.0853266684866697e-07
967.5355132469883,1.2085490441622019e-07
967.6355132469884,1.345249460349775e-07
967.7355132469884,1.496842537136309e-07
967.8355132469884,1.6648846490488465e-07
967.9355132469884,1.8510873976114248e-07
968.0355132469884,2.0573322874515253e-07
968.1355132469885,2.285686705704891e-07
968.2355132469885,2.5384213119813827e-07
968.3355132469885,2.8180289541640697e-07
968.4355132469885,3.1272452338455916e-07
968.5355132469886,3.469070854287334e-07
968.6355132469886,3.846795893445873e-07
968.7355132469886,4.2640261548767246e-07
968.8355132469886,4.7247117602271914e-07
968.9355132469886,5.233178158597956e-07
969.0355132469887,5.794159740318968e-07
969.1355132469887,6.412836255679333e-07
969.2355132469887,7.094872252906712e-07
969.3355132469887,7.846459764240624e-07
969.4355132469888,8.674364484319401e-07
969.5355132469888,9.58597570133476e-07
969.6355132469888,1.058936025853542e-06
969.7355132469888,1.16933208417126e-06
969.8355132469889,1.2907458907310932e-06
969.9355132469889,1.4242242585808913e-06
970.0355132469889,1.5709079916036323e-06
970.1355132469889,1.7320397788172961e-06
970.235513246989,1.9089726996332753e-06
970.335513246989,2.103179382591167e-06
970.435513246989,2.3162618626289437e-06
970.535513246989,2.5499621846056614e-06
970.635513246989,2.8061738035703758e-06
970.7355132469891,3.0869538351694784e-06
970.8355132469891,3.3945362126049623e-06
970.9355132469891,3.731345809702419e-06
971.0355132469891,4.1000135929183395e-06
971.1355132469891,4.503392868514686e-06
971.2355132469892,4.94457669465364e-06
971.3355132469892,5.426916531817916e-06
971.4355132469892,5.9540422087404295e-06
971.5355132469892,6.5298832849319165e-06
971.6355132469893,7.158691894922736e-06
971.7355132469893,7.845067163484613e-06
971.8355132469893,8.593981285366338e-06
971.9355132469893,9.410807367459304e-06
972.0355132469894,1.0301349135801277e-05
972.1355132469894,1.1271872614423476e-05
972.2355132469894,1.2329139887740157e-05
972.3355132469894,1.3480445062964737e-05
972.4355132469894,1.473365255390317e-05
972.5355132469895,1.609723781241319e-05
972.6355132469895,1.7580330638818514e-05
972.7355132469895,1.91927612076144e-05
972.8355132469895,2.094510894988632e-05
972.9355132469896,2.2848754438966325e-05
973.0355132469896,2.4915934430962414e-05
973.1355132469896,2.715980021688764e-05
973.2355132469896,2.959447944818167e-05
973.3355132469896,3.223514160242038e-05
973.4355132469897,3.509806726094156e-05
973.5355132469897,3.820072137494265e-05
973.6355132469897,4.1561830701305314e-05
973.7355132469897,4.520146559394608e-05
973.8355132469898,4.9141126340848654e-05
973.9355132469898,5.340383424107266e-05
974.0355132469898,5.801422761991626e-05
974.1355132469898,6.299866298401045e-05
974.2355132469899,6.838532152138873e-05
974.3355132469899,7.420432115448159e-05
974.4355132469899,8.048783435647663e-05
974.5355132469899,8.727021194352552e-05
974.63551324699,9.458811305682314e-05
974.73551324699,0.00010248064154957207
974.83551324699,0.0001109894889942488
974.93551324699,0.00012015908452532877
975.03551324699,0.00013003675173167478
975.1355132469901,0.0001406728728110798
975.2355132469901,0.00015212106019692277
975.3355132469901,0.00016443833586349388
975.4355132469901,0.00017768531851221288
975.5355132469901,0.00019192641883562382
975.6355132469902,0.00020723004304967055
975.7355132469902,0.0002236688048772434
975.8355132469902,0.00024131974615729574
975.9355132469902,0.00026026456624389196
976.0355132469903,0.0002805898603482963
976.1355132469903,0.00030238736696457796
976.2355132469903,0.00032575422450515273
976.3355132469903,0.00035079323725709154
976.4355132469904,0.0003776131507529053
976.5355132469904,0.0004063289366307341
976.6355132469904,0.0004370620870384372
976.7355132469904,0.0004699409186138583
976.8355132469904,0.0005051008860495737
976.9355132469905,0.0005426849052245723
977.0355132469905,0.0005828436858575695
977.1355132469905,0.000625736073606989
977.2355132469905,0.0006715294015109506
977.3355132469906,0.000720399850626942
977.4355132469906,0.0007725328196950807
977.5355132469906,0.0008281233036110906
977.6355132469906,0.0008873762804551766
977.7355132469906,0.0009505071067810125
977.8355132469907,0.0010177419208248944
977.9355132469907,0.001089318053248936
978.0355132469907,0.001165484444983837
978.1355132469907,0.0012465020716863964
978.2355132469908,0.0013326443742745404
978.3355132469908,0.0014241976949482026
978.4355132469908,0.0015214617180480422
978.5355132469908,0.0016247499150458234
978.6355132469909,0.0017343899929001569
978.7355132469909,0.0018507243449496602
978.8355132469909,0.001974110503452173
978.9355132469909,0.0021049215928138744
979.035513246991,0.002243546782485894
979.135513246991,0.0023903917384386175
979.235513246991,0.0025458790720552828
979.335513246991,0.002710448785217228
979.435513246991,0.0028845587102828024
979.5355132469911,0.0030686849435915516
979.6355132469911,0.003263322271054171
979.7355132469911,0.0034689845843178567
979.8355132469911,0.003686205285925807
979.9355132469911,0.003915537681819295
980.0355132469912,0.004157555359461057
980.1355132469912,0.0044128525497901345
980.2355132469912,0.0046820444711510225
980.3355132469912,0.004965767653274169
980.4355132469913,0.005264680239321407
980.5355132469913,0.005579462263948181
980.6355132469913,0.005910815905276088
980.7355132469913,0.006259465708613239
980.8355132469914,0.006626158779707957
980.9355132469914,0.007011664945272753
981.0355132469914,0.007416776878471392
981.1355132469914,0.007842310187022155
981.2355132469914,0.00828910346153596
981.3355132469915,0.00875801828167881
981.4355132469915,0.009249939177724696
981.5355132469915,0.00976577354504828
981.6355132469915,0.010306451509096213
981.7355132469916,0.010872925738372853
981.8355132469916,0.011466171202980567
981.9355132469916,0.012087184876266921
982.0355132469916,0.012736985377151832
982.1355132469916,0.013416612550737098
982.2355132469917,0.014127126984839063
982.3355132469917,0.014869609460133004
982.4355132469917,0.01564516033165588
982.5355132469917,0.016454898839481237
982.6355132469918,0.017299962346458895
982.7355132469918,0.018181505501000655
982.8355132469918,0.019100699322992912
982.9355132469918,0.02005873021102847
983.0355132469919,0.021056798869271854
983.1355132469919,0.022096119152406345
983.2355132469919,0.02317791682725633
983.3355132469919,0.024303428249835755
983.435513246992,0.02547389895674215
983.535513246992,0.02669058216999623
983.635513246992,0.02795473721461937
983.735513246992,0.02926762784844453
983.835513246992,0.03063052050387184
983.9355132469921,0.03204468244150567
984.0355132469921,0.03351137981584745
984.1355132469921,0.03503187565346657
984.2355132469921,0.036607427744328576
984.3355132469922,0.038239286447228835
984.4355132469922,0.03992869241055606
984.5355132469922,0.04167687420989621
984.6355132469922,0.043485045904281025
984.7355132469922,0.045354404513187056
984.8355132469923,0.04728612741669912
984.9355132469923,0.049281369681566475
985.0355132469923,0.051341261316199004
985.1355132469923,0.053466904457974446
985.2355132469924,0.05565937049655493
985.3355132469924,0.05791969713723946
985.4355132469924,0.060248885408710436
985.5355132469924,0.06264789661986185
985.6355132469924,0.06511764927072719
985.7355132469925,0.06765901592285226
985.8355132469925,0.0702728200347814
985.9355132469925,0.0729598327686464
986.0355132469925,0.07572076977415863
986.1355132469926,0.07855628795661294
986.2355132469926,0.08146698223580745
986.3355132469926,0.08445338230307178
986.4355132469926,0.08751594938387122
986.5355132469927,0.0906550730137184
986.6355132469927,0.09387106783537112
986.7355132469927,0.09716417042553012
986.8355132469927,0.10053453615946542
986.9355132469927,0.10398223612219809
987.0355132469928,0.10750725407504266
987.1355132469928,0.1111094834864721
987.2355132469928,0.1147887246364027
987.3355132469928,0.11854468180310711
987.4355132469929,0.12237696054205024
987.5355132469929,0.12628506506600426
987.6355132469929,0.13026839573583182
987.7355132469929,0.13432624667133308
987.835513246993,0.13845780349152959
987.935513246993,0.1426621411937038
988.035513246993,0.14693822218043254
988.135513246993,0.1512848944437355
988.235513246993,0.1557008899153166
988.3355132469931,0.16018482299169592
988.4355132469931,0.16473518924282096
988.5355132469931,0.16935036431250108
988.6355132469931,0.17402860301873463
988.7355132469932,0.17876803866168706
988.8355132469932,0.18356668254673902
988.9355132469932,0.1884224237296465
989.0355132469932,0.19333302899045182
989.1355132469932,0.19829614304234358
989.2355132469933,0.20330928898119735
989.3355132469933,0.20836986898102833
989.4355132469933,0.2134751652400613
989.5355132469933,0.21862234118156487
989.6355132469934,0.22380844291301727
989.7355132469934,0.22903040094655963
989.8355132469934,0.23428503218306312
989.9355132469934,0.23956904216148023
990.0355132469934,0.24487902757447574
990.1355132469935,0.2502114790506385
990.2355132469935,0.2555627842028645
990.3355132469935,0.2609292309417767
990.4355132469935,0.26630701105230686
990.5355132469936,0.27169222403081783
990.6355132469936,0.2770808811793883
990.7355132469936,0.282468909953118
990.8355132469936,0.2878521585555485
990.9355132469937,0.29322640077652856
991.0355132469937,0.29858734106608914
991.1355132469937,0.30393061983713643
991.2355132469937,0.30925181898901904
991.3355132469937,0.31454646764328714
991.4355132469938,0.319810048082232
991.5355132469938,0.3250380018800856
991.6355132469938,0.3302257362160657
991.7355132469938,0.33536863035778125
991.8355132469939,0.34046204230286575
991.9355132469939,0.34550131556608515
992.0355132469939,0.35048178609857616
992.1355132469939,0.3553987893253108
992.235513246994,0.36024766728635743
992.335513246994,0.3650237758670189
992.435513246994,0.3697224921014797
992.535513246994,0.3743392215341824
992.635513246994,0.3788694056227876
992.7355132469941,0.3833085291662496
992.8355132469941,0.3876521277412632
992.9355132469941,0.3918957951301096
993.0355132469941,0.3960351907227493
993.1355132469942,0.4000660468758829
993.2355132469942,0.4039841762116205
993.3355132469942,0.4077854788383803
993.4355132469942,0.41146594947665843
993.5355132469942,0.4150216844723995
993.6355132469943,0.41844888868082886
993.7355132469943,0.4217438822037952
993.8355132469943,0.42490310696391864
993.9355132469943,0.4279231330991286
994.0355132469944,0.43080066516152915
994.1355132469944,0.433532548104925
994.2355132469944,0.4361157730457935
994.3355132469944,0.43854748278298883
994.4355132469944,0.4408249770620099
994.5355132469945,0.44294571757026313
994.6355132469945,0.44490733265038573
994.7355132469945,0.44670762171938355
994.8355132469945,0.4483445593820578
994.9355132469946,0.44981629922795824
995.0355132469946,0.4511211773019014
995.1355132469946,0.4522577152389209
995.2355132469946,0.4532246230553843
995.3355132469947,0.45402080158889835
995.4355132469947,0.45464534458054423
995.5355132469947,0.4550975403939204
995.6355132469947,0.45537687336642835
995.7355132469947,0.45548302478920993
995.8355132469948,0.45539572785748067
995.9355132469948,0.4550844270317268
996.0355132469948,0.4545492583708918
996.1355132469948,0.4537910122159284
996.2355132469949,0.45281080728714185
996.3355132469949,0.4516100879337021
996.4355132469949,0.4501906205871156
996.5355132469949,0.4485544894308469
996.635513246995,0.446704091300949
996.735513246995,0.4446421298351676
996.835513246995,0.44237160889050947
996.935513246995,0.439895825251708
997.035513246995,0.4372183606553575
997.1355132469951,0.4343430731567238
997.2355132469951,0.43127408786835214
997.3355132469951,0.42801578710158494
997.4355132469951,0.4245727999439556
997.5355132469952,0.4209499913071391
997.6355132469952,0.4171524504817055
997.7355132469952,0.4131854792363323
997.8355132469952,0.40905457950038554
997.9355132469952,0.4047654406698673
998.0355132469953,0.40032392657764876
998.1355132469953,0.3957360621696627
998.2355132469953,0.3910080199293086
998.3355132469953,0.38614610609273636
998.4355132469954,0.3811567466979114
998.5355132469954,0.37604647351043213
998.6355132469954,0.3708219098689701
998.7355132469954,0.36548975649293436
998.8355132469954,0.36005677729452945
998.9355132469955,0.3545297852367895
999.0355132469955,0.34891562827842076
999.1355132469955,0.3432211754453949
999.2355132469955,0.337453303068197
999.3355132469956,0.3316188812224588
999.4355132469956,0.32572476040940557
999.5355132469956,0.3197777585111235
999.6355132469956,0.31378464805411577
999.7355132469957,0.30775214381297755
999.8355132469957,0.30168689078428396
999.9355132469957,0.29559545255896325
1000.0355132469957,0.28948430011953163
1000.1355132469957,0.28335980108660036
1000.2355132469958,0.27722820943704746
1000.3355132469958,0.27109565571417726
1000.4355132469958,0.26496813774808947
1000.5355132469958,0.2588515119023478
1000.6355132469959,0.25275148486089394
1000.7355132469959,0.24667360596699484
1000.8355132469959,0.24062326012386628
1000.9355132469959,0.23460566126447152
1001.035513246996,0.2286258463958802
1001.135513246996,0.22268867022148295
1001.235513246996,0.2167988003423091
1001.335513246996,0.21096071303669117
1001.435513246996,0.2051786896155716
1001.5355132469961,0.19945681334885987
1001.6355132469961,0.1937989669564264
1001.7355132469961,0.18820883065557584
1001.8355132469961,0.18268988075517412
1001.9355132469962,0.17724538878502294
1002.0355132469962,0.17187842114758115
1002.1355132469962,0.1665918392777352
1002.2355132469962,0.16138830029501522
1002.3355132469962,0.1562702581314515
1002.4355132469963,0.1512399651171634
1002.5355132469963,0.14629947400477314
1002.6355132469963,0.14145064041284583
1002.7355132469963,0.13669512566776298
1002.8355132469964,0.1320344000227586
1002.9355132469964,0.12746974623226298
1003.0355132469964,0.12300226345922752
1003.1355132469964,0.11863287149272922
1003.2355132469964,0.11436231525288237
1003.3355132469965,0.11019116955990993
1003.4355132469965,0.10611984414415106
1003.5355132469965,0.10214858887379324
1003.6355132469965,0.0982774991772236
1003.7355132469966,0.09450652163708136
1003.8355132469966,0.09083545973336615
