958.1355132469862,0.05347427515670986
958.2355132469862,0.05570192255116044
958.3355132469862,0.05800367149870934
958.4355132469863,0.060381069881280273
958.5355132469863,0.06283565464862505
958.6355132469863,0.06536894934892624
958.7355132469863,0.06798246158064261
958.8355132469864,0.07067768036742349
958.9355132469864,0.07345607345816627
959.0355132469864,0.0763190845545484
959.1355132469864,0.07926813046862459
959.2355132469864,0.08230459821334184
959.3355132469865,0.08542984202909304
959.4355132469865,0.08864518034969494
959.5355132469865,0.09195189271144948
959.6355132469865,0.09535121660921382
959.7355132469866,0.09884434430367808
959.8355132469866,0.10243241958431654
959.9355132469866,0.10611653449274726
960.0355132469866,0.10989772601149976
960.1355132469866,0.11377697272345168
960.2355132469867,0.11775519144745322
960.3355132469867,0.12183323385591094
960.4355132469867,0.12601188308034647
960.5355132469867,0.13029185031118762
960.6355132469868,0.13467377139827708
960.7355132469868,0.13915820345880878
960.8355132469868,0.14374562149961095
960.9355132469868,0.14843641506089905
961.0355132469869,0.15323088488880746
961.1355132469869,0.1581292396441875
961.2355132469869,0.16313159265532123
961.3355132469869,0.1682379587223466
961.435513246987,0.17344825098132413
961.535513246987,0.1787622778359878
961.635513246987,0.18417973996532436
961.735513246987,0.18970022741520057
961.835513246987,0.1953232167823238
961.9355132469871,0.20104806849885826
962.0355132469871,0.20687402422604076
962.1355132469871,0.21280020436514133
962.2355132469871,0.21882560569408638
962.3355132469871,0.2249490991380236
962.4355132469872,0.23116942768203325
962.5355132469872,0.237485204434104
962.6355132469872,0.24389491084637316
962.7355132469872,0.2503968951024941
962.8355132469873,0.2569893706788279
962.9355132469873,0.26367041508696926
963.0355132469873,0.27043796880490334
963.1355132469873,0.2772898344038521
963.2355132469874,0.28422367587760683
963.3355132469874,0.29123701818085657
963.4355132469874,0.2983272469827091
963.5355132469874,0.30549160864126945
963.6355132469874,0.31272721040477697
963.7355132469875,0.3200310208444242
963.8355132469875,0.3273998705235719
963.9355132469875,0.3348304529076514
964.0355132469875,0.34231932551859345
964.1355132469876,0.3498629113371564
964.2355132469876,0.35745750045603747
964.3355132469876,0.36509925198614335
964.4355132469876,0.3727841962178733
964.5355132469876,0.38050823703872455
964.6355132469877,0.3882671546079771
964.7355132469877,0.3960566082886416
964.8355132469877,0.40387213983627457
964.9355132469877,0.4117091768436697
965.0355132469878,0.419563036439833
965.1355132469878,0.4274289292410361
965.2355132469878,0.43530196355112805
965.3355132469878,0.44317714980766076
965.4355132469879,0.45104940526976167
965.5355132469879,0.4589135589430589
965.6355132469879,0.46676435673634076
965.7355132469879,0.4745964668440075
965.835513246988,0.48240448534775565
965.935513246988,0.4901829420303235
966.035513246988,0.49792630639352237
966.135513246988,0.5056289938721836
966.235513246988,0.5132853722350713
966.3355132469881,0.5208897681632412
966.4355132469881,0.5284364739957754
966.5355132469881,0.5359197546322876
966.6355132469881,0.5433338545810772
966.7355132469881,0.5506730051413204
966.8355132469882,0.5579314317072108
966.9355132469882,0.5651033611815199
967.0355132469882,0.5721830294856268
967.1355132469882,0.5791646891526736
967.2355132469883,0.5860426169901425
967.3355132469883,0.5928111217978175
967.4355132469883,0.5994645521267947
967.5355132469883,0.6059973040649425
967.6355132469884,0.6124038290339745
967.7355132469884,0.6186786415831138
967.8355132469884,0.624816327164157
967.9355132469884,0.6308115498726352
968.0355132469884,0.6366590601396805
968.1355132469885,0.6423537023591672
968.2355132469885,0.6478904224346894
968.3355132469885,0.6532642752309757
968.4355132469885,0.6584704319144173
968.5355132469886,0.6635041871675005
968.6355132469886,0.6683609662620945
968.7355132469886,0.6730363319767407
968.8355132469886,0.6775259913433276
968.9355132469886,0.6818258022088111
969.0355132469887,0.6859317795979606
969.1355132469887,0.6898401018634566
969.2355132469887,0.6935471166100691
969.3355132469887,0.697049346380066
969.4355132469888,0.7003434940874687
969.5355132469888,0.7034264481892748
969.6355132469888,0.7062952875822933
969.7355132469888,0.7089472862148108
969.8355132469889,0.7113799174028957
969.9355132469889,0.7135908578417762
970.0355132469889,0.7155779913033777
970.1355132469889,0.7173394120117824
970.235513246989,0.7188734276890737
970.335513246989,0.7201785622647539
970.435513246989,0.721253558242659
970.535513246989,0.7220973787200615
970.635513246989,0.7227092090544203
970.7355132469891,0.7230884581740274
970.8355132469891,0.7232347595296029
970.9355132469891,0.7230676344227381
971.0355132469891,0.7224583144004686
971.1355132469891,0.7214062004529256
971.2355132469892,0.7199132287421693
971.3355132469892,0.7179821434879962
971.4355132469892,0.7156164885627916
971.5355132469892,0.7128205966544525
971.6355132469893,0.7095995760437626
971.7355132469893,0.7059592950527057
971.8355132469893,0.7019063642299826
971.9355132469893,0.6974481163494268
972.0355132469894,0.692592584306017
972.1355132469894,0.6873484770027432
972.2355132469894,0.6817251533296143
972.3355132469894,0.6757325943436046
972.4355132469894,0.6693813737652379
972.5355132469895,0.6626826269138072
972.6355132469895,0.6556480182088743
972.7355132469895,0.6482897073706606
972.8355132469895,0.6406203144562237
972.9355132469896,0.6326528838718765
973.0355132469896,0.6244008475051462
973.1355132469896,0.6158779871216863
973.2355132469896,0.6070983961739236
973.3355132469896,0.598076441168868
973.4355132469897,0.5888267227424291
973.5355132469897,0.5793640365867746
973.6355132469897,0.5697033343757683
973.7355132469897,0.5598596848313271
973.8355132469898,0.5498482350706904
973.9355132469898,0.5396841723711032
974.0355132469898,0.52938268648432
974.1355132469898,0.5189589326286697
974.2355132469899,0.5084279952812127
974.3355132469899,0.4978048528868173
974.4355132469899,0.487104343594811
974.5355132469899,0.47634113212728857
974.63551324699,0.4655296778761951
974.73551324699,0.45468420431902645
974.83551324699,0.44381866983542484
974.93551324699,0.4329467399991553
975.03551324699,0.4220817614119685
975.1355132469901,0.41123673713774117
975.2355132469901,0.400424303787079
975.3355132469901,0.3896567102943195
975.4355132469901,0.37894579842062937
975.5355132469901,0.3683029850086943
975.6355132469902,0.35773924600639495
975.7355132469902,0.3472651022688946
975.8355132469902,0.33689060714076496
975.9355132469902,0.32662533581219155
976.0355132469903,0.31647837643596216
976.1355132469903,0.30645832298487874
976.2355132469903,0.29657326982248405
976.3355132469903,0.28683080795357985
976.4355132469904,0.27723802291495864
976.5355132469904,0.26780149426110406
976.6355132469904,0.258527296594342
976.7355132469904,0.24942100208407553
976.8355132469904,0.24048768441531332
976.9355132469905,0.23173192410271834
977.0355132469905,0.2231578151028636
977.1355132469905,0.2147689726542976
977.2355132469905,0.2065685422723781
977.3355132469906,0.19855920982364703
977.4355132469906,0.1907432126027698
977.5355132469906,0.18312235133375215
977.6355132469906,0.17569800301626576
977.7355132469906,0.16847113453744364
977.8355132469907,0.16144231696944156
977.9355132469907,0.1546117404733815
978.0355132469907,0.1479792297309806
978.1355132469907,0.14154425982620994
978.2355132469908,0.13530597250069415
978.3355132469908,0.129263192708242
978.4355132469908,0.12341444539586131
978.5355132469908,0.11775797244083963
978.6355132469909,0.11229174967593884
978.7355132469909,0.10701350393743633
978.8355132469909,0.10192073007362061
978.9355132469909,0.09701070785439063
979.035513246991,0.0922805187257973
979.135513246991,0.08772706235666804
979.235513246991,0.08334707292786053
979.335513246991,0.07913713511816364
979.435513246991,0.07509369974439249
979.5355132469911,0.07121309901677667
979.6355132469911,0.06749156137430813
979.7355132469911,0.0639252258682646
979.8355132469911,0.060510156065651945
979.9355132469911,0.05724235344778226
980.0355132469912,0.0541177702826208
980.1355132469912,0.051132321952868945
980.2355132469912,0.04828189872499414
980.3355132469912,0.04556237694755734
980.4355132469913,0.04296962967021123
980.5355132469913,0.040499536677641085
980.6355132469913,0.03814799393548303
980.7355132469913,0.035910922447877865
980.8355132469914,0.033784276528792
980.9355132469914,0.03176405149156076
981.0355132469914,0.02984629076327485
981.1355132469914,0.028027092432638578
981.2355132469914,0.026302615241776885
981.3355132469915,0.02466908403415525
981.4355132469915,0.023122794672304266
981.5355132469915,0.021660118440410644
981.6355132469915,0.020277505948049564
981.7355132469916,0.01897149055239446
981.8355132469916,0.01773869131715215
981.9355132469916,0.01657581552723888
982.0355132469916,0.015479660778841142
982.1355132469916,0.014447116664999364
982.2355132469917,0.013475166077219604
982.3355132469917,0.012560886143863503
982.4355132469917,0.011701448826197428
982.5355132469917,0.010894121193004692
982.6355132469918,0.010136265394586801
982.7355132469918,0.009425338356808291
982.8355132469918,0.008758891215582624
982.9355132469918,0.008134568511859513
983.0355132469919,0.007550107166766742
983.1355132469919,0.0070033352560864475
983.2355132469919,0.006492170602716393
983.3355132469919,0.006014619205185723
983.435513246992,0.005568773519671151
983.535513246992,0.0051528106122972345
983.635513246992,0.004764990197812292
983.735513246992,0.004403652580013193
983.835513246992,0.004067216508555383
983.9355132469921,0.003754176966032816
984.0355132469921,0.003463102898452111
984.1355132469921,0.003192634901460568
984.2355132469921,0.0029414828739228785
984.3355132469922,0.002708423649680756
984.4355132469922,0.0024922986175771066
984.5355132469922,0.0022920113390846432
984.6355132469922,0.0021065251721518003
984.7355132469922,0.0019348609091683682
984.8355132469923,0.0017760944362625998
984.9355132469923,0.001629354420472135
985.0355132469923,0.0014938200306852032
985.1355132469923,0.0013687186976273915
985.2355132469924,0.0012533239175743546
985.3355132469924,0.0011469531039029336
985.4355132469924,0.0010489654900531756
985.5355132469924,0.0009587600869621919
985.6355132469924,0.000875773697547891
985.7355132469925,0.0007994789903666743
985.8355132469925,0.0007293826341439394
985.9355132469925,0.0006650234944796016
986.0355132469925,0.0006059708936624377
986.1355132469926,0.0005518229341862982
986.2355132469926,0.0005022048862476048
986.3355132469926,0.0004567676392162417
986.4355132469926,0.00041518621681020993
986.5355132469927,0.00037715835546727773
986.6355132469927,0.0003424031451934587
986.7355132469927,0.0003106597319773818
986.8355132469927,0.00028168608069050805
986.9355132469927,0.0002552577972445483
987.0355132469928,0.0002311670086483047
987.1355132469928,0.00020922129949532423
987.2355132469928,0.00018924270332012854
987.3355132469928,0.00017106674718325485
987.4355132469929,0.00015454154778277661
987.5355132469929,0.00013952695734131262
987.6355132469929,0.00012589375748169162
987.7355132469929,0.00011352289928038821
987.835513246993,0.00010230478767457123
987.935513246993,9.213860839513461e-05
988.035513246993,8.293169560347527e-05
988.135513246993,7.459893842315297e-05
988.235513246993,6.7062224578048e-05
988.3355132469931,6.024991937541548e-05
988.4355132469931,5.409637830456189e-05
988.5355132469931,4.854149155899197e-05
988.6355132469931,4.353025883114561e-05
988.7355132469932,3.901239277359984e-05
988.8355132469932,3.494194956828148e-05
988.9355132469932,3.127698509526009e-05
989.0355132469932,2.7979235244577484e-05
989.1355132469932,2.5013818967840757e-05
989.2355132469933,2.2348962720547986e-05
989.3355132469933,1.995574500094378e-05
989.4355132469933,1.7807859746260174e-05
989.5355132469933,1.5881397402182538e-05
989.6355132469934,1.415464253600817e-05
989.7355132469934,1.260788691798855e-05
989.8355132469934,1.1223257048548314e-05
989.9355132469934,9.984555161267603e-06
990.0355132469934,8.87711278253353e-06
990.1355132469935,7.887655978475453e-06
990.2355132469935,7.004181468079699e-06
990.3355132469935,6.215842828139448e-06
990.4355132469935,5.512846060858263e-06
990.5355132469936,4.886353838433626e-06
990.6355132469936,4.328397780757751e-06
990.7355132469936,3.8317981624605574e-06
990.8355132469936,3.3900904838680875e-06
990.9355132469937,2.997458377058065e-06
991.0355132469937,2.6486723530690943e-06
991.1355132469937,2.339033929478789e-06
991.2355132469937,2.0643247090335493e-06
991.3355132469937,1.820760009820545e-06
991.4355132469938,1.6049466756585549e-06
991.5355132469938,1.4138447219909881e-06
991.6355132469938,1.2447324976388595e-06
991.7355132469938,1.0951750663635168e-06
991.8355132469939,9.629955343514397e-07
991.9355132469939,8.462490705212631e-07
992.0355132469939,7.431993860223032e-07
992.1355132469939,6.522974575015545e-07
992.235513246994,5.721622957196575e-07
992.335513246994,5.015635769533115e-07
992.435513246994,4.394059693890074e-07
992.535513246994,3.847150004473916e-07
992.635513246994,3.3662432373422925e-07
992.7355132469941,2.9436425614740494e-07
992.8355132469941,2.572514666323668e-07
992.9355132469941,2.2467970822227664e-07
993.0355132469941,1.9611149437361757e-07
993.1355132469942,1.7107062926091493e-07
993.2355132469942,1.49135509671603e-07
993.3355132469942,1.2993312348804977e-07
993.4355132469942,1.1313367650038892e-07
993.5355132469942,9.844578550136213e-08
993.6355132469943,8.561218131095924e-08
993.7355132469943,7.440587060053192e-08
993.8355132469943,6.462671016750772e-08
993.9355132469943,5.609835168522234e-08
994.0355132469944,4.86655189482569e-08
994.1355132469944,4.219158328067763e-08
994.2355132469944,3.6556406099697787e-08
994.3355132469944,3.165442065575904e-08
994.4355132469944,2.7392927725452183e-08
994.5355132469945,2.3690582538146335e-08
994.6355132469945,2.047605249119649e-08
994.7355132469945,1.7686827271293224e-08
994.8355132469945,1.5268164868664813e-08
994.9355132469946,1.3172158662934806e-08
995.0355132469946,1.1356912289740064e-08
995.1355132469946,9.785810379848853e-09
995.2355132469946,8.42687451053014e-09
995.3355132469947,7.252194834339725e-09
995.4355132469947,6.2374288643827916e-09
995.5355132469947,5.361359807675301e-09
995.6355132469947,4.605507658812366e-09
995.7355132469947,3.9537870033441185e-09
995.8355132469948,3.3922061419182703e-09
995.9355132469948,2.9086027395679597e-09
996.0355132469948,2.492411736072987e-09
996.1355132469948,2.13446172910143e-09
996.2355132469949,1.8267964673121419e-09
996.3355132469949,1.5625184707441173e-09
996.4355132469949,1.3356521351609804e-09
996.5355132469949,1.1410239796685032e-09
996.635513246995,9.741579666085828e-10
996.735513246995,8.311840628331816e-10
996.835513246995,7.087584250351473e-10
996.935513246995,6.039937816242901e-10
997.035513246995,5.143987521844041e-10
997.1355132469951,4.3782499508246496e-10
997.2355132469951,3.7242120635632235e-10
997.3355132469951,3.165931104084613e-10
997.4355132469951,2.6896868692566027e-10
997.5355132469952,2.2836797030332882e-10
997.6355132469952,1.937768390044875e-10
997.7355132469952,1.643242839145619e-10
997.8355132469952,1.3926270792812592e-10
997.9355132469952,1.1795086467432415e-10
998.0355132469953,9.983909330452006e-11
998.1355132469953,8.44565493882648e-11
998.2355132469953,7.140016986945402e-11
998.3355132469953,6.032514332721521e-11
998.4355132469954,5.0936686003118135e-11
998.5355132469954,4.2982949675701986e-11
998.6355132469954,3.62489099097767e-11
998.7355132469954,3.055110285850677e-11
998.8355132469954,2.5733095985262415e-11
998.9355132469955,2.166159309585676e-11
999.0355132469955,1.822308719231947e-11
999.1355132469955,1.532098610866217e-11
999.2355132469955,1.2873145872076122e-11
999.3355132469956,1.0809755430525099e-11
999.4355132469956,9.071523959261791e-12
999.5355132469956,7.608128544952008e-12
999.6355132469956,6.376885770559445e-12
999.7355132469957,5.341615695745321e-12
999.8355132469957,4.4716710418975925e-12
999.9355132469957,3.741108131977043e-12
1000.0355132469957,3.1279793767950666e-12
1000.1355132469957,2.613729905667538e-12
1000.2355132469958,2.1826833671299856e-12
1000.3355132469958,1.8216040240016145e-12
1000.4355132469958,1.5193240797664958e-12
1000.5355132469958,1.2664267377470813e-12
1000.6355132469959,1.0549768438165069e-12
1000.7355132469959,8.782921261484724e-13
1000.8355132469959,7.307490467533569e-13
1000.9355132469959,6.076181410688567e-13
1001.035513246996,5.049244625984831e-13
1001.135513246996,4.1932938597248184e-13
1001.235513246996,3.4803056812733465e-13
1001.335513246996,2.8867733595097275e-13
1001.435513246996,2.392991704597122e-13
1001.5355132469961,1.9824530165874113e-13
1001.6355132469961,1.6413372273715922e-13
1001.7355132469961,1.358081841174385e-13
1001.8355132469961,1.1230194312707159e-13
1001.9355132469962,9.280722887379298e-14
1002.0355132469962,7.66495387583518e-14
1002.1355132469962,6.326601680501008e-14
1002.2355132469962,5.2187277948545784e-14
1002.3355132469962,4.3022139443004294e-14
1002.4355132469963,3.544480310613695e-14
1002.5355132469963,2.9184102292670174e-14
1002.6355132469963,2.401448710861669e-14
1002.7355132469963,1.974847198936828e-14
1002.8355132469964,1.6230312695826965e-14
1002.9355132469964,1.3330716173641485e-14
1003.0355132469964,1.0942417544520197e-14
1003.1355132469964,8.976484588046034e-15
1003.2355132469964,7.359232138420343e-15
1003.3355132469965,6.0296474699509835e-15
1003.4355132469965,4.937243495372977e-15
1003.5355132469965,4.040269893218114e-15
1003.6355132469965,3.304223489910302e-15
1003.7355132469966,2.7006086684942552e-15
1003.8355132469966,2.2059065304830773e-15
