960.1335315073019,0.12214065625930914
960.2335315073019,0.12554488626859747
960.3335315073019,0.12900838923532587
960.433531507302,0.1325308626036337
960.533531507302,0.1361119460327307
960.633531507302,0.1397512202223702
960.733531507302,0.143448205788858
960.833531507302,0.14720236219484775
960.9335315073021,0.15101308673615627
961.0335315073021,0.15487971358880487
961.1335315073021,0.15880151291946257
961.2335315073021,0.16277769006242276
961.3335315073022,0.16680738476619567
961.4335315073022,0.17088967051274392
961.5335315073022,0.17502355391231886
961.6335315073022,0.17920797417678452
961.7335315073022,0.18344180267423071
961.8335315073023,0.18772384256758962
961.9335315073023,0.19205282853986697
962.0335315073023,0.19642742660849546
962.1335315073023,0.20084623403120158
962.2335315073024,0.2053077793056516
962.3335315073024,0.20981052226501587
962.4335315073024,0.21435285427144654
962.5335315073024,0.21893309850932088
962.6335315073025,0.22354951037994691
962.7335315073025,0.22820027799926723
962.8335315073025,0.23288352279992872
962.9335315073025,0.23759730023891196
963.0335315073025,0.24233960061173174
963.1335315073026,0.24710834997403494
963.2335315073026,0.2519014111712275
963.3335315073026,0.2567165849765654
963.4335315073026,0.26155161133794147
963.5335315073027,0.2664041707333919
963.6335315073027,0.27127188563513505
963.7335315073027,0.27615232208174156
963.8335315073027,0.2810429913578122
963.9335315073027,0.2859413517803254
964.0335315073028,0.2908448105905867
964.1335315073028,0.29575072595049234
964.2335315073028,0.300656409041591
964.3335315073028,0.3055591262652024
964.4335315073029,0.31045610154162345
964.5335315073029,0.3153445187062298
964.6335315073029,0.32022152400005155
964.7335315073029,0.32508422865218367
964.833531507303,0.32992971155116696
964.933531507303,0.3347550220022598
965.033531507303,0.3395571825673064
965.133531507303,0.34433319198369533
965.233531507303,0.3490800281587
965.3335315073031,0.35379465123528747
965.4335315073031,0.35847400672529234
965.5335315073031,0.3631150287056612
965.6335315073031,0.36771464307329277
965.7335315073032,0.3722697708538251
965.8335315073032,0.3767773315595566
965.9335315073032,0.3812342465915284
966.0335315073032,0.38563744268064865
966.1335315073032,0.3899838553626026
966.2335315073033,0.3942704324811586
966.3335315073033,0.39849413771436937
966.4335315073033,0.40265195411805277
966.5335315073033,0.40674088768084743
966.6335315073034,0.41075797088504873
966.7335315073034,0.414700266267361
966.8335315073034,0.41856486997364173
966.9335315073034,0.4223489153016638
967.0335315073035,0.4260495762258894
967.1335315073035,0.42966407089822517
967.2335315073035,0.43318966511872126
967.3335315073035,0.4366236757701799
967.4335315073035,0.4399634742106587
967.5335315073036,0.44320648961788317
967.6335315073036,0.44635021227963084
967.7335315073036,0.44939219682420484
967.8335315073036,0.45233006538518933
967.9335315073037,0.4551615106947623
968.0335315073037,0.45788429909994177
968.1335315073037,0.4604962734962526
968.2335315073037,0.4629953561734248
968.3335315073037,0.46537955156787275
968.4335315073038,0.4676469489168558
968.5335315073038,0.4697957248093786
968.6335315073038,0.47182414562906866
968.7335315073038,0.4737305698844497
968.8335315073039,0.47551345042222787
968.9335315073039,0.4771713365194137
969.0335315073039,0.4787028758503205
969.1335315073039,0.4801068163247066
969.233531507304,0.4813820077935626
969.333531507304,0.48252740361929286
969.433531507304,0.48354206210728856
969.533531507304,0.4844251477961531
969.633531507304,0.48517593260410374
969.7335315073041,0.48579379682934865
969.8335315073041,0.4862782300025142
969.9335315073041,0.4866288315894821
970.0335315073041,0.48684531154328087
970.1335315073042,0.48692749070396735
970.2335315073042,0.48684781961157003
970.3335315073042,0.48656467730093445
970.4335315073042,0.48607798578832095
970.5335315073042,0.4853883562431574
970.6335315073043,0.48449665397789454
970.7335315073043,0.4834039966386765
970.8335315073043,0.4821117518709376
970.9335315073043,0.48062153446675226
971.0335315073044,0.47893520300226655
971.1335315073044,0.4770548559750118
971.2335315073044,0.4749828274523386
971.3335315073044,0.4727216822436021
971.4335315073045,0.4702742106100745
971.5335315073045,0.46764342252785895
971.6335315073045,0.4648325415203133
971.7335315073045,0.46184499807767077
971.8335315073045,0.45868442268265674
971.9335315073046,0.4553546384619418
972.0335315073046,0.4518596534842427
972.1335315073046,0.4482036527267765
972.2335315073046,0.4443909897325901
972.3335315073047,0.4404261779820196
972.4335315073047,0.43631388200218846
972.5335315073047,0.4320589082390173
972.6335315073047,0.42766619571669995
972.7335315073047,0.4231408065099915
972.8335315073048,0.4184879160549582
972.9335315073048,0.41371280332405796
973.0335315073048,0.40882084089154164
973.1335315073048,0.403817484915211
973.2335315073049,0.39870826506051765
973.3335315073049,0.39349877439285413
973.4335315073049,0.38819465926367125
973.5335315073049,0.3828016092157536
973.633531507305,0.377325346932604
973.733531507305,0.37177161825642824
973.833531507305,0.3661461822986774
973.933531507305,0.3604548016664955
974.033531507305,0.35470323282774785
974.1335315073051,0.34889721663655937
974.2335315073051,0.343042469040495
974.3335315073051,0.33714467198964543
974.4335315073051,0.33120946456697486
974.5335315073052,0.3252424343583178
974.6335315073052,0.3192491090794058
974.7335315073052,0.31323494847625444
974.8335315073052,0.3072053365141581
974.9335315073052,0.30116557386941983
975.0335315073053,0.2951208707368066
975.1335315073053,0.28907633996455173
975.2335315073053,0.28303699052754705
975.3335315073053,0.2770077213481759
975.4335315073054,0.2709933154730354
975.5335315073054,0.264998434612594
975.6335315073054,0.25902761404963104
975.7335315073054,0.2530852579211064
975.8335315073055,0.2471756348769267
975.9335315073055,0.24130287411790322
976.0335315073055,0.23547096181404617
976.1335315073055,0.22968373790321062
976.2335315073055,0.22394489326900924
976.3335315073056,0.2182579672958307
976.4335315073056,0.21262634579776846
976.5335315073056,0.20705325931725618
976.6335315073056,0.20154178178824575
976.7335315073057,0.19609482955783852
976.8335315073057,0.19071516075940326
976.9335315073057,0.18540537502938026
977.0335315073057,0.18016791355918774
977.1335315073057,0.1750050594729097
977.2335315073058,0.16991893852076148
977.3335315073058,0.16491152007769722
977.4335315073058,0.15998461843594197
977.5335315073058,0.1551398943797096
977.6335315073059,0.15037885702989218
977.7335315073059,0.14570286594609122
977.8335315073059,0.14111313347299778
977.9335315073059,0.1366107273178194
978.033531507306,0.13219657334519397
978.133531507306,0.12787145857583024
978.233531507306,0.1236360343749608
978.333531507306,0.1194908198165936
978.433531507306,0.11543620520949673
978.5335315073061,0.11147245577084706
978.6335315073061,0.10759971543351772
978.7335315073061,0.1038180107730657
978.8335315073061,0.10012725504061315
978.9335315073062,0.09652725228798642
979.0335315073062,0.09301770157168844
979.1335315073062,0.08959820122252697
979.2335315073062,0.08626825316800356
979.3335315073062,0.08302726729488184
979.4335315073063,0.07987456583969885
979.5335315073063,0.07680938779535357
979.6335315073063,0.073830893322306
979.7335315073063,0.07093816815333706
979.8335315073064,0.06813022798126239
979.9335315073064,0.06540602281944961
980.0335315073064,0.06276444132546309
980.1335315073064,0.06020431507864656
980.2335315073065,0.05772442280295258
980.3335315073065,0.0553234945268336
980.4335315073065,0.05300021567252243
980.5335315073065,0.050753231067547276
980.6335315073065,0.04858114887184553
980.7335315073066,0.04648254441436037
980.8335315073066,0.04445596393352119
980.9335315073066,0.04249992821652427
981.0335315073066,0.04061293613283722
981.1335315073067,0.038793468057854615
981.2335315073067,0.037039989183123366
981.3335315073067,0.035350952710041475
981.4335315073067,0.033724802924404974
981.5335315073067,0.03215997814963733
981.6335315073068,0.030654913576981736
981.7335315073068,0.0292080439713677
981.8335315073068,0.02781780625207859
981.9335315073068,0.02648264194774626
982.0335315073069,0.025200999525580723
982.1335315073069,0.02397133659510667
982.2335315073069,0.02279212198702565
982.3335315073069,0.021661837708148786
982.433531507307,0.02057898077365449
982.533531507307,0.01954206491821455
982.633531507307,0.018549622187801634
982.733531507307,0.017600204414242825
982.833531507307,0.016692384574814378
982.9335315073071,0.015824758039385947
983.0335315073071,0.014995943707815271
983.1335315073071,0.01420458504046945
983.2335315073071,0.01344935098490478
983.3335315073072,0.01272893680187563
983.4335315073072,0.01204206479396339
983.5335315073072,0.011387484940220058
983.6335315073072,0.010763975440308054
983.7335315073072,0.010170343171688847
983.8335315073073,0.009605424063468572
983.9335315073073,0.009068083390549498
984.0335315073073,0.008557215991763026
984.1335315073073,0.008071746415673106
984.2335315073074,0.00761062899773929
984.3335315073074,0.007172847872517415
984.4335315073074,0.006757416924552646
984.5335315073074,0.006363379681586507
984.6335315073075,0.005989809153655967
984.7335315073075,0.005635807621610191
984.8335315073075,0.005300506378509768
984.9335315073075,0.004983065427304485
985.0335315073075,0.004682673138110137
985.1335315073076,0.004398545868322909
985.2335315073076,0.004129927548722171
985.3335315073076,0.003876089238620111
985.4335315073076,0.003636328653019423
985.5335315073077,0.0034099696646398576
985.6335315073077,0.003196361783570361
985.7335315073077,0.002994879617197299
985.8335315073077,0.0028049223129508103
985.9335315073077,0.0026259129863013078
986.0335315073078,0.0024572981363273926
986.1335315073078,0.0022985470510648327
986.2335315073078,0.002149151204734776
986.3335315073078,0.002008623648838087
986.4335315073079,0.0018764983989921578
986.5335315073079,0.0017523298192770864
986.6335315073079,0.0016356920057499697
986.7335315073079,0.0015261781706796679
986.833531507308,0.0014234000289499995
986.933531507308,0.001326987187977086
987.033531507308,0.0012365865423867484
987.133531507308,0.0011518616746008519
987.233531507308,0.001072492262387056
987.3335315073081,0.000998173494335201
987.4335315073081,0.0009286154941352957
987.5335315073081,0.0008635427544470551
987.6335315073081,0.0008026935810692469
987.7335315073082,0.0007458195480387584
987.8335315073082,0.0006926849642143793
987.9335315073082,0.0006430663518288345
988.0335315073082,0.0005967519374246255
988.1335315073082,0.0005535411555246827
988.2335315073083,0.0005132441653278487
988.3335315073083,0.00047568138066150437
988.4335315073083,0.0004406830133695224
988.5335315073083,0.0004080886302627849
988.6335315073084,0.0003777467237119772
988.7335315073084,0.00034951429591798905
988.8335315073084,0.00032325645685406506
988.9335315073084,0.0002988460358356873
989.0335315073085,0.0002761632066390357
989.1335315073085,0.0002550951260565669
989.2335315073085,0.00023553558574877459
989.3335315073085,0.00021738467722437
989.4335315073085,0.00020054846975687608
989.5335315073086,0.00018493870102387214
989.6335315073086,0.0001704724802356902
989.7335315073086,0.0001570720035032086
989.8335315073086,0.00014466428117935025
989.9335315073087,0.00013318087689587982
990.0335315073087,0.00012255765800600003
990.1335315073087,0.00011273455713395659
990.2335315073087,0.00010365534452525282
990.3335315073087,9.526741088507497e-05
990.4335315073088,8.752156038799408e-05
990.5335315073088,8.037181353887112e-05
990.6335315073088,7.377521956302089e-05
990.7335315073088,6.769167800301765e-05
990.8335315073089,6.208376919993544e-05
990.9335315073089,5.6916593338227775e-05
991.0335315073089,5.2157617735783074e-05
991.1335315073089,4.777653206384671e-05
991.233531507309,4.374511118541007e-05
991.333531507309,4.0037085305250077e-05
991.433531507309,3.662801712998418e-05
991.533531507309,3.349518574222472e-05
991.633531507309,3.061747689909499e-05
991.7335315073091,2.797527947196114e-05
991.8335315073091,2.5550387751164362e-05
991.9335315073091,2.3325909346767182e-05
992.0335315073091,2.1286178423794517e-05
992.1335315073092,1.941667401811056e-05
992.2335315073092,1.7703943186883948e-05
992.3335315073092,1.613552875551206e-05
992.4335315073092,1.4699901430862664e-05
992.5335315073092,1.33863960587163e-05
992.6335315073093,1.2185151811318707e-05
992.7335315073093,1.1087056098954076e-05
992.8335315073093,1.0083692007398216e-05
992.9335315073093,9.16728907098312e-06
993.0335315073094,8.330677198778163e-06
993.1335315073094,7.56724357905158e-06
993.2335315073094,6.870892394697627e-06
993.3335315073094,6.236007189690699e-06
993.4335315073095,5.657415733839404e-06
993.5335315073095,5.130357240153408e-06
993.6335315073095,4.650451795993228e-06
993.7335315073095,4.213671875840233e-06
993.8335315073095,3.816315809994351e-06
993.9335315073096,3.4549830897763298e-06
994.0335315073096,3.1265513958750916e-06
994.1335315073096,2.8281552423368476e-06
994.2335315073096,2.5571661343393413e-06
994.3335315073097,2.311174143332239e-06
994.4335315073097,2.0879708083519716e-06
994.5335315073097,1.8855332773395657e-06
994.6335315073097,1.7020096071032633e-06
994.7335315073097,1.5357051451775632e-06
994.8335315073098,1.3850699212396588e-06
994.9335315073098,1.2486869799563564e-06
995.0335315073098,1.125261591153985e-06
995.1335315073098,1.0136112770345315e-06
995.2335315073099,9.126565998081711e-07
995.3335315073099,8.214126565806504e-07
995.4335315073099,7.389812316285241e-07
995.5335315073099,6.645435593216961e-07
995.63353150731,5.973536539164828e-07
995.73353150731,5.367321652491773e-07
995.83353150731,4.820607220154993e-07
995.93353150731,4.327767268310541e-07
996.03353150731,3.8836856963783066e-07
996.1335315073101,3.483712282573959e-07
996.2335315073101,3.1236222699854194e-07
996.3335315073101,2.7995792621126936e-07
996.4335315073101,2.508101175456363e-07
996.5335315073102,2.2460290142858343e-07
996.6335315073102,2.010498249196866e-07
996.7335315073102,1.798912596529933e-07
996.8335315073102,1.6089200102175214e-07
996.9335315073102,1.4383907112085245e-07
997.0335315073103,1.2853970923285377e-07
997.1335315073103,1.148195348322306e-07
997.2335315073103,1.0252086919332575e-07
997.3335315073103,9.150120272474724e-08
997.4335315073104,8.163179612071113e-08
997.5335315073104,7.279640432203521e-08
997.6335315073104,6.489011311996692e-08
997.7335315073104,5.7818279018363656e-08
997.8335315073105,5.149556369744506e-08
997.9335315073105,4.5845055098690144e-08
998.0335315073105,4.079746777862516e-08
998.1335315073105,3.629041576224088e-08
998.2335315073105,3.2267751667456256e-08
998.3335315073106,2.867896637309746e-08
998.4335315073106,2.5478643966889107e-08
998.5335315073106,2.2625967139357334e-08
998.6335315073106,2.008426858665651e-08
998.7335315073107,1.782062435229688e-08
998.8335315073107,1.5805485376648063e-08
998.9335315073107,1.4012343835832695e-08
999.0335315073107,1.2417431140044925e-08
999.1335315073107,1.0999444727129965e-08
999.2335315073108,9.739301032055241e-09
999.3335315073108,8.6199122382032e-09
999.4335315073108,7.625984623631243e-09
999.5335315073108,6.743836505902246e-09
999.6335315073109,5.961233964032474e-09
999.7335315073109,5.267242676687612e-09
999.8335315073109,4.652094363067982e-09
999.9335315073109,4.107066447969258e-09
1000.033531507311,3.6243736962282197e-09
1000.133531507311,3.1970706750393343e-09
1000.233531507311,2.818964006276155e-09
1000.333531507311,2.4845334657276955e-09
1000.433531507311,2.188861072770775e-09
1000.5335315073111,1.9275673930981425e-09
1000.6335315073111,1.6967543493158897e-09
1000.7335315073111,1.4929539000740235e-09
1000.8335315073111,1.3130820084220827e-09
1000.9335315073112,1.1543973747677555e-09
1001.0335315073112,1.0144644596064263e-09
1001.1335315073112,8.911203664937644e-10
1001.2335315073112,7.824451969313005e-10
1001.3335315073112,6.867355262759259e-10
1001.4335315073113,6.024806837909411e-10
1001.5335315073113,5.283415508245596e-10
1001.6335315073113,4.6313161910555504e-10
1001.7335315073113,4.0580007653490493e-10
1001.8335315073114,3.554167108579629e-10
1001.9335315073114,3.111584424351913e-10
1002.0335315073114,2.7229731618478973e-10
1002.1335315073114,2.3818979982568194e-10
1002.2335315073115,2.0826725096710524e-10
1002.3335315073115,1.8202742952061194e-10
1002.4335315073115,1.5902694448800165e-10
1002.5335315073115,1.3887453552931925e-10
1002.6335315073115,1.212250999522708e-10
1002.7335315073116,1.057743849923306e-10
1002.8335315073116,9.225427356605732e-11
1002.9335315073116,8.042859916524946e-11
1003.0335315073116,7.008943229511877e-11
1003.1335315073117,6.105378691737635e-11
1003.2335315073117,5.316070080409917e-11
1003.3335315073117,4.6268648599738256e-11
1003.4335315073117,4.0253250780444784e-11
1003.5335315073117,3.500524564085634e-11
1003.6335315073118,3.0428694972942064e-11
1003.7335315073118,2.643939726960779e-11
1003.8335315073118,2.2963485123915232e-11
1003.9335315073118,1.9936186035950432e-11
1004.0335315073119,1.730072811338447e-11
1004.1335315073119,1.500737418559469e-11
1004.2335315073119,1.3012569669223832e-11
1004.3335315073119,1.1278191147263743e-11
1004.433531507312,9.77088407402261e-12
1004.533531507312,8.461479312602644e-12
