960.1335315073019,0.9945413322201939
960.2335315073019,0.9979455622316187
960.3335315073019,1.0014090652007746
960.433531507302,1.0049315385718396
960.533531507302,1.008512622004067
960.633531507302,1.0121518961972593
960.733531507302,1.015848881767778
960.833531507302,1.0196030381783392
960.9335315073021,1.0234137627248305
961.0335315073021,1.0272803895833529
961.1335315073021,1.0312021889206644
961.2335315073021,1.03517836607116
961.3335315073022,1.039208060783463
961.4335315073022,1.043290346539664
961.5335315073022,1.047424229950158
961.6335315073022,1.0516086502269708
961.7335315073022,1.0558424787383733
961.8335315073023,1.060124518647502
961.9335315073023,1.0644535046375916
962.0335315073023,1.0688281027263318
962.1335315073023,1.0732469101717375
962.2335315073024,1.0777084554717986
962.3335315073024,1.082211198460048
962.4335315073024,1.0867535304990443
962.5335315073024,1.0913337747736205
962.6335315073025,1.095950186685594
962.7335315073025,1.1006009543514788
962.8335315073025,1.1052841992045601
962.9335315073025,1.1099979767025332
963.0335315073025,1.1147402771417114
963.1335315073026,1.1195090265786347
963.2335315073026,1.1243020878597063
963.3335315073026,1.129117261759296
963.4335315073026,1.1339522882265398
963.5335315073027,1.1388048477408617
963.6335315073027,1.1436725627760276
963.7335315073027,1.1485529993723338
963.8335315073027,1.1534436688163043
963.9335315073027,1.1583420294270603
964.0335315073028,1.163245488448294
964.1335315073028,1.1681514040445578
964.2335315073028,1.1730570874003567
964.3335315073028,1.177959804920299
964.4335315073029,1.1828567805283379
964.5335315073029,1.1877451980639127
964.6335315073029,1.1926222037725687
964.7335315073029,1.1974849088884156
964.833531507303,1.2023303923055606
964.933531507303,1.2071557033354396
965.033531507303,1.2119578645467493
965.133531507303,1.216733874684476
965.233531507303,1.221480711664315
965.3335315073031,1.2261953356385633
965.4335315073031,1.2308746921293894
965.5335315073031,1.235515715225179
965.6335315073031,1.24011533083549
965.7335315073032,1.2446704599999636
965.8335315073032,1.2491780222463817
965.9335315073032,1.253634938992899
966.0335315073032,1.2580381369893308
966.1335315073032,1.2623845517922438
966.2335315073033,1.2666711312684586
966.3335315073033,1.2708948391214656
966.4335315073033,1.2750526584351423
966.5335315073033,1.2791415952290657
966.6335315073034,1.2831586820196312
966.7335315073034,1.287100981381112
966.8335315073034,1.2909655895007393
966.9335315073034,1.2947496397218317
967.0335315073035,1.2984503060689694
967.1335315073035,1.3020648067491862
967.2335315073035,1.3055904076231453
967.3335315073035,1.3090244256402648
967.4335315073035,1.312364232231788
967.5335315073036,1.3156072566558104
967.6335315073036,1.3187509892883318
967.7335315073036,1.3217929848544603
967.8335315073036,1.3247308655939574
967.9335315073037,1.327562324355411
968.0335315073037,1.330285127613417
968.1335315073037,1.3328971184032588
968.2335315073037,1.3353962191677065
968.3335315073037,1.3377804345106896
968.4335315073038,1.3400478538527532
968.5335315073038,1.3421966539833572
968.6335315073038,1.3442251015052764
968.7335315073038,1.3461315551665154
968.8335315073039,1.3479144680753747
968.9335315073039,1.3495723897944976
969.0335315073039,1.3511039683099475
969.1335315073039,1.3525079518715992
969.233531507304,1.353783190701353
969.333531507304,1.354928638565937
969.433531507304,1.3559433542113077
969.533531507304,1.3568265026559252
969.633531507304,1.3575773563404412
969.7335315073041,1.3581952961316186
969.8335315073041,1.358679812178571
969.9335315073041,1.3590305046197073
970.0335315073041,1.3592470841390367
970.1335315073042,1.3593293723708013
970.2335315073042,1.359249820717522
970.3335315073042,1.358966809150327
970.4335315073042,1.3584802607014366
970.5335315073042,1.357790787642232
970.6335315073043,1.3568992564798887
970.7335315073043,1.3558067861553103
970.8335315073043,1.3545147457165088
970.9335315073043,1.3530247514742924
971.0335315073044,1.3513386636486198
971.1335315073044,1.3494585825154621
971.2335315073044,1.3473868440654455
971.3335315073044,1.3451260151869477
971.4335315073045,1.342678888387668
971.5335315073045,1.3400484760699833
971.6335315073045,1.3372380043766536
971.7335315073045,1.3342509066246049
971.8335315073045,1.3310908163456432
971.9335315073046,1.327761559953993
972.0335315073046,1.3242671490615259
972.1335315073046,1.3206117724624424
972.2335315073046,1.3167997878099906
972.3335315073047,1.3128357130085377
972.4335315073047,1.308724217344969
972.5335315073047,1.3044701123839542
972.6335315073047,1.3000783426521065
972.7335315073047,1.2955539761364547
972.8335315073048,1.290902194622948
972.9335315073048,1.2861282839009491
973.0335315073048,1.2812376238597767
973.1335315073048,1.276235678503425
973.2335315073049,1.2711279859095244
973.3335315073049,1.2659201481584856
973.4335315073049,1.2606178212585522
973.5335315073049,1.255226705092185
973.633531507305,1.2497525334088269
973.733531507305,1.2442010638886347
973.833531507305,1.2385780683012388
973.933531507305,1.2328893227829765
974.033531507305,1.227140598255383
974.1335315073051,1.2213376510069691
974.2335315073051,1.215486213459534
974.3335315073051,1.2095919851393733
974.4335315073051,1.2036606238728624
974.5335315073052,1.197697737224903
974.6335315073052,1.191708874197729
974.7335315073052,1.1856995172065177
974.8335315073052,1.1796750743471591
974.9335315073052,1.173640871970431
975.0335315073053,1.1676021475756748
975.1335315073053,1.1615640430359102
975.2335315073053,1.1555315981651364
975.3335315073053,1.1495097446373834
975.4335315073054,1.1435033002658626
975.5335315073054,1.1375169636493696
975.6335315073054,1.1315553091918842
975.7335315073054,1.12562278250011
975.8335315073055,1.1197236961625145
975.9335315073055,1.1138622259122513
976.0335315073055,1.1080424071751855
976.1335315073055,1.1022681320031202
976.2335315073055,1.0965431463911994
976.3335315073056,1.0908710479773902
976.4335315073056,1.0852552841209004
976.5335315073056,1.079699150355368
976.6335315073056,1.0742057892116925
976.7335315073057,1.0687781894044384
976.8335315073057,1.0634191853748536
976.9335315073057,1.0581314571827
977.0335315073057,1.0529175307382919
977.1335315073057,1.0477797783653924
977.2335315073058,1.0427204196849156
977.3335315073058,1.0377415228087319
977.4335315073058,1.0328450058322802
977.5335315073058,1.028032638614147
977.6335315073059,1.0233060448302742
977.7335315073059,1.0186667042900301
977.8335315073059,1.0141159555009822
977.9335315073059,1.0096549984688874
978.033531507306,1.0052848977191282
978.133531507306,1.0010065855256007
978.233531507306,0.9968208653328787
978.333531507306,0.9927284153573516
978.433531507306,0.9887297923529572
978.5335315073061,0.9848254355270939
978.6335315073061,0.9810156705923121
978.7335315073061,0.977300713939443
978.8335315073061,0.9736806769179194
978.9335315073062,0.9701555702091854
979.0335315073062,0.9667253082792673
979.1335315073062,0.9633897138967911
979.2335315073062,0.9601485227029842
979.3335315073062,0.9570013878204718
979.4335315073063,0.9539478844879918
979.5335315073063,0.9509875147084873
979.6335315073063,0.9481197118983957
979.7335315073063,0.9453438455263381
979.8335315073064,0.9426592257298165
979.9335315073064,0.9400651078989483
980.0335315073064,0.9375606972167041
980.1335315073064,0.9351451531455705
980.2335315073065,0.9328175938510149
980.3335315073065,0.930577100552611
980.4335315073065,0.9284227217941521
980.5335315073065,0.9263534776245737
980.6335315073065,0.9243683636819884
980.7335315073066,0.9224663551736262
980.8335315073066,0.920646410744964
980.9335315073066,0.9189074762318147
981.0335315073066,0.9172484882896257
981.1335315073067,0.9156683778947222
981.2335315073067,0.9141660737126961
981.3335315073067,0.9127405053296085
981.4335315073067,0.9113906063421314
981.5335315073067,0.9101153173031966
981.6335315073068,0.9089135885201584
981.7335315073068,0.9077843827028975
981.8335315073068,0.9067266774597109
981.9335315073068,0.9057394676392221
982.0335315073069,0.9048217675169428
982.1335315073069,0.9039726128254799
982.2335315073069,0.903191062627745
982.3335315073069,0.9024762010328644
982.433531507307,0.9018271387548202
982.533531507307,0.9012430145141622
982.633531507307,0.9007229962834388
982.733531507307,0.9002662823772736
982.833531507307,0.8998721023882931
982.9335315073071,0.8995397179703631
983.0335315073071,0.8992684234708435
983.1335315073071,0.8990575464137949
983.2335315073071,0.8989064478362969
983.3335315073072,0.8988145224802395
983.4335315073072,0.8987811988421454
983.5335315073072,0.8988059390837658
983.6335315073072,0.898888238806365
983.7335315073072,0.899027626691767
983.8335315073073,0.8992236640133991
983.9335315073073,0.8994759440207037
984.0335315073073,0.8997840912004278
984.1335315073073,0.9001477604184288
984.2335315073074,0.900566635945753
984.3335315073074,0.9010404303728589
984.4335315073074,0.9015688834159619
984.5335315073074,0.9021517606195834
984.6335315073075,0.9027888519594784
984.7335315073075,0.9034799703502118
984.8335315073075,0.9042249500617383
984.9335315073075,0.9050236450494266
985.0335315073075,0.9058759272020462
985.1335315073076,0.9067816845123156
985.2335315073076,0.9077408191746797
985.3335315073076,0.908753245615062
985.4335315073076,0.9098188884573976
985.5335315073077,0.9109376804318293
985.6335315073077,0.9121095602295047
985.7335315073077,0.9133344703089786
985.8335315073077,0.9146123546592849
985.9335315073077,0.9159431565247969
986.0335315073078,0.9173268160970534
986.1335315073078,0.9187632681787791
986.2335315073078,0.9202524398253773
986.3335315073078,0.9217942479692208
986.4335315073079,0.9233885970321118
986.5335315073079,0.9250353765313203
986.6335315073079,0.9267344586846495
986.7335315073079,0.928485696020007
986.833531507308,0.9302889189949906
986.933531507308,0.9321439336320203
987.033531507308,0.9340505191745649
987.133531507308,0.9360084257700251
987.233531507308,0.9380173721848378
987.3335315073081,0.9400770435573695
987.4335315073081,0.9421870891941522
987.5335315073081,0.9443471204150029
987.6335315073081,0.9465567084525426
987.7335315073082,0.9488153824115921
987.8335315073082,0.9511226272938864
987.9335315073082,0.9534778820934874
988.0335315073082,0.95588053796822
988.1335315073082,0.9583299364923742
988.2335315073083,0.9608253679958354
988.3335315073083,0.9633660699947068
988.4335315073083,0.9659512257183761
988.5335315073083,0.9685799627378612
988.6335315073084,0.9712513517001308
988.7335315073084,0.9739644051729524
988.8335315073084,0.976718076604658
988.9335315073084,0.9795112594030451
989.0335315073085,0.9823427861374416
989.1335315073085,0.9852114278677685
989.2335315073085,0.9881158936042123
989.3335315073085,0.9910548299009009
989.4335315073085,0.9940268205867291
989.5335315073086,0.9970303866362319
989.6335315073086,1.0000639861831349
989.7335315073086,1.0031260146789325
989.8335315073086,1.0062148051985587
989.9335315073087,1.0093286288949037
990.0335315073087,1.0124656956036273
990.1335315073087,1.0156241545993883
990.2335315073087,1.018802095504277
990.3335315073087,1.0219975493488986
990.4335315073088,1.0252084897861975
990.5335315073088,1.0284328344577582
990.6335315073088,1.0316684465119514
990.7335315073088,1.03491313627292
990.8335315073089,1.0381646630590238
990.9335315073089,1.0414207371489836
991.0335315073089,1.0446790218935784
991.1335315073089,1.0479371359703646
991.233531507309,1.0511926557785025
991.333531507309,1.054443117970389
991.433531507309,1.0576860221164097
991.533531507309,1.0609188334987503
991.633531507309,1.0641389860298198
991.7335315073091,1.0673438852904817
991.8335315073091,1.0705309116829127
991.9335315073091,1.0736974236925614
992.0335315073091,1.0768407612533322
992.1335315073092,1.0799582492097788
992.2335315073092,1.0830472008697785
992.3335315073092,1.0861049216408367
992.4335315073092,1.089128712742884
992.5335315073092,1.092115874990144
992.6335315073093,1.095063712634388
992.7335315073093,1.0979695372616445
992.8335315073093,1.1008306717342076
992.9335315073093,1.1036444541695798
993.0335315073094,1.1064082419477994
993.1335315073094,1.1091194157384365
993.2335315073094,1.1117753835384023
993.3335315073094,1.1143735847115965
993.4335315073095,1.1169114940213225
993.5335315073095,1.1193866256463338
993.6335315073095,1.1217965371713223
993.7335315073095,1.1241388335426519
993.8335315073095,1.1264111709801354
993.9335315073096,1.1286112608356964
994.0335315073096,1.1307368733898073
994.1335315073096,1.1327858415766885
994.2335315073096,1.1347560646293646
994.3335315073097,1.1366455116358036
994.4335315073097,1.1384522249975455
994.5335315073097,1.1401743237824005
994.6335315073097,1.1418100069630266
994.7335315073097,1.1433575565334266
994.8335315073098,1.1448153404956773
994.9335315073098,1.1461818157094874
995.0335315073098,1.1474555305974974
995.1335315073098,1.1486351276995586
995.2335315073099,1.1497193460695987
995.3335315073099,1.1507070235090362
995.4335315073099,1.1515970986311193
995.5335315073099,1.1523886127509597
995.63353150731,1.1530807115964707
995.73353150731,1.1536726468358554
995.83353150731,1.1541637774177476
995.93353150731,1.1545535707205854
996.03353150731,1.15484160350826
996.1335315073101,1.1550275626895903
996.2335315073101,1.155111245879659
996.3335315073101,1.155090988231242
996.4335315073101,1.1549619664622977
996.5335315073102,1.154723988042114
996.6335315073102,1.1543773280632108
996.7335315073102,1.1539223871466922
996.8335315073102,1.1533596906672545
996.9335315073102,1.1526898877389828
997.0335315073103,1.1519137499646384
997.1335315073103,1.1510321699517907
997.2335315073103,1.1500461595997615
997.3335315073103,1.1489568481619585
997.4335315073104,1.1477654800887727
997.5335315073104,1.14647341265679
997.6335315073104,1.145082113390617
997.7335315073104,1.1435931572841633
997.8335315073105,1.1420082238287272
997.9335315073105,1.1403290938557205
998.0335315073105,1.1385576462023252
998.1335315073105,1.1366958542088088
998.2335315073105,1.13474578205662
998.3335315073106,1.1327095809567658
998.4335315073106,1.130589485198303
998.5335315073106,1.128387808067087
998.6335315073106,1.126106937645193
998.7335315073107,1.1237493325016623
998.8335315073107,1.1213175172854328
998.9335315073107,1.1188140782314782
999.0335315073107,1.1162416585913177
999.1335315073107,1.113602953999153
999.2335315073108,1.1109007077849502
999.3335315073108,1.1081377062458182
999.4335315073108,1.1053167738870169
999.5335315073108,1.1024407686438944
999.6335315073109,1.0995125770959704
999.7335315073109,1.09653510968427
999.8335315073109,1.0935112959428774
999.9335315073109,1.090444079755494
1000.033531507311,1.0873364146475821
1000.133531507311,1.0841912591244454
1000.233531507311,1.0810115720653195
1000.333531507311,1.0778003081832712
1000.433531507311,1.0745604135603706
1000.5335315073111,1.0712948212672695
1000.6335315073111,1.0680064470759507
1000.7335315073111,1.0646981852740247
1000.8335315073111,1.0613729045885492
1000.9335315073112,1.0580334442269184
1001.0335315073112,1.0546826100419322
1001.1335315073112,1.0513231708277009
1001.2335315073112,1.047957854752574
1001.3335315073112,1.0445893459348037
1001.4335315073113,1.0412202811661688
1001.5335315073113,1.0378532467882933
1001.6335315073113,1.0344907757258888
1001.7335315073113,1.031135344680656
1001.8335315073114,1.027789371489074
1001.9335315073114,1.0244552126468018
1002.0335315073114,1.0211351610019141
1002.1335315073114,1.0178314436187033
1002.2335315073115,1.0145462198132742
1002.3335315073115,1.0112815793616878
1002.4335315073115,1.0080395408809166
1002.5335315073115,1.0048220503824226
1002.6335315073115,1.0016309799976963
1002.7335315073116,0.9984681268746685
1002.8335315073116,0.9953352122434598
1002.9335315073116,0.9922338806495283
1003.0335315073116,0.9891656993518735
1003.1335315073117,0.986132157883569
1003.2335315073117,0.9831346677715372
1003.3335315073117,0.9801745624121271
1003.4335315073117,0.977253097098735
1003.5335315073117,0.9743714491973973
1003.6335315073118,0.9715307184659986
1003.7335315073118,0.9687319275124767
1003.8335315073118,0.9659760223871551
1003.9335315073118,0.9632638733041174
1004.0335315073119,0.9605962754863336
1004.1335315073119,0.9579739501290696
1004.2335315073119,0.9553975454759545
1004.3335315073119,0.9528676380019425
1004.433531507312,0.9503847336972968
1004.533531507312,0.9479492694466227
