960.1335315073019,1.5304836092434556e-11
960.2335315073019,1.744127555603268e-11
960.3335315073019,1.9868749025065227e-11
960.433531507302,2.262588231764623e-11
960.533531507302,2.5756286275882068e-11
960.633531507302,2.930918099086744e-11
960.733531507302,3.334009566535157e-11
960.833531507302,3.791165295389749e-11
960.9335315073021,4.3094447612763925e-11
961.0335315073021,4.896803039062784e-11
961.1335315073021,5.56220093074536e-11
961.2335315073021,6.315728181419144e-11
961.3335315073022,7.168741281355424e-11
961.4335315073022,8.134017516611394e-11
961.5335315073022,9.225927112195343e-11
961.6335315073022,1.0460625512310111e-10
961.7335315073022,1.1856268063460836e-10
961.8335315073023,1.3433249610265716e-10
961.9335315073023,1.5214471782870628e-10
962.0335315073023,1.7225641051356273e-10
962.1335315073023,1.949560094907091e-10
962.2335315073024,2.2056702226301804e-10
962.3335315073024,2.494521509122594e-10
962.4335315073024,2.8201788130068257e-10
962.5335315073024,3.187195897653512e-10
962.6335315073025,3.60067223258948e-10
962.7335315073025,4.066316146592321e-10
962.8335315073025,4.5905150130043953e-10
962.9335315073025,5.180413217251818e-10
963.0335315073025,5.843998732704027e-10
963.1335315073026,6.590199214461936e-10
963.2335315073026,7.428988612069337e-10
963.3335315073026,8.371505402211557e-10
963.4335315073026,9.430183651960858e-10
963.5335315073027,1.0618898242877118e-09
963.6335315073027,1.1953125717165406e-09
963.7335315073027,1.3450122350094218e-09
963.8335315073027,1.5129121209026158e-09
963.9335315073027,1.7011550129826537e-09
964.0335315073028,1.91212727273013e-09
964.1335315073028,2.1484854758968653e-09
964.2335315073028,2.4131858382287024e-09
964.3335315073028,2.709516708594553e-09
964.4335315073029,3.041134433757643e-09
964.5335315073029,3.4121029275015926e-09
964.6335315073029,3.826937307785175e-09
964.7335315073029,4.290651999246707e-09
964.833531507303,4.808813734922433e-09
964.933531507303,5.38759993071233e-09
965.033531507303,6.03386294916452e-09
965.133531507303,6.755200815815782e-09
965.233531507303,7.560035001898619e-09
965.3335315073031,8.457695942002012e-09
965.4335315073031,9.458517014567865e-09
965.5335315073031,1.0573937777255788e-08
965.6335315073031,1.1816617318573389e-08
965.7335315073032,1.3200558662127657e-08
965.8335315073032,1.4741245240811192e-08
965.9335315073032,1.645579054562246e-08
966.0335315073032,1.8363102148089834e-08
966.1335315073032,2.0484061396905057e-08
966.2335315073033,2.2841720198886744e-08
966.3335315073033,2.5461516412325174e-08
966.4335315073033,2.83715095076814e-08
966.5335315073033,3.160263828712538e-08
966.6335315073034,3.518900260113922e-08
966.7335315073034,3.91681711580475e-08
966.8335315073034,4.358151769157691e-08
966.9335315073034,4.847458793313123e-08
967.0335315073035,5.3897500030170675e-08
967.1335315073035,5.990538126072917e-08
967.2335315073035,6.655884411753913e-08
967.3335315073035,7.392450507435912e-08
967.4335315073035,8.20755496028504e-08
967.5335315073036,9.109234728170321e-08
967.6335315073036,1.0106312113168743e-07
967.7335315073036,1.1208467562195854e-07
967.8335315073036,1.2426318812539484e-07
967.9335315073037,1.3771506895511225e-07
968.0335315073037,1.5256789549179838e-07
968.1335315073037,1.6896142631334728e-07
968.2335315073037,1.8704870166573452e-07
968.3335315073037,2.0699723706846466e-07
968.4335315073038,2.2899031733058743e-07
968.5335315073038,2.53228398765628e-07
968.6335315073038,2.7993062793719467e-07
968.7335315073038,3.093364858430148e-07
968.8335315073039,3.417075670551733e-07
968.9335315073039,3.7732950397990457e-07
969.0335315073039,4.1651404708296585e-07
969.1335315073039,4.596013126479792e-07
969.233531507304,5.069622103967142e-07
969.333531507304,5.590010641037205e-07
969.433531507304,6.161584391846315e-07
969.533531507304,6.789141921293313e-07
969.633531507304,7.477907575898308e-07
969.7335315073041,8.233566899194049e-07
969.8335315073041,9.06230476996236e-07
969.9335315073041,9.970846452526088e-07
970.0335315073041,1.096650175971554e-06
970.1335315073042,1.2057212541077027e-06
970.2335315073042,1.3251603721398857e-06
970.3335315073042,1.4559038127705088e-06
970.4335315073042,1.5989675356526013e-06
970.5335315073042,1.75545349475047e-06
970.6335315073043,1.926556414425515e-06
970.7335315073043,2.113571053885155e-06
970.8335315073043,2.3178999912417897e-06
970.9335315073043,2.541061960099691e-06
971.0335315073044,2.784700773321946e-06
971.1335315073044,3.050594870426994e-06
971.2335315073044,3.3406675269246324e-06
971.3335315073044,3.6569977658246773e-06
971.4335315073045,4.00183201353747e-06
971.5335315073045,4.377596544432271e-06
971.6335315073045,4.7869107604275356e-06
971.7335315073045,5.232601354153793e-06
971.8335315073045,5.717717406453504e-06
971.9335315073046,6.245546471261181e-06
972.0335315073046,6.819631703238285e-06
972.1335315073046,7.443790085917871e-06
972.2335315073046,8.122131820539835e-06
972.3335315073047,8.859080938226224e-06
972.4335315073047,9.65939720065048e-06
972.5335315073047,1.0528199356891963e-05
972.6335315073047,1.1470989826730852e-05
972.7335315073047,1.2493680883221284e-05
972.8335315073048,1.3602622409977835e-05
972.9335315073048,1.4804631311212016e-05
973.0335315073048,1.6107022655154188e-05
973.1335315073048,1.7517642634083245e-05
973.2335315073049,1.9044903426751167e-05
973.3335315073049,2.0697820051521563e-05
973.4335315073049,2.248604930102947e-05
973.5335315073049,2.4419930851600893e-05
973.633531507305,2.6510530643032592e-05
973.733531507305,2.876968662661075e-05
973.833531507305,3.121005698142699e-05
973.933531507305,3.3845170901113084e-05
974.033531507305,3.6689482055052174e-05
974.1335315073051,3.9758424829904716e-05
974.2335315073051,4.306847345890667e-05
974.3335315073051,4.663720414782212e-05
974.4335315073051,5.0483360307656586e-05
974.5335315073052,5.4626921005223504e-05
974.6335315073052,5.908917274339488e-05
974.7335315073052,6.389278468333131e-05
974.8335315073052,6.906188742114126e-05
974.9335315073052,7.462215543126357e-05
975.0335315073053,8.060089328834119e-05
975.1335315073053,8.702712577846966e-05
975.2335315073053,9.393169200939204e-05
975.3335315073053,0.00010134734362748633
975.4335315073054,0.00010930884724718456
975.5335315073054,0.00011785309119577304
975.6335315073054,0.00012701919667330836
975.7335315073054,0.00013684863342361105
975.8335315073055,0.0001473853400079465
975.9335315073055,0.0001586758487680308
976.0335315073055,0.00017076941555938246
976.1335315073055,0.00018371815432974547
976.2335315073055,0.0001975771766103027
976.3335315073056,0.0002124047359796578
976.4335315073056,0.00022826237755204157
976.5335315073056,0.00024521509253189313
976.6335315073056,0.0002633314778668109
976.7335315073057,0.00028268390101987686
976.8335315073057,0.0003033486698704636
976.9335315073057,0.00032540620773984484
977.0335315073057,0.0003489412335241943
977.1335315073057,0.00037404294690287696
977.2335315073058,0.00040080521857426633
977.3335315073058,0.0004293267854546732
977.4335315073058,0.0004597114507582902
977.5335315073058,0.0004920682888573719
977.6335315073059,0.0005265118548021257
977.7335315073059,0.0005631623983590455
977.8335315073059,0.0006021460824045564
977.9335315073059,0.0006435952054880263
978.033531507306,0.0006876484283542491
978.133531507306,0.0007344510041905853
978.233531507306,0.0007841550123379686
978.333531507306,0.0008369195951780264
978.433531507306,0.0008929111978805885
978.5335315073061,0.0009523038106669638
978.6335315073061,0.0010152792132145166
978.7335315073061,0.0010820272207973365
978.8335315073061,0.0011527459317262595
978.9335315073062,0.0012276419756191074
979.0335315073062,0.0013069307619989195
979.1335315073062,0.001390836728684195
979.2335315073062,0.0014795935894007755
979.3335315073062,0.0015734445800100866
979.4335315073063,0.001672642702713127
979.5335315073063,0.001777450967553866
979.6335315073063,0.0018881426305097817
979.7335315073063,0.002005001427421108
979.8335315073064,0.0021283218029742547
979.9335315073064,0.0022584091339187375
980.0335315073064,0.002395579945661136
980.1335315073064,0.002540162121343978
980.2335315073065,0.0026924951024824774
980.3335315073065,0.002852930080197515
980.4335315073065,0.0030218301760496996
980.5335315073065,0.0031995706114465055
980.6335315073065,0.0033865388645629517
980.7335315073066,0.003583134813685863
980.8335315073066,0.003789770865862941
980.9335315073066,0.0040068720697105245
981.0335315073066,0.004234876211208547
981.1335315073067,0.004474233891287727
981.2335315073067,0.004725408583992843
981.3335315073067,0.004988876673987115
981.4335315073067,0.005265127472146515
981.5335315073067,0.0055546632079794146
981.6335315073068,0.005857998997596666
981.7335315073068,0.006175662785949932
981.8335315073068,0.006508195262052394
981.9335315073068,0.0068561497458958995
982.0335315073069,0.007220092045782151
982.1335315073069,0.007600600284793304
982.2335315073069,0.007998264695139357
982.3335315073069,0.008413687379135767
982.433531507307,0.00884748203558582
982.533531507307,0.009300273650367764
982.633531507307,0.009772698150057192
982.733531507307,0.010265402017450864
982.833531507307,0.010779041867898739
982.9335315073071,0.011314283985397258
983.0335315073071,0.011871803817448307
983.1335315073071,0.01245228542774554
983.2335315073071,0.013056420905812285
983.3335315073072,0.013684909732783997
983.4335315073072,0.014338458102602014
983.5335315073072,0.015017778197965901
983.6335315073072,0.015723587420477074
983.7335315073072,0.016456607574498235
983.8335315073073,0.017217564004350663
983.9335315073073,0.018007184684574327
984.0335315073073,0.018826199263084858
984.1335315073073,0.019675338057175758
984.2335315073074,0.020555331002433848
984.3335315073074,0.021466906554761574
984.4335315073074,0.022410790545829343
984.5335315073074,0.023387704992416956
984.6335315073075,0.02439836686024252
984.7335315073075,0.025443486783021687
984.8335315073075,0.026523767737648658
984.9335315073075,0.027639903676542173
985.0335315073075,0.028792578118356157
985.1335315073076,0.029982462698412735
985.2335315073076,0.03121021568037772
985.3335315073076,0.032476480430862015
985.4335315073076,0.03378188385879825
985.5335315073077,0.035127034821609546
985.6335315073077,0.03651252250035442
985.7335315073077,0.03793891474620145
985.8335315073077,0.03940675640075422
985.9335315073077,0.04091656759291561
986.0335315073078,0.042468842015146
986.1335315073078,0.044064045182134366
986.2335315073078,0.04570261267506266
986.3335315073078,0.04738494837480288
986.4335315073079,0.04911142268753974
986.5335315073079,0.05088237076646329
986.6335315073079,0.05269809073331961
986.7335315073079,0.054558841903747365
986.833531507308,0.056464843020460634
986.933531507308,0.05841627049846327
987.033531507308,0.0604132566865983
987.133531507308,0.06245588814984433
987.233531507308,0.06454420397687088
987.3335315073081,0.06667819411745445
987.4335315073081,0.06885779775443694
987.5335315073081,0.07108290171497599
987.6335315073081,0.07335333892589344
987.7335315073082,0.07566888691797352
987.8335315073082,0.07802926638409212
987.9335315073082,0.08043413979607869
988.0335315073082,0.08288311008521551
988.1335315073082,0.08537571939126963
988.2335315073083,0.08791144788492769
988.3335315073083,0.09048971266846537
988.4335315073083,0.09310986675942669
988.5335315073083,0.09577119816201853
988.6335315073084,0.09847292903083892
988.7335315073084,0.10121421493145447
988.8335315073084,0.10399414420222411
988.9335315073084,0.1068117374216295
989.0335315073085,0.10966594698522272
989.1335315073085,0.11255565679613201
989.2335315073085,0.11547968207288359
989.3335315073085,0.11843676927809658
989.4335315073085,0.12142559617139229
989.5335315073086,0.12444477198962815
989.6335315073086,0.1274928377573192
989.7335315073086,0.13056826672984942
989.8335315073086,0.13366946497179946
989.9335315073087,0.1367947720724279
990.0335315073087,0.13994246200004146
990.1335315073087,0.14311074409667437
990.2335315073087,0.1462977642141718
990.3335315073087,0.1495016059924336
990.4335315073088,0.15272029228022949
990.5335315073088,0.15595178669863938
990.6335315073088,0.1591939953468086
990.7335315073088,0.1624447686493372
990.8335315073089,0.16570190334424398
990.9335315073089,0.1689631446100655
991.0335315073089,0.17222618833026276
991.1335315073089,0.17548868349272084
991.233531507309,0.17874823472173726
991.333531507309,0.18200240493950376
991.433531507309,0.1852487181536998
991.533531507309,0.18848466236742806
991.633531507309,0.19170769260734075
991.7335315073091,0.19491523406542985
991.8335315073091,0.19810468534958156
991.9335315073091,0.20127342183763475
992.0335315073091,0.20441879912932837
992.1335315073092,0.20753815659018068
992.2335315073092,0.21062882098101174
992.3335315073092,0.21368811016650127
992.4335315073092,0.21671333689587313
992.5335315073092,0.21970181264850533
992.6335315073093,0.22265085153699676
992.7335315073093,0.22555777425996565
992.8335315073093,0.2284199120966203
992.9335315073093,0.23123461093492897
993.0335315073094,0.23399923532502082
993.1335315073094,0.23671117254927762
993.2335315073094,0.23936783670042774
993.3335315073094,0.24196667275882683
993.4335315073095,0.24450516066000888
993.5335315073095,0.24698081934351385
993.6335315073095,0.2493912107739465
993.7335315073095,0.2517339439251961
993.8335315073095,0.25400667871874555
993.9335315073096,0.25620712990702676
994.0335315073096,0.2583330708928314
994.1335315073096,0.26038233747586637
994.2335315073096,0.2623528315176504
994.3335315073097,0.2642425245160804
994.4335315073097,0.2660494610811571
994.5335315073097,0.2677717623035432
994.6335315073097,0.2694076290078396
994.7335315073097,0.27095534488270157
994.8335315073098,0.2724132794801761
994.9335315073098,0.2737798910769276
995.0335315073098,0.27505372939032624
995.1335315073098,0.27623343814270174
995.2335315073099,0.27731775746741905
995.3335315073099,0.2783055261507998
995.4335315073099,0.27919568370430775
995.5335315073099,0.27998727226182046
995.63353150731,0.2806794382972369
995.73353150731,0.28127143415811007
995.83353150731,0.28176261941144576
995.93353150731,0.28215246199827876
996.03353150731,0.2824405391941104
996.1335315073101,0.28262653837278207
996.2335315073101,0.2827102575718522
996.3335315073101,0.2826900323277357
996.4335315073101,0.2825610397066001
996.5335315073102,0.2823230874936326
996.6335315073102,0.28197645106780606
996.7335315073102,0.28152153130985247
996.8335315073102,0.2809588538296736
996.9335315073102,0.2802890679543318
997.0335315073103,0.27951294547934913
997.1335315073103,0.27863137918667596
997.2335315073103,0.27764538113331255
997.3335315073103,0.27655608071517584
997.4335315073104,0.27536472251139665
997.5335315073104,0.2740726639148057
997.6335315073104,0.272681372554924
997.7335315073104,0.27119242352030437
997.8335315073105,0.26960749638758363
997.9335315073105,0.2679283720650854
998.0335315073105,0.26615692945927755
998.1335315073105,0.2642951419728132
998.2335315073105,0.26234507384328837
998.3335315073106,0.26030887633221944
998.4335315073106,0.25818878377407906
998.5335315073106,0.25598710949554
998.6335315073106,0.2537062416153446
998.7335315073107,0.25134863873545815
998.8335315073107,0.2489168255343675
998.9335315073107,0.24641338827355438
999.0335315073107,0.24384097022830678
999.1335315073107,0.24120226705412842
999.2335315073108,0.23850002210006938
999.3335315073108,0.235737021680326
999.4335315073108,0.23291609031545224
999.5335315073108,0.23004008595447803
999.6335315073109,0.22711189518915645
999.7335315073109,0.22413442847144727
999.8335315073109,0.22111061534520313
999.9335315073109,0.21804339970284756
1000.033531507311,0.21493573507762861
1000.133531507311,0.21179057998179474
1000.233531507311,0.20861089330077554
1000.333531507311,0.20539962975315784
1000.433531507311,0.2021597354259296
1000.5335315073111,0.19889414339412223
1000.6335315073111,0.1956057694336164
1000.7335315073111,0.19229750783549088
1000.8335315073111,0.18897222732988728
1000.9335315073112,0.1856327671269411
1001.0335315073112,0.18228193308188784
1001.1335315073112,0.17892249399100071
1001.2335315073112,0.17555717802454898
1001.3335315073112,0.17218866930248816
1001.4335315073113,0.16881960461810822
1001.5335315073113,0.1654525703143719
1001.6335315073113,0.16209009931717722
1001.7335315073113,0.15873466832927588
1001.8335315073114,0.15538869518807744
1001.9335315073114,0.15205453639006347
1002.0335315073114,0.14873448478403703
1002.1335315073114,0.14543076743493355
1002.2335315073115,0.1421455436594271
1002.3335315073115,0.13888090323408042
1002.4335315073115,0.13563886477630988
1002.5335315073115,0.13242137429796808
1002.6335315073115,0.12923030393089122
1002.7335315073116,0.1260674508233142
1002.8335315073116,0.1229345362056256
1002.9335315073116,0.11983320462351985
1003.0335315073116,0.11676502333620414
1003.1335315073117,0.11373148187693535
1003.2335315073117,0.1107339917727966
1003.3335315073117,0.10777388642027853
1003.4335315073117,0.10485242111290188
1003.5335315073117,0.10197077321681208
1003.6335315073118,0.09913004248999001
1003.7335315073118,0.09633125154045745
1003.8335315073118,0.09357534641861173
1003.9335315073118,0.0908631973386013
1004.0335315073119,0.08819559952345297
1004.1335315073119,0.08557327416848239
1004.2335315073119,0.08299686951736196
1004.3335315073119,0.08046696204508437
1004.433531507312,0.07798405774194608
1004.533531507312,0.07554859349258132
