952.4374611712713,0.07656745100964951
952.5374611712713,0.07830445230415439
952.6374611712713,0.08007052985678921
952.7374611712713,0.08186587872279459
952.8374611712713,0.0836906868903002
952.9374611712714,0.08554513502380176
953.0374611712714,0.08742939620667958
953.1374611712714,0.08934363568293763
953.2374611712714,0.09128801059834864
953.3374611712715,0.09326266974119464
953.4374611712715,0.09526775328279653
953.5374611712715,0.0973033925180313
953.6374611712715,0.09936970960603955
953.7374611712715,0.10146681731133031
953.8374611712716,0.10359481874549406
953.9374611712716,0.10575380710973843
954.0374611712716,0.10794386543846626
954.1374611712716,0.11016506634411728
954.2374611712717,0.11241747176350009
954.3374611712717,0.1147011327058432
954.4374611712717,0.11701608900279731
954.5374611712717,0.11936236906062497
954.6374611712718,0.12173998961481453
954.7374611712718,0.12414895548736042
954.8374611712718,0.12658925934695162
954.9374611712718,0.12906088147231504
955.0374611712718,0.13156378951895975
955.1374611712719,0.13409793828957242
955.2374611712719,0.13666326950831392
955.3374611712719,0.13925971159926917
955.4374611712719,0.14188717946930376
955.537461171272,0.14454557429558054
955.637461171272,0.14723478331799156
955.737461171272,0.14995467963675943
955.837461171272,0.1527051220154636
955.937461171272,0.15548595468974594
956.0374611712721,0.15829700718195022
956.1374611712721,0.16113809412194902
956.2374611712721,0.16400901507441049
956.3374611712721,0.16690955437275606
956.4374611712722,0.1698394809600598
956.5374611712722,0.17279854823713567
956.6374611712722,0.17578649391806048
956.7374611712722,0.17880303989337343
956.8374611712723,0.1818478921011951
956.9374611712723,0.18492074040650142
957.0374611712723,0.1880212584887885
957.1374611712723,0.1911491037383575
957.2374611712723,0.19430391716144665
957.3374611712724,0.19748532329443333
957.4374611712724,0.20069293012732284
957.5374611712724,0.20392632903673807
957.6374611712724,0.2071850947286167
957.7374611712725,0.21046878519081957
957.8374611712725,0.21377694165584568
957.9374611712725,0.217109088573845
958.0374611712725,0.22046473359611357
958.1374611712725,0.22384336756924775
958.2374611712726,0.22724446454012906
958.3374611712726,0.23066748177190272
958.4374611712726,0.23411185977110588
958.5374611712726,0.23757702232609404
958.6374611712727,0.2410623765569057
958.7374611712727,0.244567312976697
958.8374611712727,0.24809120556487013
958.9374611712727,0.25163341185200966
959.0374611712728,0.2551932730167323
959.1374611712728,0.2587701139945467
959.2374611712728,0.2623632435988088
959.3374611712728,0.26597195465385143
959.4374611712728,0.26959552414035287
959.5374611712729,0.2732332133530027
959.6374611712729,0.27688426807051064
959.7374611712729,0.28054791873799356
959.8374611712729,0.2842233806617667
959.937461171273,0.2879098542165523
960.037461171273,0.2916065250651081
960.137461171273,0.29531256439026904
960.237461171273,0.2990271291393805
960.337461171273,0.30274936228109256
960.4374611712731,0.3064783930744734
960.5374611712731,0.3102133373503852
960.6374611712731,0.3139532978050577
960.7374611712731,0.3176973643057808
960.8374611712732,0.3214446142086251
960.9374611712732,0.3251941126880883
961.0374611712732,0.32894491307855483
961.1374611712732,0.3326960572274388
961.2374611712733,0.33644657585987475
961.3374611712733,0.3401954889548043
961.4374611712733,0.34394180613229575
961.5374611712733,0.3476845270519223
961.6374611712733,0.35142264182201205
961.7374611712734,0.3551551314195708
961.8374611712734,0.35888096812066717
961.9374611712734,0.362599115941058
962.0374611712734,0.3663085310868196
962.1374611712735,0.3700081624147391
962.2374611712735,0.3736969519022097
962.3374611712735,0.3773738351263607
962.4374611712735,0.3810377417521435
962.5374611712735,0.3846875960290828
962.6374611712736,0.38832231729639227
962.7374611712736,0.39194082049614326
962.8374611712736,0.39554201669416444
962.9374611712736,0.3991248136083399
963.0374611712737,0.40268811614396516
963.1374611712737,0.40623082693580853
963.2374611712737,0.40975184689651817
963.3374611712737,0.41325007577100437
963.4374611712738,0.4167244126964191
963.5374611712738,0.4201737567673464
963.6374611712738,0.4235970076058085
963.7374611712738,0.42699306593568487
963.8374611712738,0.4303608341611358
963.9374611712739,0.43369921694861163
964.0374611712739,0.4370071218120256
964.1374611712739,0.440283459700661
964.2374611712739,0.4435271455893752
964.337461171274,0.446737099070662
964.437461171274,0.4499122449481242
964.537461171274,0.4530515138309077
964.637461171274,0.456153842728641
964.737461171274,0.4592181756464222
964.8374611712741,0.4622434641793921
964.9374611712741,0.4652286681064286
965.0374611712741,0.4681727559824948
965.1374611712741,0.471074705729174
965.2374611712742,0.47393350522291916
965.3374611712742,0.4767481528805469
965.4374611712742,0.47951765824150494
965.5374611712742,0.4822410425464399
965.6374611712743,0.4849173393115962
965.7374611712743,0.4875455948985744
965.8374611712743,0.49012486907898206
965.9374611712743,0.4926542355935093
966.0374611712743,0.4951327827049657
966.1374611712744,0.49755961374481744
966.2374611712744,0.4999338476527671
966.3374611712744,0.5022546195089221
966.4374611712744,0.5045210810581034
966.5374611712745,0.5067324012258497
966.6374611712745,0.508887766625678
966.7374611712745,0.5109863820571694
966.8374611712745,0.5130274709944509
966.9374611712745,0.5150102760646558
967.0374611712746,0.5169340595159497
967.1374611712746,0.518798103674717
967.2374611712746,0.5206017113915121
967.3374611712746,0.5223442064753873
967.4374611712747,0.5240249341162191
967.5374611712747,0.5256432612946633
967.6374611712747,0.5271985771793805
967.7374611712747,0.5286902935111822
967.8374611712748,0.5301178449737601
967.9374611712748,0.5314806895506711
968.0374611712748,0.5327783088682628
968.1374611712748,0.5340102085242363
968.2374611712748,0.5351759184015533
968.3374611712749,0.53627499296741
968.4374611712749,0.5373070115570107
968.5374611712749,0.5382715786418889
968.6374611712749,0.5391683240825358
968.737461171275,0.5399969033651097
968.837461171275,0.5407569978220162
968.937461171275,0.5414483148361595
969.037461171275,0.5420705880286822
969.137461171275,0.5426235774300268
969.2374611712751,0.5431070696341607
969.3374611712751,0.543520877935832
969.4374611712751,0.5438648424507266
969.5374611712751,0.5441388302184218
969.6374611712752,0.5443427352880438
969.7374611712752,0.544476478786549
969.8374611712752,0.5445400089695714
969.9374611712752,0.5445120844413739
970.0374611712753,0.5443040929962712
970.1374611712753,0.5439064622343084
970.2374611712753,0.5433196078881345
970.3374611712753,0.5425441431578845
970.4374611712753,0.541580877643422
970.5374611712754,0.5404308159357759
970.6374611712754,0.5390951558711998
970.7374611712754,0.5375752864521027
970.8374611712754,0.5358727854399018
970.9374611712755,0.5339894166256379
971.0374611712755,0.5319271267849612
971.1374611712755,0.5296880423248476
971.2374611712755,0.5272744656301286
971.3374611712755,0.5246888711186243
971.4374611712756,0.5219339010143353
971.5374611712756,0.5190123608488036
971.6374611712756,0.5159272147013593
971.7374611712756,0.5126815801895531
971.8374611712757,0.5092787232216254
971.9374611712757,0.5057220525233649
972.0374611712757,0.5020151139521919
972.1374611712757,0.4981615846117301
972.2374611712758,0.49416526678052736
972.3374611712758,0.49003008166894085
972.4374611712758,0.4857600630185139
972.5374611712758,0.4813593505584412
972.6374611712758,0.47683218333394933
972.7374611712759,0.472182892921601
972.8374611712759,0.4674158965466754
972.9374611712759,0.46253569011787404
973.0374611712759,0.45754684119465516
973.137461171276,0.4524539819025138
973.237461171276,0.44726180181149144
973.337461171276,0.441975040793128
973.437461171276,0.4365984818709535
973.537461171276,0.43113694407946207
973.6374611712761,0.4255952753463163
973.7374611712761,0.419978345412298
973.8374611712761,0.4142910388032477
973.9374611712761,0.40853824786793264
974.0374611712762,0.4027248658954386
974.1374611712762,0.39685578032530733
974.2374611712762,0.3909358660632361
974.3374611712762,0.38496997891471885
974.4374611712763,0.3789629491485447
974.5374611712763,0.3729195752015807
974.6374611712763,0.36684461753574815
974.7374611712763,0.3607427926575687
974.8374611712763,0.3546187673100968
974.9374611712764,0.3484771528464797
975.0374611712764,0.3423224997937959
975.1374611712764,0.33615929261521615
975.2374611712764,0.32999194467791315
975.3374611712765,0.32382479343352005
975.4374611712765,0.3176620958173009
975.5374611712765,0.3115080238715564
975.6374611712765,0.30536666059814366
975.7374611712765,0.2992419960443427
975.8374611712766,0.29313792362565827
975.9374611712766,0.28705823668850045
976.0374611712766,0.2810066253150533
976.1374611712766,0.2749866733720051
976.2374611712767,0.26900185580419345
976.3374611712767,0.2630555361736036
976.4374611712767,0.2571509644435565
976.5374611712767,0.25129127500733683
976.6374611712768,0.24547948495993452
976.7374611712768,0.23971849261101946
976.8374611712768,0.23401107623672734
976.9374611712768,0.22835989306731552
977.0374611712768,0.22276747850724646
977.1374611712769,0.21723624558377824
977.2374611712769,0.21176848461968403
977.3374611712769,0.2063663631252885
977.4374611712769,0.20103192590459976
977.537461171277,0.19576709536993073
977.637461171277,0.19057367205904083
977.737461171277,0.1854533353484979
977.837461171277,0.1804076443566493
977.937461171277,0.1754380390293092
978.0374611712771,0.17054584140101392
978.1374611712771,0.16573225702446662
978.2374611712771,0.16099837656059118
978.3374611712771,0.15634517752143762
978.4374611712772,0.15177352615803186
978.5374611712772,0.14728417948513822
978.6374611712772,0.1428777874348046
978.7374611712772,0.13855489513048697
978.8374611712773,0.13431594527350094
978.9374611712773,0.13016128063352375
979.0374611712773,0.12609114663486912
979.1374611712773,0.12210569403027872
979.2374611712773,0.11820498165401762
979.3374611712774,0.11438897924612679
979.4374611712774,0.11065757033976945
979.5374611712774,0.10701055520371465
979.6374611712774,0.10344765383212245
979.7374611712775,0.09996850897393754
979.8374611712775,0.09657268919435427
979.9374611712775,0.09325969196098877
980.0374611712775,0.090028946747582
980.1374611712776,0.0868798181482561
980.2374611712776,0.08381160899556137
980.3374611712776,0.08082356347577337
980.4374611712776,0.07791487023513564
980.5374611712776,0.07508466547098468
980.6374611712777,0.07233203600194747
980.7374611712777,0.06965602231165803
980.8374611712777,0.0670556215607052
980.9374611712777,0.06452979056179149
981.0374611712778,0.062077448713357485
981.1374611712778,0.059697480887200005
981.2374611712778,0.057388740265892225
981.3374611712778,0.05515005112609073
981.4374611712778,0.05298021156409462
981.5374611712779,0.05087799616029985
981.6374611712779,0.048842158579467505
981.7374611712779,0.046871434104000395
981.8374611712779,0.044964542097692226
981.937461171278,0.04312018839768143
982.037461171278,0.04133706763260472
982.137461171278,0.03961386546520214
982.237461171278,0.037949260757878425
982.337461171278,0.03634192765997079
982.4374611712781,0.03479053761571129
982.5374611712781,0.03329376129210571
982.6374611712781,0.03185027042617251
982.7374611712781,0.030458739591203886
982.8374611712782,0.029117847881917288
982.9374611712782,0.02782628051856546
983.0374611712782,0.02658273037026402
983.1374611712782,0.02538589939797618
983.2374611712783,0.024234500017767256
983.3374611712783,0.023127256385103767
983.4374611712783,0.02206290560112625
983.5374611712783,0.021040198841968477
983.6374611712783,0.020057902412330512
983.7374611712784,0.01911479872463853
983.8374611712784,0.018209687205239605
983.9374611712784,0.017341385129186825
984.0374611712784,0.016508728385266732
984.1374611712785,0.015710572173009897
984.2374611712785,0.01494579163350423
984.3374611712785,0.014213282415901644
984.4374611712785,0.013511961181570421
984.5374611712786,0.01284076604789946
984.6374611712786,0.012198656973806406
984.7374611712786,0.011584616089039162
984.8374611712786,0.0109976479693909
984.9374611712786,0.010436779859971573
985.0374611712787,0.00990106184869497
985.1374611712787,0.009389566992149661
985.2374611712787,0.008901391396025554
985.3374611712787,0.008435654252264007
985.4374611712788,0.007991497835091609
985.5374611712788,0.007568087458082647
985.6374611712788,0.007164611394376616
985.7374611712788,0.006780280762152802
985.8374611712788,0.006414329377435534
985.9374611712789,0.006066013576271132
986.0374611712789,0.005734612008281134
986.1374611712789,0.0054194254035565236
986.2374611712789,0.0051197763148145715
986.337461171279,0.004835008836694018
986.437461171279,0.004564488304015738
986.537461171279,0.004307600970785316
986.637461171279,0.004063753671660987
986.737461171279,0.0038323734675560777
986.8374611712791,0.0036129072769888354
986.9374611712791,0.00340482149473544
987.0374611712791,0.0032076015992837325
987.1374611712791,0.0030207517505262318
987.2374611712792,0.002843794379071566
987.3374611712792,0.0026762697684936066
987.4374611712792,0.002517735631777776
987.5374611712792,0.002367766683164109
987.6374611712793,0.002225954206527153
987.7374611712793,0.0020919056213735856
987.8374611712793,0.0019652440474799775
987.9374611712793,0.0018456078691351638
988.0374611712793,0.0017326502998948241
988.1374611712794,0.001626038948699814
988.2374611712794,0.0015254553881548383
988.3374611712794,0.001430594725710436
988.4374611712794,0.00134116517843869
988.5374611712795,0.0012568876520420555
988.6374611712795,0.0011774953246850388
988.7374611712795,0.0011027332361902714
988.8374611712795,0.001032357883093955
988.9374611712796,0.000966136820010571
989.0374611712796,0.0009038482677134543
989.1374611712796,0.000845280728295983
989.2374611712796,0.0007902326077381633
989.3374611712796,0.0007385118461650015
989.4374611712797,0.0006899355560463685
989.5374611712797,0.0006443296685531395
989.6374611712797,0.000601528588251101
989.7374611712797,0.000561374856282543
989.8374611712798,0.0005237188221555609
989.9374611712798,0.0004884183242328343
990.0374611712798,0.00045533837898501563
990.1374611712798,0.0004243508790488641
990.2374611712798,0.000395334300106782
990.3374611712799,0.00036817341658251443
990.4374611712799,0.00034275902612734463
990.5374611712799,0.00031898768285216393
990.6374611712799,0.0002967614392432431
990.73746117128,0.00027598759668337025
990.83746117128,0.00025657846448517237
990.93746117128,0.00023845112732986964
991.03746117128,0.0002215272209923861
991.13746117128,0.00020573271622258585
991.2374611712801,0.00019099771064239483
991.3374611712801,0.00017725622850963077
991.4374611712801,0.00016444602819147577
991.5374611712801,0.0001525084171836107
991.6374611712802,0.00014138807450505774
991.7374611712802,0.00013103288029368807
991.8374611712802,0.0001213937524231018
991.9374611712802,0.00011242448995812502
992.0374611712803,0.0001040816232634571
992.1374611712803,9.63242705779695e-05
992.2374611712803,8.911400086580257e-05
992.3374611712803,8.241470275463938e-05
992.4374611712803,7.61924593713352e-05
992.5374611712804,7.041542888542568e-05
992.6374611712804,6.505373057183036e-05
992.7374611712804,6.0079336205342075e-05
992.8374611712804,5.5465966601147523e-05
992.9374611712805,5.118899311766652e-05
993.0374611712805,4.7225343940370544e-05
993.1374611712805,4.3553414967920135e-05
993.2374611712805,4.01529851249152e-05
993.3374611712806,3.7005135928743395e-05
993.4374611712806,3.4092175141427414e-05
993.5374611712806,3.139756434096743e-05
993.6374611712806,2.890585025043432e-05
993.7374611712806,2.660259966697248e-05
993.8374611712807,2.447433783688092e-05
993.9374611712807,2.2508490127055317e-05
994.0374611712807,2.0693326847253747e-05
994.1374611712807,1.9017911081891128e-05
994.2374611712808,1.7472049394346375e-05
994.3374611712808,1.604624527106716e-05
994.4374611712808,1.4731655177068048e-05
994.5374611712808,1.3520047098721969e-05
994.6374611712808,1.2403761454031638e-05
994.7374611712809,1.1375674254824603e-05
994.8374611712809,1.0429162409532457e-05
994.9374611712809,9.558071059383914e-06
995.0374611712809,8.756682844949976e-06
995.137461171281,8.019689004026307e-06
995.237461171281,7.342162205809328e-06
995.337461171281,6.719531030218986e-06
995.437461171281,6.147556005031599e-06
995.537461171281,5.6223071172118055e-06
995.6374611712811,5.140142718464664e-06
995.7374611712811,4.697689748567496e-06
995.8374611712811,4.291825203482443e-06
995.9374611712811,3.9196587785923014e-06
996.0374611712812,3.5785166206436754e-06
996.1374611712812,3.2659261251206392e-06
996.2374611712812,2.979601718809309e-06
996.3374611712812,2.7174315702477093e-06
996.4374611712813,2.47746517358705e-06
996.5374611712813,2.2579017541201845e-06
996.6374611712813,2.057079446361015e-06
996.7374611712813,1.8734651980864765e-06
996.8374611712813,1.7056453561815456e-06
996.9374611712814,1.552316892458765e-06
997.0374611712814,1.4122792298589966e-06
997.1374611712814,1.2844266315813897e-06
997.2374611712814,1.1677411177395053e-06
997.3374611712815,1.0612858760997946e-06
997.4374611712815,9.641991353299858e-07
997.5374611712815,8.756884709710864e-07
997.6374611712815,7.950255160496465e-07
997.7374611712816,7.2154104986959e-07
997.8374611712816,6.546204400672827e-07
997.9374611712816,5.93699414482609e-07
998.0374611712816,5.382601407947517e-07
998.1374611712816,4.878275931970861e-07
998.2374611712817,4.4196618664329025e-07
998.3374611712817,4.0027666038933635e-07
998.4374611712817,3.623931936856239e-07
998.5374611712817,3.279807375429908e-07
998.6374611712818,2.9673254750788245e-07
998.7374611712818,2.683679033381356e-07
998.8374611712818,2.4263000237398347e-07
998.9374611712818,2.1928401425135906e-07
999.0374611712818,1.9811528540857873e-07
999.1374611712819,1.7892768259535535e-07
999.2374611712819,1.6154206530685526e-07
999.3374611712819,1.4579487773739443e-07
999.4374611712819,1.3153685148030237e-07
999.537461171282,1.1863181079451563e-07
999.637461171282,1.0695557281646156e-07
999.737461171282,9.639493561959992e-08
999.837461171282,8.684674751541392e-08
999.937461171282,7.821705145033905e-08
1000.0374611712821,7.04202987847863e-08
1000.1374611712821,6.337862714458353e-08
1000.2374611712821,5.702119741337732e-08
1000.3374611712821,5.128358528823325e-08
1000.4374611712822,4.6107223151230426e-08
1000.5374611712822,4.143888831861567e-08
1000.6374611712822,3.723023401728691e-08
1000.7374611712822,3.343735970726818e-08
1000.8374611712823,3.002041761951796e-08
1000.9374611712823,2.6943252612016303e-08
1001.0374611712823,2.4173072664606903e-08
1001.1374611712823,2.1680147535539393e-08
1001.2374611712823,1.943753329098092e-08
1001.3374611712824,1.742082059384677e-08
1001.4374611712824,1.5607904800963383e-08
1001.5374611712824,1.3978776068628944e-08
1001.6374611712824,1.2515327806818318e-08
1001.7374611712825,1.1201181952305556e-08
1001.8374611712825,1.0021529651515905e-08
1001.9374611712825,8.96298605559608e-09
1002.0374611712825,8.013458033610071e-09
1002.1374611712826,7.162023705477093e-09
1002.2374611712826,6.398822784800577e-09
1002.3374611712826,5.714956803585248e-09
1002.4374611712826,5.102398366464576e-09
1002.5374611712826,4.553908651904488e-09
1002.6374611712827,4.0629624423107285e-09
1002.7374611712827,3.623680024440053e-09
1002.8374611712827,3.230765356345772e-09
1002.9374611712827,2.8794499476219893e-09
1003.0374611712828,2.5654419462524504e-09
1003.1374611712828,2.2848799682179624e-09
1003.2374611712828,2.0342912454402157e-09
1003.3374611712828,1.8105537038961583e-09
1003.4374611712828,1.6108616170628427e-09
1003.5374611712829,1.4326945104684077e-09
1003.6374611712829,1.2737890212381113e-09
1003.7374611712829,1.1321134423249455e-09
1003.8374611712829,1.005844704781902e-09
1003.937461171283,8.933475731321247e-10
1004.037461171283,7.931558487779905e-10
1004.137461171283,7.039553946033164e-10
1004.237461171283,6.245688105963435e-10
1004.337461171283,5.539416055778626e-10
1004.4374611712831,4.911297240719928e-10
1004.5374611712831,4.352883001120528e-10
1004.6374611712831,3.8566152142773673e-10
1004.7374611712831,3.415734981023201e-10
1004.8374611712832,3.024200395028842e-10
1004.9374611712832,2.6766125214930957e-10
1005.0374611712832,2.3681487926960723e-10
1005.1374611712832,2.0945031015553539e-10
1005.2374611712833,1.8518319414323369e-10
1005.3374611712833,1.6367060015444362e-10
1005.4374611712833,1.4460666829562158e-10
1005.5374611712833,1.2771870507186015e-10
1005.6374611712833,1.1276367837316445e-10
1005.7374611712834,9.952507257195589e-11
1005.8374611712834,8.781006786906769e-11
1005.9374611712834,7.744701147448604e-11
1006.0374611712834,6.828315133924798e-11
1006.1374611712835,6.018260599447438e-11
1006.2374611712835,5.30245466281949e-11
1006.3374611712835,4.6701569864079555e-11
1006.4374611712835,4.111824182003123e-11
1006.5374611712836,3.618979593859283e-11
1006.6374611712836,3.1840968813392946e-11
1006.7374611712836,2.8004959802904778e-11
1006.8374611712836,2.4622501639755578e-11
1006.9374611712836,2.164103052445952e-11
1007.0374611712837,1.9013945349371506e-11
1007.1374611712837,1.6699946743319687e-11
1007.2374611712837,1.46624475702556e-11
1007.3374611712837,1.2869047365880213e-11
