952.4374611712713,0.7265674510096585
952.5374611712713,0.7283044523041647
952.6374611712713,0.7300705298568012
952.7374611712713,0.7318658787228084
952.8374611712713,0.7336906868903161
952.9374611712714,0.73554513502382
953.0374611712714,0.7374293962067007
953.1374611712714,0.7393436356829618
953.2374611712714,0.7412880105983765
953.3374611712715,0.7432626697412267
953.4374611712715,0.7452677532828333
953.5374611712715,0.7473033925180735
953.6374611712715,0.7493697096060881
953.7374611712715,0.751466817311386
953.8374611712716,0.7535948187455579
953.9374611712716,0.7557538071098117
954.0374611712716,0.7579438654385502
954.1374611712716,0.7601650663442135
954.2374611712717,0.7624174717636103
954.3374611712717,0.7647011327059694
954.4374611712717,0.7670160890029418
954.5374611712717,0.7693623690607905
954.6374611712718,0.7717399896150039
954.7374611712718,0.7741489554875769
954.8374611712718,0.7765892593471992
954.9374611712718,0.779060881472598
955.0374611712718,0.7815637895192831
955.1374611712719,0.7840979382899418
955.2374611712719,0.7866632695087357
955.3374611712719,0.7892597115997506
955.4374611712719,0.7918871794698532
955.537461171272,0.7945455742962073
955.637461171272,0.7972347833187065
955.737461171272,0.7999546796375744
955.837461171272,0.8027051220163924
955.937461171272,0.8054859546908041
956.0374611712721,0.8082970071831554
956.1374611712721,0.8111380941233213
956.2374611712721,0.8140090150759723
956.3374611712721,0.8169095543745332
956.4374611712722,0.8198394809620811
956.5374611712722,0.8227985482394341
956.6374611712722,0.8257864939206732
956.7374611712722,0.8288030398963423
956.8374611712723,0.8318478921045677
956.9374611712723,0.8349207404103314
957.0374611712723,0.8380212584931364
957.1374611712723,0.8411491037432918
957.2374611712723,0.8443039171670446
957.3374611712724,0.8474853233007822
957.4374611712724,0.850692930134521
957.5374611712724,0.8539263290448964
957.6374611712724,0.8571850947378604
957.7374611712725,0.8604687852012896
957.8374611712725,0.8637769416677009
957.9374611712725,0.8671090885872643
958.0374611712725,0.8704647336112984
958.1374611712725,0.8738433675864248
958.2374611712726,0.8772444645595535
958.3374611712726,0.8806674817938613
958.4374611712726,0.8841118597959214
958.5374611712726,0.8875770223541289
958.6374611712727,0.8910623765885675
958.7374611712727,0.8945673130124432
958.8374611712727,0.8980912056052146
958.9374611712727,0.9016334118975292
959.0374611712728,0.9051932730680741
959.1374611712728,0.9087701140524367
959.2374611712728,0.912363243664061
959.3374611712728,0.9159719547273782
959.4374611712728,0.9195955242231768
959.5374611712729,0.9232332134462692
959.6374611712729,0.9268842681755022
959.7374611712729,0.930547918856146
959.8374611712729,0.9342233807946866
959.937461171273,0.9379098543660369
960.037461171273,0.9416065252331675
960.137461171273,0.94531256457915
960.237461171273,0.949027129351594
960.337461171273,0.9527493625194434
960.4374611712731,0.9564783933420944
960.5374611712731,0.9602133376507733
960.6374611712731,0.9639532981421158
960.7374611712731,0.9676973646838629
960.8374611712732,0.9714446146325868
960.9374611712732,0.9751941131633433
961.0374611712732,0.9789449136111361
961.1374611712732,0.982696057824068
961.2374611712733,0.9864465765280377
961.3374611712733,0.9901954897028353
961.4374611712733,0.9939418069694705
961.5374611712733,0.9976845279885608
961.6374611712733,1.001422642869592
961.7374611712734,1.0051551325908532
961.8374611712734,1.0088809694298355
961.9374611712734,1.0125991174038702
962.0374611712734,1.0163085327207781
962.1374611712735,1.0200081642392766
962.2374611712735,1.023696953938895
962.3374611712735,1.0273738373991246
962.4374611712735,1.0310377442875294
962.5374611712735,1.034687598856521
962.6374611712736,1.038322320448503
962.7374611712736,1.0419408240090706
962.8374611712736,1.0455420206079422
962.9374611712736,1.049124817967296
963.0374611712737,1.0526881209971648
963.1374611712737,1.0562308323375418
963.2374611712737,1.059751852906836
963.3374611712737,1.0632500824563065
963.4374611712738,1.0667244201301012
963.5374611712738,1.0701737650305077
963.6374611712738,1.0735970167880309
963.7374611712738,1.076993076135885
963.8374611712738,1.0803608454885012
963.9374611712739,1.0836992295236247
964.0374611712739,1.0870071357675868
964.1374611712739,1.0902834751833175
964.2374611712739,1.0935271627606673
964.337461171274,1.096737118108595
964.437461171274,1.0999122660487788
964.537461171274,1.1030515372102012
964.637461171274,1.106153868624252
964.737461171274,1.1092182043198926
964.8374611712741,1.112243495918424
964.9374611712741,1.1152287032273915
965.0374611712741,1.1181727948331612
965.1374611712741,1.1210747486917043
965.2374611712742,1.1239335527171161
965.3374611712742,1.126748205367404
965.4374611712742,1.129517716227072
965.5374611712742,1.1322411065860338
965.6374611712743,1.1349174100143857
965.7374611712743,1.1375456729325708
965.8374611712743,1.1401249551764678
965.9374611712743,1.1426543305569432
966.0374611712743,1.1451328874134015
966.1374611712744,1.1475597291608797
966.2374611712744,1.1499339748302295
966.3374611712744,1.1522547596009356
966.4374611712744,1.1545212353261285
966.5374611712745,1.1567325710493477
966.6374611712745,1.1588879535126233
966.7374611712745,1.1609865876554455
966.8374611712745,1.1630276971042024
966.9374611712745,1.165010524651669
967.0374611712746,1.1669343327261443
967.1374611712746,1.1687984038498318
967.2374611712746,1.170602041086079
967.3374611712746,1.1723445684750913
967.4374611712747,1.1740253314577502
967.5374611712747,1.1756436972871716
967.6374611712747,1.1771990554276561
967.7374611712747,1.1786908179406894
967.8374611712748,1.18011841985766
967.9374611712748,1.1814813195389844
968.0374611712748,1.1827789990193245
968.1374611712748,1.1840109643386123
968.2374611712748,1.185176745858595
968.3374611712749,1.1862758985646378
968.4374611712749,1.1873080023525278
968.5374611712749,1.1882726623000397
968.6374611712749,1.1891695089230367
968.737461171275,1.189998198415898
968.837461171275,1.1907584128760718
968.937461171275,1.1914498605125754
969.037461171275,1.1920722758382751
969.137461171275,1.1926254198457942
969.2374611712751,1.1931090801669149
969.3374611712751,1.1935230712153557
969.4374611712751,1.193867234312818
969.5374611712751,1.1941414377982198
969.6374611712752,1.1943455771200422
969.7374611712752,1.1944795749117376
969.8374611712752,1.1945433810501624
969.9374611712752,1.1945157558836015
970.0374611712753,1.1943080890817752
970.1374611712753,1.1939108102606455
970.2374611712753,1.193324337318987
970.3374611712753,1.1925492857835698
970.4374611712753,1.1915864677523345
970.5374611712754,1.1904368904974314
970.6374611712754,1.189101754731583
970.7374611712754,1.1875824525420566
970.8374611712754,1.185880564997336
970.9374611712755,1.183997859432369
971.0374611712755,1.1819362864190415
971.1374611712755,1.17969797642928
971.2374611712755,1.1772852361989083
971.3374611712755,1.17470054480109
971.4374611712756,1.1719465494388657
971.5374611712756,1.169026060966934
971.6374611712756,1.1659420491534513
971.7374611712756,1.1626976376931923
971.8374611712757,1.15929609898398
971.9374611712757,1.1557408486787901
972.0374611712757,1.1520354400264194
972.1374611712757,1.1481835580140372
972.2374611712758,1.144189013325339
972.3374611712758,1.1400557361283776
972.4374611712758,1.1357877697074574
972.5374611712758,1.1313892639537477
972.6374611712758,1.1268644687295106
972.7374611712759,1.1222177271210063
972.8374611712759,1.1174534685953017
972.9374611712759,1.1125762020762875
973.0374611712759,1.1075905089552793
973.137461171276,1.1025010360515834
973.237461171276,1.0973124885383758
973.337461171276,1.0920296228491786
973.437461171276,1.086657239580093
973.537461171276,1.0812001764028039
973.6374611712761,1.0756633010031649
973.7374611712761,1.0700515040599512
973.8374611712761,1.064369692278086
973.9374611712761,1.0586227814903453
974.0374611712762,1.0528156898411993
974.1374611712762,1.046953331066077
974.2374611712762,1.0410406078789283
974.3374611712762,1.0350824054805252
974.4374611712763,1.02908358519947
974.5374611712763,1.023048978277397
974.6374611712763,1.0169833798093246
974.7374611712763,1.0108915428495817
974.8374611712763,1.0047781726931726
974.9374611712764,0.9986479213418615
975.0374611712764,0.9925053821636594
975.1374611712764,0.9863550847537956
975.2374611712764,0.980201490004623
975.3374611712765,0.9740489853912759
975.4374611712765,0.9679018804792647
975.5374611712765,0.9617644026595311
975.6374611712765,0.9556406931158508
975.7374611712765,0.9495348030288051
975.8374611712766,0.9434506900199
975.9374611712766,0.9373922148387493
976.0374611712766,0.9313631382956021
976.1374611712766,0.9253671184408466
976.2374611712767,0.9194077079924909
976.3374611712767,0.9134883520119981
976.4374611712767,0.9076123858282381
976.5374611712767,0.9017830332087227
976.6374611712768,0.896003404776698
976.7374611712768,0.8902764966721057
976.8374611712768,0.8846051894538665
976.9374611712768,0.8789922472404063
977.0374611712768,0.8734403170848324
977.1374611712769,0.8679519285806699
977.2374611712769,0.8625294936935985
977.3374611712769,0.8571753068141786
977.4374611712769,0.8518915450261295
977.537461171277,0.8466802685843204
977.637461171277,0.8415434215962572
977.737461171277,0.8364828329004927
977.837461171277,0.831500217135067
977.937461171277,0.8265971759887765
978.0374611712771,0.8217751996277995
978.1374611712771,0.8170356682899589
978.2374611712771,0.8123798540386713
978.3374611712771,0.8078089226684493
978.4374611712772,0.8033239357536398
978.5374611712772,0.7989258528319456
978.6374611712772,0.794615533714156
978.7374611712772,0.7903937409114167
978.8374611712773,0.7862611421713026
978.9374611712773,0.7822183131139128
979.0374611712773,0.7782657399591812
979.1374611712773,0.7744038223366063
979.2374611712773,0.7706328761686173
979.3374611712774,0.7669531366188503
979.4374611712774,0.7633647610966656
979.5374611712774,0.7598678323093303
979.6374611712774,0.7564623613533911
979.7374611712775,0.7531482908368899
979.8374611712775,0.7499254980242138
979.9374611712775,0.7467937979955277
980.0374611712775,0.7437529468129146
980.1374611712776,0.740802644685532
980.2374611712776,0.7379425391262948
980.3374611712776,0.7351722280928114
980.4374611712776,0.7324912631055199
980.5374611712776,0.7298991523362127
980.6374611712777,0.7273953636603756
980.7374611712777,0.7249793276670299
980.8374611712777,0.7226504406200207
980.9374611712777,0.7204080673649669
981.0374611712778,0.7182515441763592
981.1374611712778,0.7161801815395774
981.2374611712778,0.7141932668628748
981.3374611712778,0.712290067114668
981.4374611712778,0.7104698313817613
981.5374611712779,0.7087317933444205
981.6374611712779,0.7070751736645069
981.7374611712779,0.7054991822831752
981.8374611712779,0.7040030206249253
981.937461171278,0.7025858837050956
982.037461171278,0.7012469621381696
982.137461171278,0.6999854440445565
982.237461171278,0.6988005168537902
982.337461171278,0.6976913690023714
982.4374611712781,0.6966571915247566
982.5374611712781,0.6956971795362688
982.6374611712781,0.6948105336069724
982.7374611712781,0.693996461025824
982.8374611712782,0.6932541769546601
982.9374611712782,0.6925829054718448
983.0374611712782,0.6919818805056426
983.1374611712782,0.6914503466576231
983.2374611712783,0.6909875599166408
983.3374611712783,0.6905927882641613
983.4374611712783,0.6902653121719267
983.5374611712783,0.6900044249931697
983.6374611712783,0.6898094332487941
983.7374611712784,0.6896796568101388
983.8374611712784,0.689614428980144
983.9374611712784,0.6896130964749173
984.0374611712784,0.6896750193078871
984.1374611712785,0.6897995705788971
984.2374611712785,0.6899861361707693
984.3374611712785,0.6902341143560176
984.4374611712785,0.6905429153165489
984.5374611712786,0.6909119605793363
984.6374611712786,0.6913406823711842
984.7374611712786,0.6918285228958382
984.8374611712786,0.6923749335368201
984.9374611712786,0.6929793739894825
985.0374611712787,0.6936413113258885
985.1374611712787,0.6943602189962311
985.2374611712787,0.695135575770597
985.3374611712787,0.6959668646249737
985.4374611712788,0.6968535715754833
985.5374611712788,0.6977951844648989
985.6374611712788,0.6987911917055729
985.7374611712788,0.6998410809829676
985.8374611712788,0.7009443379240335
985.9374611712789,0.7021004447347337
986.0374611712789,0.703308878811048
986.1374611712789,0.7045691113278352
986.2374611712789,0.7058806058099494
986.337461171279,0.7072428166900369
986.437461171279,0.7086551878574489
986.537461171279,0.7101171512027146
986.637461171279,0.7116281251620175
986.737461171279,0.7131875132661145
986.8374611712791,0.7147947026981172
986.9374611712791,0.7164490628645389
987.0374611712791,0.7181499439839777
987.1374611712791,0.7198966756977718
987.2374611712792,0.7216885657069183
987.3374611712792,0.7235248984394966
987.4374611712792,0.7254049337527769
987.5374611712792,0.7273279056741292
987.6374611712793,0.7292930211847738
987.7374611712793,0.7312994590503336
987.8374611712793,0.7333463687020556
987.9374611712793,0.7354328691724779
988.0374611712793,0.7375580480892084
988.1374611712794,0.7397209607303726
988.2374611712794,0.7419206291451675
988.3374611712794,0.7441560413428296
988.4374611712794,0.7464261505531947
988.5374611712795,0.7487298745618789
988.6374611712795,0.751066095122968
988.7374611712795,0.7534336574519401
988.8374611712795,0.7558313698013881
988.9374611712796,0.7582580031219344
989.0374611712796,0.7607122908105565
989.1374611712796,0.7631929285483596
989.2374611712796,0.7656985742296407
989.3374611712796,0.7682278479838952
989.4374611712797,0.7707793322922185
989.5374611712797,0.7733515721993474
989.6374611712797,0.7759430756223736
989.7374611712797,0.7785523137569544
989.8374611712798,0.7811777215816151
989.9374611712798,0.7838176984605252
990.0374611712798,0.7864706088448992
990.1374611712798,0.7891347830729434
990.2374611712798,0.7918085182680406
990.3374611712799,0.7944900793346313
990.4374611712799,0.7971777000510145
990.5374611712799,0.7998695842580549
990.6374611712799,0.802563907142551
990.73746117128,0.8052588166137788
990.83746117128,0.8079524347714957
990.93746117128,0.8106428594634514
991.03746117128,0.8133281659302262
991.13746117128,0.8160064085349862
991.2374611712801,0.81867562257552
991.3374611712801,0.8213338261757004
991.4374611712801,0.8239790222532999
991.5374611712801,0.8266092005608742
991.6374611712802,0.8292223397962253
991.7374611712802,0.831816409778754
991.8374611712802,0.834389373687821
991.9374611712802,0.8369391903590501
992.0374611712803,0.8394638166343326
992.1374611712803,0.8419612097611201
992.2374611712803,0.844429329836439
992.3374611712803,0.8468661422909084
992.4374611712803,0.849269620407906
992.5374611712804,0.8516377478729003
992.6374611712804,0.8539685213478477
992.7374611712804,0.856259953065455
992.8374611712804,0.8585100734380077
992.9374611712805,0.860716933675394
993.0374611712805,0.86287860840688
993.1374611712805,0.8649931983011426
993.2374611712805,0.8670588326790262
993.3374611712806,0.8690736721134619
993.4374611712806,0.8710359110109772
993.5374611712806,0.8729437801692248
993.6374611712806,0.8747955493049766
993.7374611712806,0.8765895295470586
993.8374611712807,0.8783240758887471
993.9374611712807,0.879997589594206
994.0374611712807,0.8816085205536194
994.1374611712807,0.8831553695817576
994.2374611712808,0.8846366906548204
994.3374611712808,0.886051093080515
994.4374611712808,0.8873972435964519
994.5374611712808,0.8886738683920898
994.6374611712808,0.8898797550496109
994.7374611712809,0.8910137543992755
994.8374611712809,0.8920747822849904
994.9374611712809,0.8930618212360064
995.0374611712809,0.8939739220408749
995.137461171281,0.8948102052199969
995.237461171281,0.8955698623933261
995.337461171281,0.8962521575400206
995.437461171281,0.8968564281470771
995.537461171281,0.8973820862442321
995.6374611712811,0.8978286193226755
995.7374611712811,0.8981955911353792
995.8374611712811,0.8984826423771199
995.9374611712811,0.8986894912425499
996.0374611712812,0.8988159338609433
996.1374611712812,0.8988618446065385
996.2374611712812,0.8988504634139137
996.3374611712812,0.8988126092540452
996.4374611712813,0.8987484385074015
996.5374611712813,0.8986579696793962
996.6374611712813,0.8985412297679083
996.7374611712813,0.8983982542380188
996.8374611712813,0.8982290869930196
996.9374611712814,0.8980337803416713
997.0374611712814,0.897812394961684
997.1374611712814,0.8975649998594082
997.2374611712814,0.8972916723257223
997.3374611712815,0.8969924978881105
997.4374611712815,0.8966675702589326
997.5374611712815,0.8963169912798864
997.6374611712815,0.8959408708626735
997.7374611712816,0.8955393269258809
997.8374611712816,0.8951124853280976
997.9374611712816,0.8946604797972862
998.0374611712816,0.8941834518564389
998.1374611712816,0.8936815507455472
998.2374611712817,0.8931549333399216
998.3374611712817,0.8926037640648979
998.4374611712817,0.8920282148069779
998.5374611712817,0.8914284648214444
998.6374611712818,0.8908047006365076
998.7374611712818,0.8901571159540324
998.8374611712818,0.8894859115469046
998.9374611712818,0.8887912951530993
999.0374611712818,0.8880734813665104
999.1374611712819,0.8873326915246129
999.2374611712819,0.8865691535930245
999.3374611712819,0.8857831020470397
999.4374611712819,0.8849747777502138
999.537461171282,0.8841444278300707
999.637461171282,0.8832923055510191
999.737461171282,0.8824186701845558
999.837461171282,0.8815237868768455
999.937461171282,0.8806079265137592
1000.0374611712821,0.8796713655834649
1000.1374611712821,0.8787143860366584
1000.2374611712821,0.8777372751445289
1000.3374611712821,0.8767403253545527
1000.4374611712822,0.8757238341442117
1000.5374611712822,0.8746881038727348
1000.6374611712822,0.8736334416309594
1000.7374611712822,0.8725601590894146
1000.8374611712823,0.8714685723447273
1000.9374611712823,0.8703590017644519
1001.0374611712823,0.8692317718304289
1001.1374611712823,0.8680872109807746
1001.2374611712823,0.8669256514506081
1001.3374611712824,0.8657474291116192
1001.4374611712824,0.8645528833105838
1001.5374611712824,0.863342356706934
1001.6374611712824,0.8621161951094864
1001.7374611712825,0.8608747473124381
1001.8374611712825,0.8596183649307354
1001.9374611712825,0.8583474022349221
1002.0374611712825,0.8570622159855746
1002.1374611712826,0.855763165267428
1002.2374611712826,0.8544506113233019
1002.3374611712826,0.8531249173879294
1002.4374611712826,0.8517864485217949
1002.5374611712826,0.850435571445085
1002.6374611712827,0.8490726543718569
1002.7374611712827,0.8476980668445255
1002.8374611712827,0.8463121795687741
1002.9374611712827,0.844915364248986
1003.0374611712828,0.8435079934243006
1003.1374611712828,0.8420904403053923
1003.2374611712828,0.8406630786120661
1003.3374611712828,0.8392262824117739
1003.4374611712828,0.8377804259591382
1003.5374611712829,0.836325883536584
1003.6374611712829,0.8348630292961664
1003.7374611712829,0.8333922371026877
1003.8374611712829,0.8319138803781905
1003.937461171283,0.8304283319479162
1004.037461171283,0.8289359638878142
1004.137461171283,0.8274371473736839
1004.237461171283,0.8259322525320338
1004.337461171283,0.8244216482927365
1004.4374611712831,0.822905702243557
1004.5374611712831,0.8213847804866323
1004.6374611712831,0.8198592474969744
1004.7374611712831,0.8183294659830685
1004.8374611712832,0.8167957967496386
1004.9374611712832,0.8152585985626442
1005.0374611712832,0.8137182280165751
1005.1374611712832,0.8121750394041098
1005.2374611712833,0.8106293845881923
1005.3374611712833,0.809081612876591
1005.4374611712833,0.8075320708989926
1005.5374611712833,0.8059811024866856
1005.6374611712833,0.8044290485548844
1005.7374611712834,0.802876246987742
1005.8374611712834,0.8013230325260983
1005.9374611712834,0.7997697366580075
1006.0374611712834,0.7982166875120855
1006.1374611712835,0.7966642097537163
1006.2374611712835,0.7951126244841535
1006.3374611712835,0.793562249142551
1006.4374611712835,0.7920133974109537
1006.5374611712836,0.7904663791222768
1006.6374611712836,0.788921500171301
1006.7374611712836,0.7873790624287054
1006.8374611712836,0.7858393636581613
1006.9374611712836,0.7843026974365037
1007.0374611712837,0.7827693530769991
1007.1374611712837,0.7812396155557209
1007.2374611712837,0.7797137654410451
1007.3374611712837,0.7781920788262756
