952.4374611712713,9.092987201264594e-15
952.5374611712713,1.0474266012538894e-14
952.6374611712713,1.2061461621106385e-14
952.7374611712713,1.3884671190425963e-14
952.8374611712713,1.5978300331066562e-14
952.9374611712714,1.838166643194275e-14
953.0374611712714,2.1139684526278776e-14
953.1374611712714,2.430364670465814e-14
953.2374611712714,2.7932107518030568e-14
953.3374611712715,3.2091889424581536e-14
953.4374611712715,3.6859224148000966e-14
953.5374611712715,4.2321047855605073e-14
953.6374611712715,4.8576470360530485e-14
953.7374611712715,5.573844113367872e-14
953.8374611712716,6.393563781263236e-14
953.9374611712716,7.331460615480766e-14
954.0374611712716,8.404218404351772e-14
954.1374611712716,9.63082462661832e-14
954.2374611712717,1.1032881139691736e-13
954.3374611712717,1.2634955729054225e-13
954.4374611712717,1.4464979749782558e-13
954.5374611712717,1.6554697741605553e-13
954.6374611712718,1.8940175627691228e-13
954.7374611712718,2.1662374923603858e-13
954.8374611712718,2.4767801296718587e-13
954.9374611712718,2.8309236839091346e-13
955.0374611712718,3.2346566560862204e-13
955.1374611712719,3.6947710890623846e-13
955.2374611712719,4.2189677399234493e-13
955.3374611712719,4.815974656139506e-13
955.4374611712719,5.49568081539418e-13
955.537461171272,6.269286688223634e-13
955.637461171272,7.149473804958667e-13
955.737461171272,8.1505956565121e-13
955.837461171272,9.288892535149502e-13
955.937461171272,1.0582733229693647e-12
956.0374611712721,1.2052886833127855e-12
956.1374611712721,1.3722828303157806e-12
956.2374611712721,1.561908184222746e-12
956.3374611712721,1.7771606637488146e-12
956.4374611712722,2.0214230028493676e-12
956.5374611712722,2.298513375669323e-12
956.6374611712722,2.6127399602450023e-12
956.7374611712722,2.96896214393283e-12
956.8374611712723,3.372659153945687e-12
956.9374611712723,3.830006985638919e-12
957.0374611712723,4.347964600237045e-12
957.1374611712723,4.9343704735586325e-12
957.2374611712723,5.598050699109712e-12
957.3374611712724,6.348939983920633e-12
957.4374611712724,7.198217025062813e-12
957.5374611712724,8.158455920400632e-12
957.6374611712724,9.243795450460692e-12
957.7374611712725,1.0470128271138908e-11
957.8374611712725,1.1855312281304019e-11
957.9374611712725,1.3419406677367145e-11
958.0374611712725,1.518493548094976e-11
958.1374611712725,1.7177181628514978e-11
958.2374611712726,1.942451504607866e-11
958.3374611712726,2.1958758501020213e-11
958.4374611712726,2.481559542998184e-11
958.5374611712726,2.803502439062603e-11
958.6374611712727,3.166186527968555e-11
958.7374611712727,3.574632300476568e-11
958.8374611712727,4.03446148975956e-11
958.9374611712727,4.551966881720339e-11
959.0374611712728,5.134189961858455e-11
959.1374611712728,5.789007246217499e-11
959.2374611712728,6.525226231868965e-11
959.3374611712728,7.352691999014777e-11
959.4374611712728,8.28240560293129e-11
959.5374611712729,9.326655510521145e-11
959.6374611712729,1.0499163464146564e-10
959.7374611712729,1.1815246295738932e-10
959.8374611712729,1.3291995368049157e-10
959.937461171273,1.494847548855743e-10
960.037461171273,1.680594532633795e-10
960.137461171273,1.8888101564523861e-10
960.237461171273,2.1221349242520422e-10
960.337461171273,2.383510098446218e-10
960.4374611712731,2.6762108075463274e-10
960.5374611712731,3.0038826636949734e-10
960.6374611712731,3.3705822468959595e-10
960.7374611712731,3.780821847307764e-10
960.8374611712732,4.239618894715305e-10
960.9374611712732,4.75255054548684e-10
961.0374611712732,5.325813942249058e-10
961.1374611712732,5.966292710494772e-10
961.2374611712733,6.681630309710288e-10
961.3374611712733,7.480310914746003e-10
961.4374611712733,8.371748566445278e-10
961.5374611712733,9.366385399422327e-10
961.6374611712733,1.0475799829794485e-09
961.7374611712734,1.1712825667122406e-09
961.8374611712734,1.3091683203318914e-09
961.9374611712734,1.4628123427422428e-09
962.0374611712734,1.6339586619501952e-09
962.1374611712735,1.8245376690217422e-09
962.2374611712735,2.036685275540431e-09
962.3374611712735,2.2727639568227287e-09
962.4374611712735,2.5353858575761317e-09
962.5374611712735,2.827438152315616e-09
962.6374611712736,3.152110869775015e-09
962.7374611712736,3.512927408857947e-09
962.8374611712736,3.9137779934743174e-09
962.9374611712736,4.3589563350121686e-09
963.0374611712737,4.853199794321366e-09
963.1374611712737,5.401733360059833e-09
963.2374611712737,6.010317787209329e-09
963.3374611712737,6.685302268650743e-09
963.4374611712738,7.433682044047054e-09
963.5374611712738,8.26316138408021e-09
963.6374611712738,9.182222424494895e-09
963.7374611712738,1.0200200363600147e-08
963.8374611712738,1.1327365579062107e-08
963.9374611712739,1.2575013265187617e-08
964.0374611712739,1.395556124067155e-08
964.1374611712739,1.5482656629181877e-08
964.2374611712739,1.717129217142799e-08
964.337461171274,1.9037932987757052e-08
964.437461171274,2.110065467511568e-08
964.537461171274,2.3379293691678553e-08
964.637461171274,2.5895611056889867e-08
964.737461171274,2.867347047438721e-08
964.8374611712741,3.1739032070621326e-08
964.9374611712741,3.512096303328608e-08
965.0374611712741,3.885066653129744e-08
965.1374611712741,4.2962530402388026e-08
965.2374611712742,4.749419720580924e-08
965.3374611712742,5.248685735657695e-08
965.4374611712742,5.798556718458734e-08
965.5374611712742,6.403959389722814e-08
965.6374611712743,7.070278956828376e-08
965.7374611712743,7.80339964294754e-08
965.8374611712743,8.609748590440371e-08
965.9374611712743,9.496343399850012e-08
966.0374611712743,1.0470843584340451e-07
966.1374611712744,1.1541606239053173e-07
966.2374611712744,1.2717746245707008e-07
966.3374611712744,1.4009201354888977e-07
966.4374611712744,1.54268025119437e-07
966.5374611712745,1.6982349817233558e-07
966.6374611712745,1.8688694537875685e-07
966.7374611712745,2.0559827615934676e-07
966.8374611712745,2.2610975147534084e-07
966.9374611712745,2.485870133851453e-07
967.0374611712746,2.7321019475188125e-07
967.1374611712746,3.0017511483492984e-07
967.2374611712746,3.296945668651335e-07
967.3374611712746,3.6199970408979356e-07
967.4374611712747,3.973415311807522e-07
967.5374611712747,4.359925083274224e-07
967.6374611712747,4.782482757875049e-07
967.7374611712747,5.244295071420092e-07
967.8374611712748,5.748838999990033e-07
967.9374611712748,6.29988313412957e-07
968.0374611712748,6.901510618344881e-07
968.1374611712748,7.558143759794966e-07
968.2374611712748,8.274570416079634e-07
968.3374611712749,9.05597227831683e-07
968.4374611712749,9.90795517227858e-07
968.5374611712749,1.0836581507222996e-06
968.6374611712749,1.1848405009228515e-06
968.737461171275,1.295050788330956e-06
968.837461171275,1.4150540556380158e-06
968.937461171275,1.545676416123415e-06
969.037461171275,1.6878095930137998e-06
969.137461171275,1.8424157675383905e-06
969.2374611712751,2.0105327543235302e-06
969.3374611712751,2.193279523711319e-06
969.4374611712751,2.391862091562458e-06
969.5374611712751,2.60757979811223e-06
969.6374611712752,2.8418319984912637e-06
969.7374611712752,3.096125188598617e-06
969.8374611712752,3.3720805911243147e-06
969.9374611712752,3.6714422276607226e-06
970.0374611712753,3.996085504017041e-06
970.1374611712753,4.348026337057617e-06
970.2374611712753,4.729430852622566e-06
970.3374611712753,5.142625685356257e-06
970.4374611712753,5.5901089125657835e-06
970.5374611712754,6.074561655554692e-06
970.6374611712754,6.598860383226503e-06
970.7374611712754,7.166089954125712e-06
970.8374611712754,7.779557434478555e-06
970.9374611712755,8.442806731209809e-06
971.0374611712755,9.159634080343363e-06
971.1374611712755,9.934104432638337e-06
971.2374611712755,1.0770568779768654e-05
971.3374611712755,1.1673682465816176e-05
971.4374611712756,1.2648424530313664e-05
971.5374611712756,1.370011813053898e-05
971.6374611712756,1.4834452092221499e-05
971.7374611712756,1.605750363927155e-05
971.8374611712757,1.7375762354577617e-05
971.9374611712757,1.8796155425328967e-05
972.0374611712757,2.0326074227707194e-05
972.1374611712757,2.1973402307142347e-05
972.2374611712758,2.3746544811641123e-05
972.3374611712758,2.5654459436958183e-05
972.4374611712758,2.7706688943590608e-05
972.5374611712758,2.9913395306720022e-05
972.6374611712758,3.228539556129936e-05
972.7374611712759,3.483419940547302e-05
972.8374611712759,3.7572048626417866e-05
972.9374611712759,4.051195841349519e-05
973.0374611712759,4.366776062428826e-05
973.137461171276,4.70541490696676e-05
973.237461171276,5.06867268844618e-05
973.337461171276,5.4582056050592173e-05
973.437461171276,5.8757709139666646e-05
973.537461171276,6.323232334198304e-05
973.6374611712761,6.802565684867121e-05
973.7374611712761,7.315864765328148e-05
973.8374611712761,7.865347483849853e-05
973.9374611712761,8.453362241280379e-05
974.0374611712762,9.082394576081571e-05
974.1374611712762,9.755074076969028e-05
974.2374611712762,0.00010474181569234697
974.3374611712762,0.00011242656580638597
974.4374611712763,0.00012063605092536183
974.5374611712763,0.00012940307581656445
974.6374611712763,0.00013876227357661244
974.7374611712763,0.00014875019201297226
974.8374611712763,0.00015940538307596198
974.9374611712764,0.0001707684953818672
975.0374611712764,0.00018288236986346946
975.1374611712764,0.00019579213857955842
975.2374611712764,0.00020954532670983432
975.3374611712765,0.00022419195775601902
975.4374611712765,0.00023978466196393863
975.5374611712765,0.00025637878797482946
975.6374611712765,0.0002740325177071266
975.7374611712765,0.0002928069844624976
975.8374611712766,0.0003127663942419073
975.9374611712766,0.00033397815024898146
976.0374611712766,0.00035651298054891324
976.1374611712766,0.00038044506884159397
976.2374611712767,0.0004058521882975376
976.3374611712767,0.0004328158383945239
976.4374611712767,0.0004614213846816774
976.5374611712767,0.0004917582013859351
976.6374611712768,0.0005239198167635458
976.7374611712768,0.0005580040610863549
976.8374611712768,0.0005941132171392154
976.9374611712768,0.0006323541730908623
977.0374611712768,0.0006728385775860606
977.1374611712769,0.0007156829968917974
977.2374611712769,0.0007610090739146306
977.3374611712769,0.0008089436888902673
977.4374611712769,0.0008596191215297801
977.537461171277,0.0009131732143898008
977.637461171277,0.000969749537216473
977.737461171277,0.0010294975519949548
977.837461171277,0.0010925727784178662
977.937461171277,0.0011591369594672772
978.0374611712771,0.0012293582267857341
978.1374611712771,0.0013034112654923412
978.2374611712771,0.001381477478080235
978.3374611712771,0.0014637451470118196
978.4374611712772,0.0015504095956080104
978.5374611712772,0.0016416733468074824
978.6374611712772,0.0017377462793515144
978.7374611712772,0.001838845780929759
978.8374611712773,0.0019451968978017801
978.9374611712773,0.0020570324803890873
979.0374611712773,0.0021745933243122245
979.1374611712773,0.0022981283063276854
979.2374611712773,0.0024278945145997854
979.3374611712774,0.0025641573727236146
979.4374611712774,0.002707190756896296
979.5374611712774,0.0028572771056157706
979.6374611712774,0.0030147075212687297
979.7374611712775,0.0031797818629524938
979.8374611712775,0.0033528088298596264
979.9374611712775,0.0035341060345389736
980.0374611712775,0.0037240000653327317
980.1374611712776,0.003922826537275996
980.2374611712776,0.004130930130733552
980.3374611712776,0.004348664617038034
980.4374611712776,0.004576392870384405
980.5374611712776,0.004814486865228131
980.6374611712777,0.005063327658428192
980.7374611712777,0.005323305355371895
980.8374611712777,0.005594819059315651
980.9374611712777,0.005878276803175448
981.0374611712778,0.006174095463001787
981.1374611712778,0.006482700652377536
981.2374611712778,0.006804526596982619
981.3374611712778,0.007140015988577377
981.4374611712778,0.007489619817666836
981.5374611712779,0.007853797184120716
981.6374611712779,0.008233015085039522
981.7374611712779,0.008627748179174909
981.8374611712779,0.00903847852723315
981.937461171278,0.00946569530741421
982.037461171278,0.009909894505564959
982.137461171278,0.010371578579354532
982.237461171278,0.010851256095911851
982.337461171278,0.011349441342400637
982.4374611712781,0.011866653909045368
982.5374611712781,0.012403418244163068
982.6374611712781,0.012960263180800034
982.7374611712781,0.013537721434620271
982.8374611712782,0.014136329072742876
982.9374611712782,0.014756624953279387
983.0374611712782,0.015399150135378658
983.1374611712782,0.016064447259647015
983.2374611712783,0.01675305989887365
983.3374611712783,0.01746553187905758
983.4374611712783,0.018202406570800456
983.5374611712783,0.01896422615120136
983.6374611712783,0.019751530836463648
983.7374611712784,0.020564858085500373
983.8374611712784,0.021404741774904448
983.9374611712784,0.022271711345730593
984.0374611712784,0.023166290922620434
984.1374611712785,0.02408899840588729
984.2374611712785,0.025040344537265214
984.3374611712785,0.026020831940116007
984.4374611712785,0.027030954134978528
984.5374611712786,0.028071194531436985
984.6374611712786,0.029142025397377876
984.7374611712786,0.030243906806799097
984.8374611712786,0.03137728556742935
984.9374611712786,0.032542594129510966
985.0374611712787,0.033740249477193576
985.1374611712787,0.03497065200408159
985.2374611712787,0.036234184374571564
985.3374611712787,0.03753121037270982
985.4374611712788,0.03886207374039179
985.5374611712788,0.040227097006816336
985.6374611712788,0.041626580311196426
985.7374611712788,0.043060800220814884
985.8374611712788,0.044530008546598145
985.9374611712789,0.04603443115846261
986.0374611712789,0.04757426680276697
986.1374611712789,0.04914968592427875
986.2374611712789,0.05076082949513484
986.337461171279,0.05240780785334287
986.437461171279,0.05409069955343322
986.537461171279,0.055809550231929295
986.637461171279,0.05756437149035657
986.737461171279,0.059355139798558464
986.8374611712791,0.061181795421128414
986.9374611712791,0.06304424136980354
987.0374611712791,0.06494234238469405
987.1374611712791,0.06687592394724563
987.2374611712792,0.06884477132784683
987.3374611712792,0.07084862867100315
987.4374611712792,0.07288719812099927
987.5374611712792,0.07496013899096514
987.6374611712793,0.07706706697824675
987.7374611712793,0.07920755342896008
987.8374611712793,0.0813811246545757
987.9374611712793,0.08358726130334283
988.0374611712793,0.08582539778931368
988.1374611712794,0.08809492178167294
988.2374611712794,0.09039517375701275
988.3374611712794,0.09272544661711928
988.4374611712794,0.09508498537475608
988.5374611712795,0.09747298690983691
988.6374611712795,0.09988859979828298
988.7374611712795,0.10233092421574992
988.8374611712795,0.10479901191829429
988.9374611712796,0.1072918663019239
989.0374611712796,0.1098084425428431
989.1374611712796,0.11234764782006378
989.2374611712796,0.11490834162190268
989.3374611712796,0.11748933613773027
989.4374611712797,0.12008939673617228
989.5374611712797,0.12270724253079428
989.6374611712797,0.12534154703412265
989.7374611712797,0.127990938900672
989.8374611712798,0.1306540027594596
989.9374611712798,0.13332928013629242
990.0374611712798,0.13601527046591427
990.1374611712798,0.13871043219389456
990.2374611712798,0.14141318396793381
990.3374611712799,0.14412190591804888
990.4374611712799,0.14683494102488723
990.5374611712799,0.14955059657520284
990.6374611712799,0.1522671457033078
990.73746117128,0.15498282901709556
990.83746117128,0.15769585630701063
990.93746117128,0.16040440833612155
991.03746117128,0.16310663870923384
991.13746117128,0.1658006758187637
991.2374611712801,0.16848462486487767
991.3374611712801,0.17115656994719083
991.4374611712801,0.17381457622510843
991.5374611712801,0.1764566921436906
991.6374611712802,0.17908095172172037
991.7374611712802,0.18168537689846048
991.8374611712802,0.18426797993539795
991.9374611712802,0.186826765869092
992.0374611712803,0.18935973501106917
992.1374611712803,0.19186488549054223
992.2374611712803,0.19434021583557334
992.3374611712803,0.19678372758815382
992.4374611712803,0.19919342794853478
992.5374611712804,0.20156733244401492
992.6374611712804,0.203903467617276
992.7374611712804,0.20619987372924972
992.8374611712804,0.2084546074714066
992.9374611712805,0.21066574468227645
993.0374611712805,0.21283138306293972
993.1374611712805,0.2149496448861748
993.2374611712805,0.21701867969390137
993.3374611712806,0.21903666697753324
993.4374611712806,0.22100181883583586
993.5374611712806,0.22291238260488394
993.6374611712806,0.2247666434547263
993.7374611712806,0.22656292694739175
993.8374611712807,0.22829960155091025
993.9374611712807,0.22997508110407902
994.0374611712807,0.2315878272267722
994.1374611712807,0.2331363516706757
994.2374611712808,0.23461921860542612
994.3374611712808,0.23603504683524398
994.4374611712808,0.23738251194127485
994.5374611712808,0.23866034834499122
994.6374611712808,0.23986735128815692
994.7374611712809,0.24100237872502084
994.8374611712809,0.24206435312258098
994.9374611712809,0.24305226316494713
995.0374611712809,0.2439651653580301
995.137461171281,0.24480218553099295
995.237461171281,0.24556252023112038
995.337461171281,0.24624543800899054
995.437461171281,0.24685028059107214
995.537461171281,0.24737646393711504
995.6374611712811,0.2478234791799572
995.7374611712811,0.24819089344563064
995.8374611712811,0.24847835055191658
995.9374611712811,0.24868557158377144
996.0374611712812,0.24881235534432275
996.1374611712812,0.24885857868041347
996.2374611712812,0.24884748381219501
996.3374611712812,0.248809891822475
996.4374611712813,0.24874596104222796
996.5374611712813,0.24865571177764206
996.6374611712813,0.248539172688462
996.7374611712813,0.24839638077282075
996.8374611712813,0.24822738134766348
996.9374611712814,0.24803222802477884
997.0374611712814,0.24781098268245416
997.1374611712814,0.24756371543277675
997.2374611712814,0.24729050458460466
997.3374611712815,0.24699143660223452
997.4374611712815,0.24666660605979743
997.5374611712815,0.24631611559141553
997.6374611712815,0.2459400758371575
997.7374611712816,0.24553860538483116
997.8374611712816,0.24511183070765769
997.9374611712816,0.24465988609787184
998.0374611712816,0.24418291359629815
998.1374611712816,0.2436810629179541
998.2374611712817,0.24315449137373496
998.3374611712817,0.24260336378823766
998.4374611712817,0.2420278524137843
998.5374611712817,0.24142813684070696
998.6374611712818,0.24080440390396024
998.7374611712818,0.2401568475861291
998.8374611712818,0.23948566891690234
998.9374611712818,0.23879107586908513
999.0374611712818,0.2380732832512251
999.1374611712819,0.23733251259693042
999.2374611712819,0.2365689920509592
999.3374611712819,0.23578295625216206
999.4374611712819,0.23497464621336242
999.537461171282,0.2341443091982601
999.637461171282,0.23329219859544634
999.737461171282,0.2324185737896203
999.837461171282,0.23152370003009803
999.937461171282,0.2306078482967078
1000.0374611712821,0.2296712951631662
1000.1374611712821,0.2287143226580314
1000.2374611712821,0.22773721812333167
1000.3374611712821,0.22674027407096753
1000.4374611712822,0.22572378803698867
1000.5374611712822,0.2246880624338466
1000.6374611712822,0.22363340440072546
1000.7374611712822,0.22256012565205505
1000.8374611712823,0.22146854232430982
1000.9374611712823,0.2203589748211994
1001.0374611712823,0.21923174765735629
1001.1374611712823,0.21808718930062712
1001.2374611712823,0.21692563201307488
1001.3374611712824,0.2157474116907986
1001.4374611712824,0.21455286770267912
1001.5374611712824,0.21334234272815808
1001.6374611712824,0.21211618259415868
1001.7374611712825,0.2108747361112562
1001.8374611712825,0.20961835490920577
1001.9374611712825,0.20834739327193616
1002.0374611712825,0.20706220797211666
1002.1374611712826,0.2057631581054044
1002.2374611712826,0.20445060492447922
1002.3374611712826,0.2031249116729727
1002.4374611712826,0.20178644341939658
1002.5374611712826,0.20043556689117642
1002.6374611712827,0.1990726503088945
1002.7374611712827,0.19769806322084563
1002.8374611712827,0.19631217633800885
1002.9374611712827,0.19491536136953605
1003.0374611712828,0.1935079908588588
1003.1374611712828,0.19209043802051234
1003.2374611712828,0.19066307657777498
1003.3374611712828,0.18922628060122026
1003.4374611712828,0.18778042434827666
1003.5374611712829,0.18632588210388953
1003.6374611712829,0.1848630280223775
1003.7374611712829,0.18339223597057436
1003.8374611712829,0.1819138793723458
1003.937461171283,0.1804283310545687
1004.037461171283,0.1789359630946584
1004.137461171283,0.17743714666972857
1004.237461171283,0.17593225190746511
1004.337461171283,0.17442164773879493
1004.4374611712831,0.17290570175242734
1004.5374611712831,0.1713847800513441
1004.6374611712831,0.1698592471113129
1004.7374611712831,0.16832946564149515
1004.8374611712832,0.16679579644721876
1004.9374611712832,0.16525859829498293
1005.0374611712832,0.1637182277797603
1005.1374611712832,0.1621750391946596
1005.2374611712833,0.16062938440300925
1005.3374611712833,0.1590816127129205
1005.4374611712833,0.15753207075438602
1005.5374611712833,0.15598110235896703
1005.6374611712833,0.15442904844212083
1005.7374611712834,0.15287624688821694
1005.8374611712834,0.15132303243828826
1005.9374611712834,0.1497697365805606
1006.0374611712834,0.1482166874438025
1006.1374611712835,0.14666420969353383
1006.2374611712835,0.14511262443112907
1006.3374611712835,0.14356224909584953
1006.4374611712835,0.14201339736983548
1006.5374611712836,0.14046637908608703
1006.6374611712836,0.1389215001394601
1006.7374611712836,0.13737906240070055
1006.8374611712836,0.13583936363353888
1006.9374611712836,0.13430269741486278
1007.0374611712837,0.1327693530579853
1007.1374611712837,0.13123961553902105
1007.2374611712837,0.12971376542638277
1007.3374611712837,0.1281920788134067
