959.0975220389901,1.8342854947024383e-11
959.1975220389901,2.0870969920011824e-11
959.2975220389901,2.3739194541094065e-11
959.3975220389901,2.6992118612424237e-11
959.4975220389902,3.068001833249172e-11
959.5975220389902,3.4859560133585185e-11
959.6975220389902,3.9594588853888376e-11
959.7975220389902,4.495700999539923e-11
959.8975220389902,5.102777690256903e-11
959.9975220389903,5.7897994895437315e-11
960.0975220389903,6.567015571673174e-11
960.1975220389903,7.445951711763416e-11
960.2975220389903,8.439564402561305e-11
960.3975220389904,9.562412952516317e-11
960.4975220389904,1.083085158550835e-10
960.5975220389904,1.2263243780235183e-10
960.6975220389904,1.3880201327251964e-10
960.7975220389905,1.570485084616068e-10
960.8975220389905,1.7763130796840815e-10
960.9975220389905,2.0084122339466526e-10
961.0975220389905,2.2700417751195244e-10
961.1975220389905,2.5648530495882324e-10
961.2975220389906,2.8969351470331053e-10
961.3975220389906,3.2708656420031684e-10
961.4975220389906,3.6917670033028716e-10
961.5975220389906,4.165369278676583e-10
961.6975220389907,4.698079724413291e-10
961.7975220389907,5.297060117653647e-10
961.8975220389907,5.970312563909057e-10
961.9975220389907,6.726774694192923e-10
962.0975220389907,7.576425235858244e-10
962.1975220389908,8.530401039429323e-10
962.2975220389908,9.601126751163162e-10
962.3975220389908,1.080245843858689e-09
962.4975220389908,1.214984260471716e-09
962.5975220389909,1.3660492167018767e-09
962.6975220389909,1.5353581130433712e-09
962.7975220389909,1.7250459851108238e-09
962.8975220389909,1.937489296995958e-09
962.997522038991,2.175332229423873e-09
963.097522038991,2.4415157122138982e-09
963.197522038991,2.739309474176179e-09
963.297522038991,3.0723474092982612e-09
963.397522038991,3.444666586066095e-09
963.4975220389911,3.860750257207906e-09
963.5975220389911,4.325575260242277e-09
963.6975220389911,4.844664235167516e-09
963.7975220389911,5.424143124674011e-09
963.8975220389912,6.07080446463843e-09
963.9975220389912,6.792177018627682e-09
964.0975220389912,7.596602359981208e-09
964.1975220389912,8.49331905904709e-09
964.2975220389912,9.492555191640417e-09
964.3975220389913,1.0605629948107e-08
964.4975220389913,1.1845065190875513e-08
964.5975220389913,1.3224707882446894e-08
964.6975220389913,1.4759864385813334e-08
964.7975220389914,1.6467447725753468e-08
964.8975220389914,1.836613899277613e-08
964.9975220389914,2.0476564172176677e-08
965.0975220389914,2.282148778924163e-08
965.1975220389915,2.5426024878644352e-08
965.2975220389915,2.8317872912102665e-08
965.3975220389915,3.152756545402606e-08
965.4975220389915,3.508874946083445e-08
965.5975220389915,3.903848829655519e-08
965.6975220389916,4.341759270593759e-08
965.7975220389916,4.8270982167433066e-08
965.8975220389916,5.3648079242771925e-08
965.9975220389916,5.960323974838206e-08
966.0975220389917,6.619622179743709e-08
966.1975220389917,7.349269700081554e-08
966.2975220389917,8.156480737169729e-08
966.3975220389917,9.049177175293854e-08
966.4975220389917,1.0036054587983533e-07
966.5975220389918,1.1126654050453157e-07
966.6975220389918,1.2331440234333246e-07
966.7975220389918,1.3661886296576215e-07
966.8975220389918,1.5130566112565986e-07
966.9975220389919,1.6751254444122967e-07
967.0975220389919,1.8539035676416336e-07
967.1975220389919,2.0510421803916474e-07
967.2975220389919,2.2683480394586894e-07
967.397522038992,2.5077973313686566e-07
967.497522038992,2.7715507043981544e-07
967.597522038992,3.061969549801802e-07
967.697522038992,3.3816336280550607e-07
967.797522038992,3.7333601425427e-07
967.8975220389921,4.1202243701374624e-07
967.9975220389921,4.5455819655399865e-07
968.0975220389921,5.01309306410837e-07
968.1975220389921,5.526748316211661e-07
968.2975220389922,6.090896994916685e-07
968.3975220389922,6.710277328079395e-07
968.4975220389922,7.390049215682024e-07
968.5975220389922,8.135829503553106e-07
968.6975220389922,8.95372999545092e-07
968.7975220389923,9.850398396899804e-07
968.8975220389923,1.0833062396164667e-06
968.9975220389923,1.1909577100349238e-06
969.0975220389923,1.3088476057829762e-06
969.1975220389924,1.4379026112105106e-06
969.2975220389924,1.579128634667509e-06
969.3975220389924,1.7336171395770592e-06
969.4975220389924,1.9025519411666724e-06
969.5975220389925,2.087216499593163e-06
969.6975220389925,2.2890017419312703e-06
969.7975220389925,2.509414447305436e-06
969.8975220389925,2.7500862313286927e-06
969.9975220389925,3.0127831679740072e-06
970.0975220389926,3.2994160890420403e-06
970.1975220389926,3.6120516035065253e-06
970.2975220389926,3.952923881214123e-06
970.3975220389926,4.324447247690631e-06
970.4975220389927,4.729229639159413e-06
970.5975220389927,5.170086969310759e-06
970.6975220389927,5.650058461871871e-06
970.7975220389927,6.17242300561581e-06
970.8975220389927,6.740716591111892e-06
970.9975220389928,7.358750891259058e-06
971.0975220389928,8.030633050454396e-06
971.1975220389928,8.760786750130002e-06
971.2975220389928,9.55397462133823e-06
971.3975220389929,1.041532207807529e-05
971.4975220389929,1.1350342648102672e-05
971.5975220389929,1.2364964881147718e-05
971.6975220389929,1.3465560917537033e-05
971.797522038993,1.465897680352987e-05
971.897522038993,1.5952564642868227e-05
971.997522038993,1.7354216677339062e-05
972.097522038993,1.887240139244138e-05
972.197522038993,2.0516201747560005e-05
972.2975220389931,2.2295355633357946e-05
972.3975220389931,2.4220298662399162e-05
972.4975220389931,2.6302209402291588e-05
972.5975220389931,2.8553057163885634e-05
972.6975220389932,3.0985652460258085e-05
972.7975220389932,3.361370025534618e-05
972.8975220389932,3.6451856124152996e-05
972.9975220389932,3.951578544940237e-05
973.0975220389932,4.282222578237468e-05
973.1975220389933,4.6389052498364636e-05
973.2975220389933,5.023534787977226e-05
973.3975220389933,5.438147376222246e-05
973.4975220389933,5.884914788131166e-05
973.5975220389934,6.366152405954909e-05
973.6975220389934,6.884327637479858e-05
973.7975220389934,7.44206874529858e-05
973.8975220389934,8.042174102900653e-05
973.9975220389935,8.687621892061018e-05
974.0975220389935,9.381580256052275e-05
974.1975220389935,0.00010127417923217716
974.2975220389935,0.00010928715315410684
974.3975220389935,0.00011789276155729898
974.4975220389936,0.00012713139589856374
974.5975220389936,0.00013704592835121556
974.6975220389936,0.0001476818437120611
974.7975220389936,0.0001590873768607887
974.8975220389937,0.00017131365590433947
974.9975220389937,0.00018441485113466027
975.0975220389937,0.00019844832992336765
975.1975220389937,0.00021347481767123257
975.2975220389937,0.000229558564924013
975.3975220389938,0.0002467675207589641
975.4975220389938,0.00026517351253829805
975.5975220389938,0.0002848524321169308
975.6975220389938,0.00030588442858198156
975.7975220389939,0.0003283541075906601
975.8975220389939,0.00035235073736133705
975.9975220389939,0.00037796846135972756
976.0975220389939,0.00040530651770816933
976.197522038994,0.00043446946533092336
976.297522038994,0.0004655674168322496
976.397522038994,0.0004987162780866428
976.497522038994,0.0005340379945020717
976.597522038994,0.0005716608038972971
976.6975220389941,0.0006117194959133277
976.7975220389941,0.0006543556778567848
976.8975220389941,0.0006997180468494214
976.9975220389941,0.0007479626681331472
977.0975220389942,0.0007992532593537911
977.1975220389942,0.0008537614806193423
977.2975220389942,0.0009116672300996592
977.3975220389942,0.0009731589449045265
977.4975220389942,0.0010384339069455645
977.5975220389943,0.001107698553454857
977.6975220389943,0.0011811687917991631
977.7975220389943,0.001259070318193468
977.8975220389943,0.0013416389398812041
977.9975220389944,0.0014291209003109051
978.0975220389944,0.0015217732068003966
978.1975220389944,0.0016198639601398433
978.2975220389944,0.0017236726855441745
978.3975220389945,0.0018334906643236945
978.4975220389945,0.0019496212655990782
978.5975220389945,0.002072380277343493
978.6975220389945,0.0022020962359905437
978.7975220389945,0.0023391107538019403
978.8975220389946,0.0024837788431436273
978.9975220389946,0.0026364692367734643
979.0975220389946,0.0027975647031977004
979.1975220389946,0.0029674623561074804
979.2975220389947,0.0031465739568606464
979.3975220389947,0.003335326208928272
979.4975220389947,0.003534161043179901
979.5975220389947,0.0037435358928364043
979.6975220389947,0.003963923956875115
979.7975220389948,0.0041958144506283514
979.8975220389948,0.004439712842274036
979.9975220389948,0.00469614107387592
980.0975220389948,0.004965637765591168
980.1975220389949,0.005248758401624962
980.2975220389949,0.0055460754964757
980.3975220389949,0.005858178739980105
980.4975220389949,0.006185675119635947
980.597522038995,0.006529189018651002
980.697522038995,0.006889362288140242
980.797522038995,0.007266854291870432
980.897522038995,0.007662341921930907
980.997522038995,0.008076519583693296
981.0975220389951,0.008510099148410093
981.1975220389951,0.008963809871793758
981.2975220389951,0.009438398276913576
981.3975220389951,0.009934627999748069
981.4975220389952,0.010453279595735826
981.5975220389952,0.010995150305677949
981.6975220389952,0.011561053779360755
981.7975220389952,0.012151819755288316
981.8975220389952,0.012768293694941426
981.9975220389953,0.013411336370012003
982.0975220389953,0.014081823401100937
982.1975220389953,0.014780644746412561
982.2975220389953,0.015508704139030471
982.3975220389954,0.016266918471417997
982.4975220389954,0.017056217125851623
982.5975220389954,0.01787754124956778
982.6975220389954,0.018731842973482744
982.7975220389955,0.019620084573431524
982.8975220389955,0.020543237572965282
982.9975220389955,0.021502281786847554
983.0975220389955,0.022498204304497636
983.1975220389955,0.023531998412744927
983.2975220389956,0.02460466245738046
983.3975220389956,0.02571719864312187
983.4975220389956,0.026870611771744844
983.5975220389956,0.028065907918278198
983.6975220389957,0.029304093045310006
983.7975220389957,0.030586171555610393
983.8975220389957,0.03191314478344008
983.9975220389957,0.03328600942508374
984.0975220389957,0.034705755909323996
984.1975220389958,0.03617336670875294
984.2975220389958,0.03768981459300579
984.3975220389958,0.039256060825192604
984.4975220389958,0.04087305330300148
984.5975220389959,0.042541724646146147
984.6975220389959,0.04426299023203623
984.7975220389959,0.0460377461817553
984.8975220389959,0.04786686729864144
984.997522038996,0.04975120496197796
985.097522038996,0.051691584978514234
985.197522038996,0.05368880539475152
985.297522038996,0.05574363427314226
985.397522038996,0.05785680743556544
985.4975220389961,0.06002902617765286
985.5975220389961,0.062260954957751316
985.6975220389961,0.06455321906451351
985.7975220389961,0.06690640226731454
985.8975220389962,0.06932104445389009
985.9975220389962,0.07179763925978823
986.0975220389962,0.07433663169441333
986.1975220389962,0.07693841576862472
986.2975220389962,0.07960333212902501
986.3975220389963,0.0823316657042404
986.4975220389963,0.08512364336865025
986.5975220389963,0.08797943162917127
986.6975220389963,0.09089913434083563
986.7975220389964,0.09388279045702745
986.8975220389964,0.0969303718203521
986.9975220389964,0.10004178100021208
987.0975220389964,0.10321684918324535
987.1975220389965,0.10645533412285306
987.2975220389965,0.10975691815409568
987.3975220389965,0.11312120628027438
987.4975220389965,0.11654772433753546
987.5975220389965,0.12003591724383803
987.6975220389966,0.12358514733861165
987.7975220389966,0.12719469281939538
987.8975220389966,0.13086374628169972
987.9975220389966,0.13459141336825983
988.0975220389967,0.13837671153375766
988.1975220389967,0.1422185689309801
988.2975220389967,0.1461158234242479
988.3975220389967,0.1500672217357993
988.4975220389967,0.15407141873063987
988.5975220389968,0.15812697684517693
988.6975220389968,0.1622323656647459
988.7975220389968,0.1663859616548998
988.8975220389968,0.1705860480510828
988.9975220389969,0.17483081491103328
989.0975220389969,0.17911835933397108
989.1975220389969,0.18344668585031046
989.2975220389969,0.18781370698531255
989.397522038997,0.19221724399973994
989.497522038997,0.1966550278102146
989.597522038997,0.20112470009159544
989.697522038997,0.2056238145632967
989.797522038997,0.2101498384610551
989.8975220389971,0.21470015419522898
989.9975220389971,0.21927206119627193
990.0975220389971,0.22386277794757667
990.1975220389971,0.22846944420542017
990.2975220389972,0.23308912340527438
990.3975220389972,0.23771880525326772
990.4975220389972,0.24235540850109777
990.5975220389972,0.24699578390220714
990.6975220389972,0.2516367173465403
990.7975220389973,0.2562749331707043
990.8975220389973,0.2609070976398606
990.9975220389973,0.26552982259717806
991.0975220389973,0.2701396692761883
991.1975220389974,0.27473315227089135
991.2975220389974,0.2793067436579804
991.3975220389974,0.28385687726507797
991.4975220389974,0.2883799530784081
991.5975220389975,0.2928723417828757
991.6975220389975,0.2973303894270787
991.7975220389975,0.3017504222053504
991.8975220389975,0.30612875134851586
991.9975220389975,0.31046167811464614
992.0975220389976,0.314745498870721
992.1975220389976,0.3189765102557475
992.2975220389976,0.32315101441554794
992.3975220389976,0.3272653242991151
992.4975220389977,0.33131576900614546
992.5975220389977,0.3352986991750932
992.6975220389977,0.33921049240085377
992.7975220389977,0.343047558670973
992.8975220389977,0.34680634580909914
992.9975220389978,0.3504833449142411
993.0975220389978,0.3540750957842774
993.1975220389978,0.3575781923120693
993.2975220389978,0.3609892878424741
993.3975220389979,0.3643051004785286
993.4975220389979,0.3675224183250816
993.5975220389979,0.3706381046581913
993.6975220389979,0.373649103008682
993.797522038998,0.3765524421483568
993.897522038998,0.3793452409675073
993.997522038998,0.3820247132325319
994.097522038998,0.38458817221268327
994.197522038998,0.38703303516520304
994.2975220389981,0.38935682766837404
994.3975220389981,0.39155718779232146
994.4975220389981,0.3936318700977289
994.5975220389981,0.39557874945299776
994.6975220389982,0.3973958246607695
994.7975220389982,0.3990812218851504
994.8975220389982,0.4006331978714248
994.9975220389982,0.4020501429505137
995.0975220389982,0.40333058382093107
995.1975220389983,0.4044731861015074
995.2975220389983,0.40547675664869104
995.3975220389983,0.4063402456327923
995.4975220389983,0.407062748368114
995.5975220389984,0.40764350689250245
995.6975220389984,0.4080819112924578
995.7975220389984,0.40837750077056156
995.8975220389984,0.4085299644526055
995.9975220389985,0.4085348297540928
996.0975220389985,0.4083582588594845
996.1975220389985,0.4079932786278759
996.2975220389985,0.407440394377163
996.3975220389985,0.4067003710054201
996.4975220389986,0.40577423122748385
996.5975220389986,0.4046632532196615
996.6975220389986,0.40336896768015545
996.7975220389986,0.40189315431466593
996.8975220389987,0.4002378377584686
996.9975220389987,0.3984052829480445
997.0975220389987,0.396397989957073
997.1975220389987,0.3942186883132675
997.2975220389987,0.39187033081413625
997.3975220389988,0.3893560868612781
997.4975220389988,0.3866793353342718
997.5975220389988,0.38384365702658163
997.6975220389988,0.3808528266671709
997.7975220389989,0.37771080455269623
997.8975220389989,0.37442172781622884
997.9975220389989,0.3709899013594247
998.0975220389989,0.36741978847593315
998.197522038999,0.3637160011945897
998.297522038999,0.3598832903715869
998.397522038999,0.3559265355613491
998.497522038999,0.3518507346962563
998.597522038999,0.34766099360566566
998.6975220389991,0.3433625154048683
998.7975220389991,0.3389605897846931
998.8975220389991,0.3344605822324298
998.9975220389991,0.32986792321459163
999.0975220389992,0.32518809735177706
999.1975220389992,0.3204266326155201
999.2975220389992,0.31558908957654425
999.3975220389992,0.310681050733261
999.4975220389993,0.3057081099486794
999.5975220389993,0.3006758620231273
999.6975220389993,0.2955898924293302
999.7975220389993,0.2904557672354533
999.8975220389993,0.28527902324069543
999.9975220389994,0.28006515834693113
1000.0975220389994,0.27481962218873934
1000.1975220389994,0.2695478070429366
1000.2975220389994,0.2642550390374552
1000.3975220389995,0.2589465696780835
1000.4975220389995,0.25362756771021555
1000.5975220389995,0.24830311133135388
1000.6975220389995,0.2429781807686736
1000.7975220389995,0.23765765123449828
1000.8975220389996,0.23234628627106263
1000.9975220389996,0.22704873149445132
1001.0975220389996,0.2217695087461137
1001.1975220389996,0.21651301065886475
1001.2975220389997,0.21128349564280352
1001.3975220389997,0.2060850832951146
1001.4975220389997,0.20092175023626924
1001.5975220389997,0.19579732637372477
1001.6975220389998,0.19071549159282616
1001.7975220389998,0.1856797728732603
1001.8975220389998,0.18069354182809624
1001.9975220389998,0.175760012661174
1002.0975220389998,0.17088224053738052
1002.1975220389999,0.1660631203591813
1002.2975220389999,0.16130538594166
1002.3975220389999,0.1566116095772629
1002.4975220389999,0.15198420198044804
1002.597522039,0.1474254126015094
1002.697522039,0.14293733029797828
1002.797522039,0.13852188435120819
1002.897522039,0.134180845815017
1002.997522039,0.12991582918260272
1003.0975220390001,0.1257282943573569
1003.1975220390001,0.12161954891268197
