959.0975220389901,0.08095812211391493
959.1975220389901,0.08392537786723035
959.2975220389901,0.08697432037490578
959.3975220389901,0.09010598558456145
959.4975220389902,0.09332136831176788
959.5975220389902,0.09662141949906361
959.6975220389902,0.10000704344619042
959.7975220389902,0.10347909501578088
959.8975220389902,0.10703837681893696
959.9975220389903,0.11068563638533917
960.0975220389903,0.11442156332272299
960.1975220389903,0.11824678647074846
960.2975220389903,0.1221618710544742
960.3975220389904,0.12616731584282456
960.4975220389904,0.13026355031760803
960.5975220389904,0.13445093185880758
960.6975220389904,0.13872974295201485
960.7975220389905,0.1431001884240235
960.8975220389905,0.14756239271272875
960.9975220389905,0.1521163971776008
961.0975220389905,0.1567621574571087
961.1975220389905,0.16149954087956675
961.2975220389906,0.166328323933959
961.3975220389906,0.17124818980736484
961.4975220389906,0.1762587259956642
961.5975220389906,0.1813594219942379
961.6975220389907,0.18654966707540338
961.7975220389907,0.19182874815933051
961.8975220389907,0.19719584778517546
961.9975220389907,0.20265004218913776
962.0975220389907,0.20819029949610646
962.1975220389908,0.21381547803149367
962.2975220389908,0.2195243247597727
962.3975220389908,0.22531547385614017
962.4975220389908,0.2311874454175982
962.5975220389909,0.23713864431961745
962.6975220389909,0.2431673592243826
962.7975220389909,0.2492717617464442
962.8975220389909,0.2554499057814073
962.997522038991,0.2616997270030678
963.097522038991,0.26801904253417574
963.197522038991,0.2744055507957507
963.297522038991,0.28085683153960045
963.397522038991,0.2873703460684063
963.4975220389911,0.2939434376474261
963.5975220389911,0.3005733321115442
963.6975220389911,0.3072571386710494
963.7975220389911,0.31399185091916665
963.8975220389912,0.3207743480439901
963.9975220389912,0.32760139624707446
964.0975220389912,0.3344696503705383
964.1975220389912,0.34137565573411116
964.2975220389912,0.34831585018312966
964.3975220389913,0.3552865663480398
964.4975220389913,0.362284034115512
964.5975220389913,0.36930438331081256
964.6975220389913,0.3763436465906005
964.7975220389914,0.3833977625448435
964.8975220389914,0.39046257900605674
964.9975220389914,0.39753385656358325
965.0975220389914,0.40460727228013604
965.1975220389915,0.4116784236073298
965.2975220389915,0.4187428324964296
965.3975220389915,0.42579594970005097
965.4975220389915,0.4328331592600482
965.5975220389915,0.43984978317633755
965.6975220389916,0.4468410862509157
965.7975220389916,0.45380228110085286
965.8975220389916,0.46072853333356784
965.9975220389916,0.46761496687722737
966.0975220389917,0.4744566694586604
966.1975220389917,0.4812486982207376
966.2975220389917,0.4879860854707365
966.3975220389917,0.4946638445508011
966.4975220389917,0.5012769758212106
966.5975220389918,0.5078204727467884
966.6975220389918,0.5142893280764281
966.7975220389918,0.5206785401053676
966.8975220389918,0.5269831190095299
966.9975220389919,0.5331980932409496
967.0975220389919,0.5393185159730337
967.1975220389919,0.5453394715841573
967.2975220389919,0.5512560821678747
967.397522038992,0.5570635140578305
967.497522038992,0.5627569843552895
967.597522038992,0.5683317674470636
967.697522038992,0.5737832015015065
967.797522038992,0.5791066949301655
967.8975220389921,0.5842977328026312
967.9975220389921,0.5893518832021044
968.0975220389921,0.5942648035092158
968.1975220389921,0.5990322466016729
968.2975220389922,0.6036500669573853
968.3975220389922,0.6081142266488263
968.4975220389922,0.6124208012165252
968.5975220389922,0.6165659854097537
968.6975220389922,0.6205460987826718
968.7975220389923,0.6243575911344251
968.8975220389923,0.6279970477819544
968.9975220389923,0.6314611946545599
969.0975220389923,0.6347469031995905
969.1975220389924,0.6378511950889754
969.2975220389924,0.6407712467166876
969.3975220389924,0.6435043934776397
969.4975220389924,0.6460481338189343
969.5975220389925,0.6484001330548517
969.6975220389925,0.6505582269374266
969.7975220389925,0.6525204249749781
969.8975220389925,0.6542849134914623
969.9975220389925,0.6558500584200718
970.0975220389926,0.6572144078250556
970.1975220389926,0.6583766941463118
970.2975220389926,0.6593358361618977
970.3975220389926,0.6600909406642004
970.4975220389927,0.6606413038461337
970.5975220389927,0.660986412394349
970.6975220389927,0.6611259442870804
970.7975220389927,0.6610188000222935
970.8975220389927,0.6605866862984208
970.9975220389928,0.659828314460786
971.0975220389928,0.6587448088778527
971.1975220389928,0.6573377744680368
971.2975220389928,0.6556092927382831
971.3975220389929,0.6535619166527722
971.4975220389929,0.6511986643494698
971.5975220389929,0.6485230117261606
971.6975220389929,0.645538883921464
971.797522038993,0.642250645720053
971.897522038993,0.6386630909149064
971.997522038993,0.6347814306628804
972.097522038993,0.6306112808731896
972.197522038993,0.6261586486715083
972.2975220389931,0.6214299179853509
972.3975220389931,0.6164318342991286
972.4975220389931,0.6111714886298166
972.5975220389931,0.6056563007764791
972.6975220389932,0.5998940018989918
972.7975220389932,0.5938926164831505
972.8975220389932,0.5876604437509713
972.9975220389932,0.5812060385763516
973.0975220389932,0.5745381919673787
973.1975220389933,0.5676659111774371
973.2975220389933,0.560598399507877
973.3975220389933,0.5533450358653607
973.4975220389933,0.5459153541371128
973.5975220389934,0.5383190224471522
973.6975220389934,0.5305658223561919
973.7975220389934,0.5226656280672626
973.8975220389934,0.5146283856982479
973.9975220389935,0.50646409268142
974.0975220389935,0.4981827773487533
974.1975220389935,0.4897944787602614
974.2975220389935,0.481309226830877
974.3975220389935,0.4727370228094757
974.4975220389936,0.4640878201615437
974.5975220389936,0.4553715059047282
974.6975220389936,0.44659788244408904
974.7975220389936,0.43777664995131216
974.8975220389937,0.4289173893294575
974.9975220389937,0.4200295458020208
975.0975220389937,0.41112241316218684
975.1975220389937,0.4022051187151772
975.2975220389937,0.39328660894354467
975.3975220389938,0.38437563592216584
975.4975220389938,0.37548074450654373
975.5975220389938,0.36661026031486615
975.6975220389938,0.3577722785210904
975.7975220389939,0.34897465347315726
975.8975220389939,0.3402249891472821
975.9975220389939,0.331530630446153
976.0975220389939,0.32289865534578743
976.197522038994,0.31433586789278306
976.297522038994,0.30584879205074605
976.397522038994,0.2974436663918121
976.497522038994,0.28912643962639495
976.597522038994,0.28090276696161975
976.6975220389941,0.27277800727632856
976.7975220389941,0.26475722109809413
976.8975220389941,0.2568451693653528
976.9975220389941,0.2490463129555726
977.0975220389942,0.2413648129583165
977.1975220389942,0.23380453167014809
977.2975220389942,0.22636903428655988
977.3975220389942,0.2190615912644887
977.4975220389942,0.21188518132751857
977.5975220389943,0.20484249508456473
977.6975220389943,0.19793593923167563
977.7975220389943,0.1911676413055945
977.8975220389943,0.1845394549568768
977.9975220389944,0.1780529657096698
978.0975220389944,0.171709497174723
978.1975220389944,0.16551011768180418
978.2975220389944,0.15945564729745396
978.3975220389945,0.15354666519390453
978.4975220389945,0.14778351733501996
978.5975220389945,0.14216632444528104
978.6975220389945,0.13669499022812334
978.7975220389945,0.13136920980034983
978.8975220389946,0.12618847830985952
978.9975220389946,0.12115209970456643
979.0975220389946,0.11625919562111119
979.1975220389946,0.11150871436279358
979.2975220389947,0.10689943993706374
979.3975220389947,0.10243000112389707
979.4975220389947,0.09809888054743963
979.5975220389947,0.09390442372443308
979.6975220389947,0.08984484806410832
979.7975220389948,0.08591825179546465
979.8975220389948,0.08212262279912243
979.9975220389948,0.07845584732223941
980.0975220389948,0.0749157185563119
980.1975220389949,0.07149994505903334
980.2975220389949,0.06820615900274489
980.3975220389949,0.06503192423338451
980.4975220389949,0.06197474412521069
980.597522038995,0.05903206921794286
980.697522038995,0.056201304624313754
980.797522038995,0.05347981719736666
980.897522038995,0.05086494244814618
980.997522038995,0.04835399120572012
981.0975220389951,0.045944256012728724
981.1975220389951,0.04363301725088177
981.2975220389951,0.04141754899200917
981.3975220389951,0.039295124571414985
981.4975220389952,0.03726302188138466
981.5975220389952,0.035318528383746925
981.6975220389952,0.03345894584139675
981.7975220389952,0.031681594769636286
981.8975220389952,0.029983818609092033
981.9975220389953,0.028362987622811732
982.0975220389953,0.026816502520936307
982.1975220389953,0.02534179781707861
982.2975220389953,0.023936344921221767
982.3975220389954,0.02259765497457567
982.4975220389954,0.02132328143240104
982.5975220389954,0.020110822401326472
982.6975220389954,0.018957922738146706
982.7975220389955,0.017862275917499948
982.8975220389955,0.016821625676180573
982.9975220389955,0.01583376744215139
983.0975220389955,0.014896549556579366
983.1975220389955,0.01400787429743131
983.2975220389956,0.01316569871333297
983.3975220389956,0.012368035276519732
983.4975220389956,0.011612952363789498
983.5975220389956,0.010898574574412661
983.6975220389957,0.010223082893960367
983.7975220389957,0.009584714712984782
983.8975220389957,0.008981763709424252
983.9975220389957,0.008412579603515737
984.0975220389957,0.007875567793877904
984.1975220389958,0.0073691888832837305
984.2975220389958,0.0068919581024735905
984.3975220389958,0.006442444640169944
984.4975220389958,0.006019270887246638
984.5975220389959,0.00562111160277986
984.6975220389959,0.005246693009467486
984.7975220389959,0.004894791825649838
984.8975220389959,0.004564234240900554
984.997522038996,0.0042538948418823575
985.097522038996,0.003962695494881735
985.197522038996,0.0036896041911496434
985.297522038996,0.003433633860884618
985.397522038996,0.003193841161401509
985.4975220389961,0.0029693252447345287
985.5975220389961,0.002759226509629259
985.6975220389961,0.002562725342585586
985.7975220389961,0.0023790408523235336
985.8975220389962,0.0022074296017576636
985.9975220389962,0.002047184341284051
986.0975220389962,0.0018976327469078485
986.1975220389962,0.0017581361664695651
986.2975220389962,0.0016280883769655863
986.3975220389963,0.0015069143557033436
986.4975220389963,0.0013940690677846808
986.5975220389963,0.0012890362721727179
986.6975220389963,0.0011913273483683548
986.7975220389964,0.0011004801455026406
986.8975220389964,0.0010160578554410274
986.9975220389964,0.0009376479112949666
987.0975220389964,0.0008648609125457097
987.1975220389965,0.0007973295778045057
987.2975220389965,0.0007347077260626675
987.3975220389965,0.0006766692871242086
987.4975220389965,0.0006229073417628002
987.5975220389965,0.0005731331920035924
987.6975220389966,0.0005270754617987963
987.7975220389966,0.0004844792282436511
987.8975220389966,0.00044510518336626884
987.9975220389966,0.0004087288264206659
988.0975220389967,0.00037513968651669416
988.1975220389967,0.0003441405753333935
988.2975220389967,0.0003155468695830909
988.3975220389967,0.0002891858228221556
988.4975220389967,0.0002648959061402621
988.5975220389968,0.00024252617720304956
988.6975220389968,0.0002219356770728026
988.7975220389968,0.00020299285418791125
988.8975220389968,0.00018557501484401233
988.9975220389969,0.00016956779948755087
989.0975220389969,0.0001548646841056815
989.1975220389969,0.0001413665059745872
989.2975220389969,0.00012898101301114638
989.397522038997,0.00011762243596003852
989.497522038997,0.00010721108263957251
989.597522038997,9.767295346441464e-05
989.697522038997,8.893937746168353e-05
989.797522038997,8.09466679982883e-05
989.8975220389971,7.36357974416197e-05
989.9975220389971,6.695208998250064e-05
990.0975220389971,6.0844931858405404e-05
990.1975220389971,5.526749822611064e-05
990.2975220389972,5.017649594593545e-05
990.3975220389972,4.553192155430898e-05
990.4975220389972,4.129683371740145e-05
990.5975220389972,3.743713947574009e-05
990.6975220389972,3.392139360794246e-05
990.7975220389973,3.0720610460758004e-05
990.8975220389973,2.7808087612352732e-05
990.9975220389973,2.5159240756056443e-05
991.0975220389973,2.2751449212483603e-05
991.1975220389974,2.0563911498903685e-05
991.2975220389974,1.8577510405868177e-05
991.3975220389974,1.677468705228957e-05
991.4975220389974,1.5139323411318178e-05
991.5975220389975,1.3656632820390175e-05
991.6975220389975,1.2313058009648465e-05
991.7975220389975,1.109617620349582e-05
991.8975220389975,9.994610870267894e-06
991.9975220389975,8.99794971486031e-06
992.0975220389976,8.096668528558968e-06
992.1975220389976,7.282060529270068e-06
992.2975220389976,6.546170843790619e-06
992.3975220389976,5.881735801672975e-06
992.4975220389977,5.282126727597933e-06
992.5975220389977,4.741297935959211e-06
992.6975220389977,4.2537386475673974e-06
992.7975220389977,3.8144285639920664e-06
992.8975220389977,3.418796850072993e-06
992.9975220389978,3.0626842895421786e-06
993.0975220389978,2.742308392508437e-06
993.1975220389978,2.454231246770278e-06
993.2975220389978,2.195329917545722e-06
993.3975220389979,1.9627692122479644e-06
993.4975220389979,1.753976638404194e-06
993.5975220389979,1.566619393721764e-06
993.6975220389979,1.398583237665848e-06
993.797522038998,1.247953103738648e-06
993.897522038998,1.1129953209583821e-06
993.997522038998,9.92141321842156e-07
994.097522038998,8.83972722517236e-07
994.197522038998,7.872076684374694e-07
994.2975220389981,7.006883465830223e-07
994.3975220389981,6.233695719899566e-07
994.4975220389981,5.543083630093118e-07
994.5975220389981,4.926544258509975e-07
994.6975220389982,4.376414747439039e-07
994.7975220389982,3.8857931945735144e-07
994.8975220389982,3.4484665699801987e-07
994.9975220389982,3.058845090375978e-07
995.0975220389982,2.7119025105618067e-07
995.1975220389983,2.403121833213266e-07
995.2975220389983,2.128445976782321e-07
995.3975220389983,1.8842329771816417e-07
995.4975220389983,1.6672153323483078e-07
995.5975220389984,1.474463129860739e-07
995.6975220389984,1.3033506266492086e-07
995.7975220389984,1.151525976628032e-07
995.8975220389984,1.0168838269135152e-07
995.9975220389985,8.975405262969006e-08
996.0975220389985,7.918117109314906e-08
996.1975220389985,6.981920518785719e-08
996.2975220389985,6.153369673418121e-08
996.3975220389985,5.4204611920471603e-08
996.4975220389986,4.7724852896449364e-08
996.5975220389986,4.199891624178859e-08
996.6975220389986,3.694168455843432e-08
996.7975220389986,3.247733864294588e-08
996.8975220389987,2.8538378805140314e-08
996.9975220389987,2.506474491863811e-08
997.0975220389987,2.2003025724177743e-08
997.1975220389987,1.9305748764036603e-08
997.2975220389987,1.693074311138119e-08
997.3975220389988,1.484056777734952e-08
997.4975220389988,1.3001999336243803e-08
997.5975220389988,1.1385572910153913e-08
997.6975220389988,9.965171203082469e-09
997.7975220389989,8.717656775350837e-09
997.8975220389989,7.622543205575002e-09
997.9975220389989,6.661701203399239e-09
998.0975220389989,5.81909611478305e-09
998.197522038999,5.080553606035816e-09
998.297522038999,4.43355062583816e-09
998.397522038999,3.8670290288204095e-09
998.497522038999,3.3712295023261196e-09
998.597522038999,2.9375436720291156e-09
998.6975220389991,2.5583824741708916e-09
998.7975220389991,2.2270590742611305e-09
998.8975220389991,1.9376847858976167e-09
998.9975220389991,1.6850766005371178e-09
999.0975220389992,1.4646750810746914e-09
999.1975220389992,1.2724715003335855e-09
999.2975220389992,1.1049432212858415e-09
999.3975220389992,9.5899642016366e-10
999.4975220389993,8.319153476361698e-10
999.5975220389993,7.213174078768929e-10
999.6975220389993,6.251134115132171e-10
999.7975220389993,5.414724269330982e-10
999.8975220389993,4.687907159577586e-10
999.9975220389994,4.056642951394471e-10
1000.0975220389994,3.508647135176161e-10
1000.1975220389994,3.0331768211767997e-10
1000.2975220389994,2.620842303059759e-10
1000.3975220389995,2.2634409977878986e-10
1000.4975220389995,1.9538111887610575e-10
1000.5975220389995,1.685703284473936e-10
1000.6975220389995,1.4536665599719084e-10
1000.7975220389995,1.252949576100869e-10
1000.8975220389996,1.0794126747641871e-10
1000.9975220389996,9.294511296291248e-11
1001.0975220389996,7.999276932389467e-11
1001.1975220389996,6.881134253337894e-11
1001.2975220389997,5.916358152113916e-11
1001.3975220389997,5.084333248319397e-11
1001.4975220389997,4.3671558058834046e-11
1001.5975220389997,3.749285315713305e-11
1001.6975220389998,3.2172397196964394e-11
1001.7975220389998,2.7593289604658236e-11
1001.8975220389998,2.3654221690206053e-11
1001.9975220389998,2.0267443583898657e-11
1002.0975220389998,1.7356989838901354e-11
1002.1975220389999,1.4857131661778413e-11
1002.2975220389999,1.2711027585206454e-11
1002.3975220389999,1.0869547801260135e-11
1002.4975220389999,9.290250379902605e-12
1002.597522039,7.936490250486211e-12
1002.697522039,6.776644164140145e-12
1002.797522039,5.7834369175314316e-12
1002.897522039,4.933355935380146e-12
1002.997522039,4.2061429085501845e-12
1003.0975220390001,3.584352591659692e-12
1003.1975220390001,3.0529701013091253e-12
