959.0975220389901,1.2856889075669364
959.1975220389901,1.28865616332278
959.2975220389901,1.2917051058333238
959.3975220389901,1.2948367710462323
959.4975220389902,1.2980521537771266
959.5975220389902,1.301352204968602
959.6975220389902,1.3047378289204636
959.7975220389902,1.3082098804954165
959.8975220389902,1.3117691623046435
959.9975220389903,1.3154164218779159
960.0975220389903,1.3191523488230719
960.1975220389903,1.3229775719798866
960.2975220389903,1.3268926565735486
960.3975220389904,1.3308981013731274
960.4975220389904,1.3349943358605953
960.5975220389904,1.3391817174161187
960.6975220389904,1.3434605285254957
960.7975220389905,1.3478309740157508
960.8975220389905,1.3522931783250387
960.9975220389905,1.3568471828131208
961.0975220389905,1.3614929431187917
961.1975220389905,1.3662303265707307
961.2975220389906,1.371059109658331
961.3975220389906,1.37597897556913
961.4975220389906,1.3809895117995197
961.5975220389906,1.3860902078454536
961.6975220389907,1.3912804529798901
961.7975220389907,1.3965595341237151
961.8975220389907,1.4019266338168854
961.9975220389907,1.407380828296494
962.0975220389907,1.4129210856884278
962.1975220389908,1.4185462643192124
962.2975220389908,1.424255111154564
962.3975220389908,1.4300462603710646
962.4975220389908,1.4359182320672612
962.5975220389909,1.4418694311203453
962.6975220389909,1.4478981461944194
962.7975220389909,1.454002548906169
962.8975220389909,1.4601806931535752
962.997522038991,1.4664305146130787
963.097522038991,1.47274983041037
963.197522038991,1.479136338969739
963.297522038991,1.4855876200466267
963.397522038991,1.4921011349477515
963.4975220389911,1.498674226942855
963.5975220389911,1.5053041218717982
963.6975220389911,1.5119879289503924
963.7975220389911,1.5187226417779884
963.8975220389912,1.5255051395494732
963.9975220389912,1.5323321884739303
964.0975220389912,1.5392004434018194
964.1975220389912,1.5461064496621089
964.2975220389912,1.5530466451103635
964.3975220389913,1.5600173623883484
964.4975220389913,1.5670148313952559
964.5975220389913,1.5740351819701992
964.6975220389913,1.5810744467851436
964.7975220389914,1.5881285644469698
964.8975220389914,1.5951933828068745
964.9975220389914,1.602264662474826
965.0975220389914,1.6093380805363027
965.1975220389915,1.6164092344680334
965.2975220389915,1.6234736462489812
965.3975220389915,1.6305267666622951
965.4975220389915,1.6375639797834762
965.5975220389915,1.6445806076495044
965.6975220389916,1.6515719151031871
965.7975220389916,1.6585331148065137
965.8975220389916,1.6654593724163258
965.9975220389916,1.6723458119151458
966.0975220389917,1.6791875210895608
966.1975220389917,1.6859795571481133
966.2975220389917,1.6927169524702226
966.3975220389917,1.6993947204772515
966.4975220389917,1.7060078616164351
966.5975220389918,1.7125513694480077
966.6975220389918,1.7190202368255092
966.7975220389918,1.7254094621589093
966.8975220389918,1.7317140557498698
966.9975220389919,1.7379290461881727
967.0975220389919,1.7440494867980691
967.1975220389919,1.750070462123054
967.2975220389919,1.7559870944373572
967.397522038992,1.7617945502722423
967.497522038992,1.7674880469450387
967.597522038992,1.7730628590786974
967.697522038992,1.778514325099548
967.797522038992,1.7838378537008586
967.8975220389921,1.789028930259747
967.9975220389921,1.7940831231949796
968.0975220389921,1.798996090253201
968.1975220389921,1.803763584711183
968.2975220389922,1.8083814614817635
968.3975220389922,1.8128456831112378
968.4975220389922,1.8171523256561255
968.5975220389922,1.8212975844273829
968.6975220389922,1.8252777795903499
968.7975220389923,1.8290893616089434
968.8975220389923,1.8327289165228726
968.9975220389923,1.8361931710469486
969.0975220389923,1.839478997481875
969.1975220389924,1.8425834184262653
969.2975220389924,1.845503611280001
969.3975220389924,1.848236912529458
969.4975220389924,1.8507808218055541
969.5975220389925,1.85313300570603
969.6975220389925,1.8552913013738472
969.7975220389925,1.8572537198241041
969.8975220389925,1.8590184490123725
969.9975220389925,1.8605838566379185
970.0975220389926,1.8619484926758232
970.1975220389926,1.863111091632594
970.2975220389926,1.8640705745204578
970.3975220389926,1.8648260505461267
970.4975220389927,1.8653768185104516
970.5975220389927,1.865722367915997
970.6975220389927,1.865862379780221
970.7975220389927,1.865755757879978
970.8975220389927,1.8653242124496905
970.9975220389928,1.864566458646356
971.0975220389928,1.863483624945582
971.1975220389928,1.8620773206894656
971.2975220389928,1.860349632147583
971.3975220389929,1.858303117409529
971.4975220389929,1.8559408001267967
971.5975220389929,1.8532661621257205
971.6975220389929,1.8502831349170603
971.797522038993,1.8469960901315352
971.897522038993,1.8434098289142278
971.997522038993,1.8395295703142365
972.097522038993,1.8353609387092606
972.197522038993,1.8309099503079347
972.2975220389931,1.8261829987756628
972.3975220389931,1.8211868400324698
972.4975220389931,1.8159285762738975
972.5975220389931,1.8104156392683217
972.6975220389932,1.8046557729861308
972.7975220389932,1.7986570156180846
972.8975220389932,1.792427681041774
972.9975220389932,1.7859763397964796
973.0975220389932,1.7793117996278398
973.1975220389933,1.772443085664614
973.2975220389933,1.7653794202904356
973.3975220389933,1.7581302027738017
973.4975220389933,1.7507049887196728
973.5975220389934,1.7431134694058905
973.6975220389934,1.7353654510672454
973.7975220389934,1.7274708341893943
973.8975220389934,1.7194395928739556
973.9975220389935,1.7112817543350194
974.0975220389935,1.7030073785859925
974.1975220389935,1.6946265383741723
974.2975220389935,1.6861492994187097
974.3975220389935,1.6775857010057118
974.4975220389936,1.668945736992121
974.5975220389936,1.6602393372677582
974.6975220389936,1.6514763497224798
974.7975220389936,1.6426665227628516
974.8975220389937,1.6338194884200405
974.9975220389937,1.6249447460878341
975.0975220389937,1.616051646926789
975.1975220389937,1.6071493789675273
975.2975220389937,1.5982469529431473
975.3975220389938,1.5893531888776036
975.4975220389938,1.5804767034537608
975.5975220389938,1.5716258981816618
975.6975220389938,1.562808948384351
975.7975220389939,1.5540337930154267
975.8975220389939,1.5453081253193222
975.9975220389939,1.5366393843421915
976.0975220389939,1.5280347472981743
976.197522038994,1.5195011227927928
976.297522038994,1.511045144902257
976.397522038994,1.5026731681045775
976.497522038994,1.4943912630555758
976.597522038994,1.4862052132001957
976.6975220389941,1.4781205122069205
976.7975220389941,1.4701423622106295
976.8975220389941,1.4622756728468809
976.9975220389941,1.4545250610583844
977.0975220389942,1.446894851652349
977.1975220389942,1.4393890785854462
977.2975220389942,1.4320114869513383
977.3975220389942,1.424765535644072
977.4975220389942,1.417654400669143
977.5975220389943,1.4106809790726982
977.6975220389943,1.4038478934581535
977.7975220389943,1.3971574970584666
977.8975220389943,1.3906118793314368
977.9975220389944,1.3842128720446594
978.0975220389944,1.377962055816202
978.1975220389944,1.3718607670766227
978.2975220389944,1.3659101054176768
978.3975220389945,1.3601109412929069
978.4975220389945,1.3544639240352978
978.5975220389945,1.3489694901573033
978.6975220389945,1.3436278718987926
978.7975220389945,1.3384391059888305
978.8975220389946,1.333403042587682
978.9975220389946,1.3285193543760185
979.0975220389946,1.3237875457589876
979.1975220389946,1.3192069621535798
979.2975220389947,1.314776799328603
979.3975220389947,1.310496112767504
979.4975220389947,1.3063638270252982
979.5975220389947,1.3023787450519482
979.6975220389947,1.2985395574556622
979.7975220389948,1.2948448516807718
979.8975220389948,1.2912931210760752
979.9975220389948,1.287882773830794
980.0975220389948,1.2846121417565817
980.1975220389949,1.281479488895337
980.2975220389949,1.2784830199338992
980.3975220389949,1.2756208884080433
980.4975220389949,1.2728912046795253
980.597522038995,1.2702920436712726
980.697522038995,1.2678214523471327
980.797522038995,1.2654774569239158
980.897522038995,1.2632580698047557
980.997522038995,1.2611612962240921
981.0975220389951,1.2591851405958174
981.1975220389951,1.2573276125573543
981.2975220389951,1.2555867327036014
981.3975220389951,1.2539605380058418
981.4975220389952,1.2524470869117992
981.5975220389952,1.2510444641241036
981.6975220389952,1.2497507850554361
981.7975220389952,1.2485641999596033
981.8975220389952,1.2474828977387122
981.9975220389953,1.2465051094275024
982.0975220389953,1.245629111356716
982.1975220389953,1.2448532279981699
982.2975220389953,1.244175834494931
982.3975220389954,1.2435953588806723
982.4975220389954,1.2431102839929313
982.5975220389954,1.242719149085573
982.6975220389954,1.2424205511463082
982.7975220389955,1.2422131459256103
982.8975220389955,1.2420956486838246
982.9975220389955,1.2420668346636776
983.0975220389955,1.2421255392957558
983.1975220389955,1.242270658144855
983.2975220389956,1.2425011466053921
983.3975220389956,1.2428160193543203
983.4975220389956,1.243214349570213
983.5975220389956,1.2436952679273696
983.6975220389957,1.244257961373949
983.7975220389957,1.244901671703274
983.8975220389957,1.245625693927543
983.9975220389957,1.2464293744632782
984.0975220389957,1.2473121091378807
984.1975220389958,1.2482733410267153
984.2975220389958,1.249312558130158
984.3975220389958,1.2504292909000412
984.4975220389958,1.2516231096249268
984.5975220389959,1.2528936216836046
984.6975220389959,1.2542404686761823
984.7975220389959,1.2556633234420838
984.8975220389959,1.2571618869742207
984.997522038996,1.258735885238539
985.097522038996,1.2603850659080746
985.197522038996,1.2621091950205798
985.297522038996,1.2639080535687055
985.397522038996,1.2657814340316456
985.4975220389961,1.267729136857066
985.5975220389961,1.2697509669020592
985.6975220389961,1.2718467298417777
985.7975220389961,1.2740162285543168
985.8975220389962,1.2762592594903264
985.9975220389962,1.278575609035751
986.0975220389962,1.280965049876
986.1975220389962,1.283427337369773
986.2975220389962,1.2859622059406692
986.3975220389963,1.2885693654946224
986.4975220389963,1.2912484978711136
986.5975220389963,1.2939992533360227
986.6975220389963,1.2968212471238827
986.7975220389964,1.299714056037209
986.8975220389964,1.3026772151104717
986.9975220389964,1.3057102143461858
987.0975220389964,1.3088124955304699
987.1975220389965,1.3119834491353364
987.2975220389965,1.315222411314837
987.3975220389965,1.3185286610020772
987.4975220389965,1.321901417113977
987.5975220389965,1.3253398358705204
987.6975220389966,1.328843008235089
987.7975220389966,1.3324099574823178
987.8975220389966,1.3360396368997447
987.9975220389966,1.3397309276293592
988.0975220389967,1.343482636654953
988.1975220389967,1.3472934949409923
988.2975220389967,1.3511621557285096
988.3975220389967,1.3550871929933002
988.4975220389967,1.359067100071459
988.5975220389968,1.3631002884570587
988.6975220389968,1.3671850867764974
988.7975220389968,1.3713197399437664
988.8975220389968,1.3755024085006056
988.9975220389969,1.3797311681451996
989.0975220389969,1.3840040094527555
989.1975220389969,1.3883188377909637
989.2975220389969,1.3926734734330024
989.397522038997,1.3970656518703786
989.497522038997,1.401493024327533
989.597522038997,1.4059531584797385
989.697522038997,1.410443539375437
989.797522038997,1.4149615705637322
989.8975220389971,1.4195045754273492
989.9975220389971,1.4240697987209332
990.0975220389971,1.4286544083141137
990.1975220389971,1.433255497138325
990.2975220389972,1.437870085335899
990.3975220389972,1.4424951226095009
990.4975220389972,1.447127490769494
990.5975220389972,1.4517640064763615
990.6975220389972,1.4564014241748269
990.7975220389973,1.4610364392158437
990.8975220389973,1.4656656911621517
990.9975220389973,1.4702857672726128
991.0975220389973,1.4748932061600795
991.1975220389974,1.479484501617069
991.2975220389974,1.4840561066030649
991.3975220389974,1.488604437386809
991.4975220389974,1.4931258778364982
991.5975220389975,1.4976167838503747
991.6975220389975,1.502073487919767
991.7975220389975,1.5064923038162326
991.8975220389975,1.5108695313940648
991.9975220389975,1.5152014614990397
992.0975220389976,1.5194843809739282
992.1975220389976,1.5237145777509555
992.2975220389976,1.5278883460210704
992.3975220389976,1.5320019914695955
992.4975220389977,1.5360518365675517
992.5975220389977,1.540034225907708
992.6975220389977,1.5439455315741801
992.7975220389977,1.5477821585342157
992.8975220389977,1.5515405500406279
992.9975220389978,1.5552171930332093
993.0975220389978,1.5588086235273486
993.1975220389978,1.5623114319779947
993.2975220389978,1.5657222686070704
993.3975220389979,1.5690378486824197
993.4975220389979,1.5722549577363987
993.5975220389979,1.5753704567122637
993.6975220389979,1.5783812870265983
993.797522038998,1.5812844755361393
993.897522038998,1.584077139397507
993.997522038998,1.5867564908085323
994.097522038998,1.5893198416200844
994.197522038998,1.5917646078075502
994.2975220389981,1.5940883137913993
994.3975220389981,1.596288596596572
994.4975220389981,1.5983632098407705
994.5975220389981,1.6003100275421023
994.6975220389982,1.602127047736923
994.7975220389982,1.6038123958991486
994.8975220389982,1.6053643281527605
994.9975220389982,1.6067812342697014
995.0975220389982,1.6080616404458608
995.1975220389983,1.6092042118483694
995.2975220389983,1.6102077549279674
995.3975220389983,1.6110712194907688
995.4975220389983,1.611793700524326
995.5975220389984,1.612374439773494
995.6975220389984,1.612812827062199
995.7975220389984,1.613108401357838
995.8975220389984,1.6132608515756668
995.9975220389985,1.613265704942824
996.0975220389985,1.6130891234753344
996.1975220389985,1.6127241338817597
996.2975220389985,1.6121712413455385
996.3975220389985,1.6114312106447106
996.4975220389986,1.6105050643870156
996.5975220389986,1.6093940806532565
996.6975220389986,1.6080997900565186
996.7975220389986,1.6066239722266833
996.8975220389987,1.604968651731526
996.9975220389987,1.603136093447468
997.0975220389987,1.6011287973947774
997.1975220389987,1.598949493053695
997.2975220389987,1.596601133179558
997.3975220389988,1.5940868871365246
997.4975220389988,1.5914101337709499
997.5975220389988,1.5885744538468334
997.6975220389988,1.5855836220670207
997.7975220389989,1.5824415987050318
997.8975220389989,1.5791525208734507
997.9975220389989,1.5757206934558046
998.0975220389989,1.572150579729708
998.197522038999,1.568446791709822
998.297522038999,1.5646140802398163
998.397522038999,1.5606573248630569
998.497522038999,1.5565815235021645
998.597522038999,1.552391781977888
998.6975220389991,1.5480933033979294
998.7975220389991,1.543691377446431
998.8975220389991,1.5391913696047932
998.9975220389991,1.5345987103343468
999.0975220389992,1.5299188842511309
999.1975220389992,1.5251574193226705
999.2975220389992,1.5203198761161663
999.3975220389992,1.515411837126936
999.4975220389993,1.5104388962152735
999.5975220389993,1.5054066481791235
999.6975220389993,1.5003206784891223
999.7975220389993,1.4951865532116044
999.8975220389993,1.490009809144165
999.9975220389994,1.4847959441872742
1000.0975220389994,1.4795504079742827
1000.1975220389994,1.474278592780933
1000.2975220389994,1.4689858247342182
1000.3975220389995,1.4636773553391063
1000.4975220389995,1.4583583533402753
1000.5975220389995,1.4530338969346028
1000.6975220389995,1.447708966348719
1000.7975220389995,1.442388436794472
1000.8975220389996,1.4370770718136825
1000.9975220389996,1.431779517022075
1001.0975220389996,1.4265002942607852
1001.1975220389996,1.4212437961623547
1001.2975220389997,1.4160142811366458
1001.3975220389997,1.4108158687806367
1001.4975220389997,1.4056525357146195
1001.5975220389997,1.4005281118458963
1001.6975220389998,1.3954462770596772
1001.7975220389998,1.3904105583355322
1001.8975220389998,1.385424327286429
1001.9975220389998,1.38049079811612
1002.0975220389998,1.3756130259894161
1002.1975220389999,1.370793905808717
1002.2975220389999,1.3660361713890496
1002.3975220389999,1.3613423950228112
1002.4975220389999,1.356714987424417
1002.597522039,1.3521561980441246
1002.697522039,1.3476681157394337
1002.797522039,1.3432526697916702
1002.897522039,1.338911631254629
1002.997522039,1.3346466146214875
1003.0975220390001,1.33045907979562
1003.1975220390001,1.3263503343504137
