959.83752880207,9.707831049968875e-12
959.93752880207,1.114171510353036e-11
960.03752880207,1.2782451952601108e-11
960.13752880207,1.4659142567955715e-11
960.2375288020701,1.6804873522481785e-11
960.3375288020701,1.9257247306902897e-11
960.4375288020701,2.2058981033265184e-11
960.5375288020701,2.5258582048515514e-11
960.6375288020702,2.8911110003119642e-11
960.7375288020702,3.307903605990391e-11
960.8375288020702,3.783321119904812e-11
960.9375288020702,4.3253956990634676e-11
961.0375288020703,4.9432293782060834e-11
961.1375288020703,5.64713230012374e-11
961.2375288020703,6.44877822268953e-11
961.3375288020703,7.361379384545642e-11
961.4375288020703,8.39988305229088e-11
961.5375288020704,9.581192339531992e-11
961.6375288020704,1.0924414185094116e-10
961.7375288020704,1.2451137707094023e-10
961.8375288020704,1.4185746514828972e-10
961.9375288020705,1.6155768965214885e-10
962.0375288020705,1.8392270798864946e-10
962.1375288020705,2.0930295087271918e-10
962.2375288020705,2.380935497179237e-10
962.3375288020706,2.707398528255099e-10
962.4375288020706,3.0774359796792295e-10
962.5375288020706,3.496698163796181e-10
962.6375288020706,3.971545513583647e-10
962.7375288020706,4.5091348371915643e-10
962.8375288020707,5.117515663130317e-10
962.9375288020707,5.805737808144581e-10
963.0375288020707,6.583971420918811e-10
963.1375288020707,7.46364088813114e-10
963.2375288020708,8.45757413617048e-10
963.3375288020708,9.580169023318989e-10
963.4375288020708,1.0847578694754456e-09
963.5375288020708,1.2277917967833902e-09
963.6375288020708,1.3891493029405798e-09
963.7375288020709,1.5711056962109793e-09
963.8375288020709,1.7762093874674718e-09
963.9375288020709,2.0073134694166173e-09
964.0375288020709,2.267610798820481e-09
964.137528802071,2.5606729524779102e-09
964.237528802071,2.8904934649023017e-09
964.337528802071,3.2615357963028805e-09
964.437528802071,3.6787865239463026e-09
964.537528802071,4.147814298571041e-09
964.6375288020711,4.674835160602966e-09
964.7375288020711,5.266784868855243e-09
964.8375288020711,5.931398957598536e-09
964.9375288020711,6.67730130679768e-09
965.0375288020712,7.514102085400171e-09
965.1375288020712,8.452506009336984e-09
965.2375288020712,9.504431944899657e-09
965.3375288020712,1.0683144984972673e-08
965.4375288020713,1.2003402230849576e-08
965.5375288020713,1.3481613626710438e-08
965.6375288020713,1.5136019318003757e-08
965.7375288020713,1.6986885139713626e-08
965.8375288020713,1.905671798662156e-08
965.9375288020714,2.1370502976051818e-08
966.0375288020714,2.3955964485146016e-08
966.1375288020714,2.6843853330428428e-08
966.2375288020714,3.006826255834148e-08
966.3375288020715,3.366697453265718e-08
966.4375288020715,3.7681842239390293e-08
966.5375288020715,4.215920798328769e-08
966.6375288020715,4.715036292348287e-08
966.7375288020716,5.271205119086583e-08
966.8375288020716,5.8907022647621096e-08
966.9375288020716,6.580463869177633e-08
967.0375288020716,7.348153587813887e-08
967.1375288020716,8.202235252340363e-08
967.2375288020717,9.15205238893146e-08
967.3375288020717,1.0207915199548498e-07
967.4375288020717,1.138119566048258e-07
967.5375288020717,1.2684431445161348e-07
967.6375288020718,1.413143943472629e-07
967.7375288020718,1.5737439640416222e-07
967.8375288020718,1.7519190426588578e-07
967.9375288020718,1.9495135992525505e-07
968.0375288020718,2.16855671452682e-07
968.1375288020719,2.411279647487098e-07
968.2375288020719,2.6801349127953245e-07
968.3375288020719,2.977817046554196e-07
968.4375288020719,3.30728519872433e-07
968.537528802072,3.671787700607538e-07
968.637528802072,4.0748887667153794e-07
968.737528802072,4.5204975019183345e-07
968.837528802072,5.012899397070855e-07
968.937528802072,5.556790509366725e-07
969.0375288020721,6.157314537532877e-07
969.1375288020721,6.820103016654397e-07
969.2375288020721,7.551318872975571e-07
969.3375288020721,8.357703595480181e-07
969.4375288020722,9.246628298454217e-07
969.5375288020722,1.022614896761656e-06
969.6375288020722,1.1305066201804014e-06
969.7375288020722,1.2492989782654986e-06
969.8375288020723,1.3800408426290764e-06
969.9375288020723,1.5238765093677749e-06
970.0375288020723,1.6820538260211167e-06
970.1375288020723,1.855932957012052e-06
970.2375288020723,2.046995832759841e-06
970.3375288020724,2.2568563304129795e-06
970.4375288020724,2.4872712370376757e-06
970.5375288020724,2.740152049119172e-06
970.6375288020724,3.017577665390708e-06
970.7375288020725,3.3218080333015877e-06
970.8375288020725,3.6552988128731032e-06
970.9375288020725,4.020717125271179e-06
971.0375288020725,4.420958457148666e-06
971.1375288020726,4.859164795679716e-06
971.2375288020726,5.33874407322325e-06
971.3375288020726,5.863391004712983e-06
971.4375288020726,6.437109405176927e-06
971.5375288020726,7.064236079237688e-06
971.6375288020727,7.749466379035614e-06
971.7375288020727,8.497881531745982e-06
971.8375288020727,9.314977842725348e-06
971.9375288020727,1.0206697885317874e-05
972.0375288020728,1.1179463793471968e-05
972.1375288020728,1.2240212778556767e-05
972.2375288020728,1.339643499711776e-05
972.3375288020728,1.4656213901762862e-05
972.4375288020728,1.6028269212914236e-05
972.5375288020729,1.7522002654786902e-05
972.6375288020729,1.91475466046467e-05
972.7375288020729,2.0915815810148255e-05
972.8375288020729,2.2838562335336394e-05
972.937528802073,2.492843390170054e-05
973.037528802073,2.7199035796475584e-05
973.137528802073,2.966499652617062e-05
973.237528802073,3.2342037399048224e-05
973.337528802073,3.524704622595389e-05
973.4375288020731,3.839815533447556e-05
973.5375288020731,4.181482409687205e-05
973.6375288020731,4.5517926177514603e-05
973.7375288020731,4.952984171069993e-05
973.8375288020732,5.387455462459097e-05
973.9375288020732,5.8577755331676286e-05
974.0375288020732,6.366694901046998e-05
974.1375288020732,6.917156970717329e-05
974.2375288020733,7.512310048961819e-05
974.3375288020733,8.155519988899357e-05
974.4375288020733,8.850383486753555e-05
974.5375288020733,9.60074205525291e-05
974.6375288020733,0.00010410696697852675
974.7375288020734,0.00011284623308061874
974.8375288020734,0.00012227188818180853
974.9375288020734,0.0001324336812170006
975.0375288020734,0.0001433846179347474
975.1375288020735,0.0001551811463156335
975.2375288020735,0.00016788335044296693
975.3375288020735,0.00018155515305720574
975.4375288020735,0.00019626452702020968
975.5375288020736,0.00021208371590891265
975.6375288020736,0.00022908946395027235
975.7375288020736,0.00024736325550030327
975.8375288020736,0.0002669915642595741
975.9375288020736,0.00028806611240565327
976.0375288020737,0.0003106841398095741
976.1375288020737,0.0003349486834883475
976.2375288020737,0.0003609688674288615
976.3375288020737,0.00038886020290002516
976.4375288020738,0.0004187448993497429
976.5375288020738,0.0004507521859611241
976.6375288020738,0.00048501864391818276
976.7375288020738,0.0005216885494051311
976.8375288020738,0.0005609142273351107
976.9375288020739,0.0006028564157737938
977.0375288020739,0.0006476846409907216
977.1375288020739,0.0006955776030363506
977.2375288020739,0.0007467235717056851
977.337528802074,0.0008013207927098753
977.437528802074,0.0008595779038353244
977.537528802074,0.0009217143608256463
977.637528802074,0.0009879608726751762
977.737528802074,0.0010585598459737025
977.8375288020741,0.001133765837890634
977.9375288020741,0.001213846017332993
978.0375288020741,0.0012990806337553522
978.1375288020741,0.0013897634930412897
978.2375288020742,0.0014862024398150436
978.3375288020742,0.0015887198454789047
978.4375288020742,0.001697653101206567
978.5375288020742,0.0018133551150552735
978.6375288020743,0.0019361948122901436
978.7375288020743,0.002066557637942735
978.8375288020743,0.002204846060552928
978.9375288020743,0.0023514800759683635
979.0375288020743,0.002506897709999617
979.1375288020744,0.0026715555186518003
979.2375288020744,0.0028459290845746837
979.3375288020744,0.003030513508294026
979.4375288020744,0.0032258238927066877
979.5375288020745,0.00343239581924149
979.6375288020745,0.003650785814007131
979.7375288020745,0.0038815718021679387
979.8375288020745,0.0041253535487078994
979.9375288020746,0.004382753083664131
980.0375288020746,0.004654415109832489
980.1375288020746,0.004941007390871009
980.2375288020746,0.0052432211176516984
980.3375288020746,0.005561771250638123
980.4375288020747,0.005897396835995753
980.5375288020747,0.006250861293074343
980.6375288020747,0.00662295267083768
980.7375288020747,0.007014483870755314
980.8375288020748,0.0074262928336152004
980.9375288020748,0.007859242687664393
981.0375288020748,0.008314221855439029
981.1375288020748,0.008792144116604068
981.2375288020748,0.009293948624089077
981.3375288020749,0.00982059987077817
981.4375288020749,0.010373087603992057
981.5375288020749,0.010952426684986503
981.6375288020749,0.011559656890686738
981.737528802075,0.012195842654880865
981.837528802075,0.012862072746107608
981.937528802075,0.01355945987949592
982.037528802075,0.014289140259845732
982.137528802075,0.015052273053281403
982.2375288020751,0.015850039784862446
982.3375288020751,0.01668364365960028
982.4375288020751,0.017554308804405405
982.5375288020751,0.018463279428577208
982.6375288020752,0.01941181890054806
982.7375288020752,0.02040120873870605
982.8375288020752,0.021432747514245645
982.9375288020752,0.022507749664133322
983.0375288020753,0.023627544212426868
983.1375288020753,0.024793473398351272
983.2375288020753,0.026006891209711617
983.3375288020753,0.027269161820415465
983.4375288020753,0.028581657931080955
983.5375288020754,0.029945759011925227
983.6375288020754,0.031362849447359176
983.7375288020754,0.03283431658195833
983.8375288020754,0.03436154866773655
983.9375288020755,0.035945932712919675
984.0375288020755,0.03758885223269653
984.1375288020755,0.039291684902719115
984.2375288020755,0.041055800116427774
984.3375288020756,0.0428825564475925
984.4375288020756,0.044773299019786605
984.5375288020756,0.046729356784843634
984.6375288020756,0.04875203971269122
984.7375288020756,0.0508426358953065
984.8375288020757,0.05300240856789499
984.9375288020757,0.0552325930507586
985.0375288020757,0.05753439361568607
985.1375288020757,0.059908980281071424
985.2375288020758,0.062357485540340166
985.3375288020758,0.0648810010286387
985.4375288020758,0.06748057413311818
985.5375288020758,0.07015720455251845
985.6375288020758,0.07291184081212933
985.7375288020759,0.07574537674057441
985.8375288020759,0.07865864791522453
985.9375288020759,0.08165242808340269
986.0375288020759,0.08472742556688931
986.137528802076,0.0878842796575723
986.237528802076,0.0911235570124112
986.337528802076,0.09444574805619559
986.437528802076,0.09785126340087422
986.537528802076,0.10134043029051112
986.6375288020761,0.10491348908118528
986.7375288020761,0.10857058976539385
986.8375288020761,0.11231178855073759
986.9375288020761,0.11613704450286548
987.0375288020762,0.120046216262828
987.1375288020762,0.12403905884913641
987.2375288020762,0.12811522055494465
987.3375288020762,0.1322742399508618
987.4375288020763,0.13651554300396465
987.5375288020763,0.14083844032361073
987.6375288020763,0.14524212454464802
987.7375288020763,0.14972566785858527
987.8375288020763,0.1542880197032142
987.9375288020764,0.15892800462107246
988.0375288020764,0.16364432029699394
988.1375288020764,0.16843553578481743
988.2375288020764,0.17330008993310886
988.3375288020765,0.17823629001950309
988.4375288020765,0.1832423106029801
988.5375288020765,0.18831619260306615
988.6375288020765,0.19345584261458415
988.7375288020766,0.1986590324661779
988.8375288020766,0.20392339903039441
988.9375288020766,0.2092464442926363
989.0375288020766,0.21462553568578122
989.1375288020766,0.22005790669672393
989.2375288020767,0.22554065775051313
989.3375288020767,0.2310707573771445
989.4375288020767,0.23664504366542607
989.5375288020767,0.24226022600765762
989.6375288020768,0.24791288713816304
989.7375288020768,0.25359948546798533
989.8375288020768,0.2593163577172979
989.9375288020768,0.26505972184631
990.0375288020768,0.27082568028464604
990.1375288020769,0.276610223458362
990.2375288020769,0.28240923361292936
990.3375288020769,0.28821848892967517
990.4375288020769,0.2940336679323072
990.537528802077,0.2998503541792925
990.637528802077,0.30566404123698826
990.737528802077,0.3114701379275548
990.837528802077,0.31726397384480926
990.937528802077,0.3230408051303158
991.0375288020771,0.3287958205011502
991.1375288020771,0.3345241475199261
991.2375288020771,0.34022085909684285
991.3375288020771,0.34588098021269026
991.4375288020772,0.351499494850955
991.5375288020772,0.35707135312639476
991.6375288020772,0.36259147859670177
991.7375288020772,0.36805477574315504
991.8375288020773,0.3734561376054783
991.9375288020773,0.3787904535554658
992.0375288020773,0.3840526171933262
992.1375288020773,0.3892375343501223
992.2375288020773,0.39434013117915584
992.3375288020774,0.3993553623186586
992.4375288020774,0.4042782191077233
992.5375288020774,0.40910373783701426
992.6375288020774,0.4138270080154706
992.7375288020775,0.4184431806339351
992.8375288020775,0.42294747640641517
992.9375288020775,0.42733519396952324
993.0375288020775,0.4316017180205302
993.1375288020776,0.43574252737442254
993.2375288020776,0.43975320292036446
993.3375288020776,0.4436294354580402
993.4375288020776,0.4473670333944879
993.5375288020776,0.450961930282231
993.6375288020777,0.4544101921797738
993.7375288020777,0.4577080248158428
993.8375288020777,0.46085178053913906
993.9375288020777,0.4638379650358024
994.0375288020778,0.46666324379728713
994.1375288020778,0.46932444832190295
994.2375288020778,0.47181858203388577
994.3375288020778,0.4741428259045266
994.4375288020778,0.4762945437606038
994.5375288020779,0.478271287266128
994.6375288020779,0.480070800564226
994.7375288020779,0.48169102456684315
994.8375288020779,0.4831301008808492
994.937528802078,0.4843863753600669
995.037528802078,0.4854584012737223
995.137528802078,0.4863449420828195
995.237528802078,0.4870449738169824
995.337528802078,0.4875576870453691
995.4375288020781,0.4878824884363466
995.5375288020781,0.4880190019017205
995.6375288020781,0.48795058377639655
995.7375288020781,0.48764039447662455
995.8375288020782,0.4870875169819678
995.9375288020782,0.48629277724339315
996.0375288020782,0.48525736143717896
996.1375288020782,0.48398281301472695
996.2375288020783,0.4824710288686133
996.3375288020783,0.4807242546282094
996.4375288020783,0.4787450791012037
996.5375288020783,0.47653642788028294
996.6375288020784,0.47410155613707333
996.7375288020784,0.4714440406281839
996.8375288020784,0.4685677709408315
996.9375288020784,0.465476940008034
997.0375288020784,0.46217603392574186
997.1375288020785,0.45866982110651505
997.2375288020785,0.45496334080643813
997.3375288020785,0.45106189106389494
997.4375288020785,0.4469710160905844
997.5375288020786,0.4426964931567447
997.6375288020786,0.4382443190139605
997.7375288020786,0.43362069590015206
997.8375288020786,0.42883201717237895
997.9375288020786,0.42388485261393394
998.0375288020787,0.4187859334628577
998.1375288020787,0.4135421372094583
998.2375288020787,0.4081604722106866
998.3375288020787,0.4026480621692872
998.4375288020788,0.397012130525529
998.5375288020788,0.39125998480900726
998.6375288020788,0.3853990009975227
998.7375288020788,0.37943660792936945
998.8375288020789,0.37338027181451877
998.9375288020789,0.3672374808891763
999.0375288020789,0.36101573025701367
999.1375288020789,0.3547225069590508
999.2375288020789,0.3483652753126946
999.337528802079,0.34195146255883246
999.437528802079,0.33548844485414375
999.537528802079,0.32898353364394617
999.637528802079,0.3224439624489339
999.737528802079,0.31587687409711435
999.8375288020791,0.30928930843011215
999.9375288020791,0.3026881905108006
1000.0375288020791,0.2960803193569442
1000.1375288020791,0.2894723572232163
1000.2375288020792,0.28287081945158676
1000.3375288020792,0.27628206490768764
1000.4375288020792,0.269712287018351
1000.5375288020792,0.26316750542309975
1000.6375288020793,0.2566535582499615
1000.7375288020793,0.250176095023578
1000.8375288020793,0.24374057021121515
1000.9375288020793,0.23735223740994257
1001.0375288020794,0.23101614417596117
1001.1375288020794,0.2247371274948241
1001.2375288020794,0.21851980988911981
1001.3375288020794,0.2123685961580857
1001.4375288020794,0.2062876707415941
1001.5375288020795,0.20028099569901317
1001.6375288020795,0.1943523092915945
1001.7375288020795,0.18850512515528872
1001.8375288020795,0.18274273204923666
1001.9375288020796,0.17706819416364075
1002.0375288020796,0.17148435196928502
1002.1375288020796,0.16599382358964895
1002.2375288020796,0.16059900667535454
1002.3375288020796,0.155302080759593
1002.4375288020797,0.15010501007220883
1002.5375288020797,0.14500954678926067
1002.6375288020797,0.14001723469414826
1002.7375288020797,0.13512941322577304
1002.8375288020798,0.13034722188870368
1002.9375288020798,0.12567160499992897
1003.0375288020798,0.12110331674651088
1003.1375288020798,0.11664292652828627
1003.2375288020799,0.1122908245597109
1003.3375288020799,0.10804722770498751
1003.4375288020799,0.10391218552076685
1003.5375288020799,0.09988558648095246
1003.6375288020799,0.09596716435847417
1003.73752880208,0.0921565047393131
1003.83752880208,0.0884530516445601
1003.93752880208,0.08485611423686547
1004.03752880208,0.08136487358828019
1004.13752880208,0.07797838948719969
1004.2375288020801,0.07469560726288675
1004.3375288020801,0.07151536460687116
1004.4375288020801,0.06843639837139055
1004.5375288020801,0.0654573513259453
1004.6375288020802,0.06257677885398452
1004.7375288020802,0.05979315557271424
1004.8375288020802,0.05710488186001671
1004.9375288020802,0.05451029027348851
1005.0375288020803,0.05200765184763418
1005.1375288020803,0.04959518225629364
