959.83752880207,1.557852231092461
959.93752880207,1.5615865059449716
960.03752880207,1.565430961875156
960.13752880207,1.5693870912322
960.2375288020701,1.5734563222956366
960.3375288020701,1.5776400147257994
960.4375288020701,1.5819394549644605
960.5375288020701,1.586355851593796
960.6375288020702,1.5908903306622215
960.7375288020702,1.5955439309860575
960.8375288020702,1.6003175994363759
960.9375288020702,1.605212186220759
961.0375288020703,1.6102284401700746
961.1375288020703,1.6153670040407242
961.2375288020703,1.6206284098431487
961.3375288020703,1.6260130742077015
961.4375288020703,1.6315212937992873
961.5375288020704,1.637153240792435
961.6375288020704,1.6429089584187224
961.7375288020704,1.6487883565986965
961.8375288020704,1.6547912076706102
961.9375288020705,1.6609171422284792
962.0375288020705,1.6671656450820824
962.1375288020705,1.6735360513516322
962.2375288020705,1.6800275427099114
962.3375288020706,1.6866391437847013
962.4375288020706,1.6933697187343226
962.5375288020706,1.700217968009069
962.6375288020706,1.707182425311232
962.7375288020706,1.7142614547662984
962.8375288020707,1.7214532483177412
962.9375288020707,1.7287558233576203
963.0375288020707,1.73616702060498
963.1375288020707,1.7436845022437288
963.2375288020708,1.7513057503313847
963.3375288020708,1.7590280654896762
963.4375288020708,1.7668485658876052
963.5375288020708,1.7747641865271064
963.6375288020708,1.7827716788409602
963.7375288020709,1.7908676106120693
963.8375288020709,1.7990483662226475
963.9375288020709,1.8073101472412436
964.0375288020709,1.8156489733548795
964.137528802071,1.8240606836528859
964.237528802071,1.8325409382682953
964.337528802071,1.84108522038189
964.437528802071,1.849688838593206
964.537528802071,1.858346929661975
964.6375288020711,1.8670544616226223
964.7375288020711,1.8758062372735613
964.8375288020711,1.8845968980421197
964.9375288020711,1.8934209282249934
965.0375288020712,1.9022726596031871
965.1375288020712,1.9111462764294176
965.2375288020712,1.9200358207849848
965.3375288020712,1.9289351983021146
965.4375288020713,1.9378381842467773
965.5375288020713,1.9467384299559705
965.6375288020713,1.955629469622452
965.7375288020713,1.9645047274188894
965.8375288020713,1.973357524952385
965.9375288020714,1.982181089039342
966.0375288020714,1.9909685597896396
966.1375288020714,1.9997129989881093
966.2375288020714,2.0084073987603546
966.3375288020715,2.0170446905090063
966.4375288020715,2.0256177541056006
966.5375288020715,2.0341194273223784
966.6375288020715,2.0425425154874457
966.7375288020716,2.0508798013459235
966.8375288020716,2.059124055108916
966.9375288020716,2.067268044671401
967.0375288020716,2.0753045459794306
967.1375288020716,2.083226353526386
967.2375288020717,2.091026290957422
967.3375288020717,2.0986972217606876
967.4375288020717,2.106232060023406
967.5375288020717,2.1136237812304564
967.6375288020718,2.1208654330827215
967.7375288020718,2.1279501463121386
967.8375288020718,2.1348711454701257
967.9375288020718,2.1416217596658775
968.0375288020718,2.1481954332308675
968.1375288020719,2.1545857362858603
968.2375288020719,2.160786375186709
968.3375288020719,2.1667912028253147
968.4375288020719,2.17259422876224
968.537528802072,2.178189629167698
968.637528802072,2.1835717565478996
968.737528802072,2.1887351492340987
968.837528802072,2.1936745406120846
968.937528802072,2.198384868070355
969.0375288020721,2.202861281645747
969.1375288020721,2.207099152345919
969.2375288020721,2.211094080128748
969.3375288020721,2.2148419015194554
969.4375288020722,2.2183386968470473
969.5375288020722,2.221580797082546
969.6375288020722,2.2245647902623578
969.7375288020722,2.227287527481117
969.8375288020723,2.229746128439341
969.9375288020723,2.23193798653229
970.0375288020723,2.2338607734675278
970.1375288020723,2.2355124433998297
970.2375288020723,2.236891236573238
970.3375288020724,2.2379956824613045
970.4375288020724,2.238824602397775
970.5375288020724,2.239377111691246
970.6375288020724,2.2396526212186103
970.7375288020725,2.2396241328471502
970.8375288020725,2.239136261339556
970.9375288020725,2.2381647772874382
971.0375288020725,2.2367115008609244
971.1375288020726,2.2347791506148376
971.2375288020726,2.232371335056096
971.3375288020726,2.229492541459677
971.4375288020726,2.2261481219819887
971.5375288020726,2.2223442771321236
971.6375288020727,2.218088036672807
971.7375288020727,2.213387238033755
971.8375288020727,2.208250502330625
971.9375288020727,2.2026872080926783
972.0375288020728,2.1967074628116556
972.1375288020728,2.1903220724331276
972.2375288020728,2.1835425089196674
972.3375288020728,2.1763808760225993
972.4375288020728,2.168849873405736
972.5375288020729,2.160962759270379
972.6375288020729,2.1527333116359926
972.7375288020729,2.144175788435187
972.8375288020729,2.1353048865851374
972.937528802073,2.1261357002001273
973.037528802073,2.116683678111703
973.137528802073,2.1069645808637905
973.237528802073,2.0969944373502396
973.337528802073,2.086789501261471
973.4375288020731,2.07636620750534
973.5375288020731,2.065741128764966
973.6375288020731,2.054930932353137
973.7375288020731,2.043952337519033
973.8375288020732,2.0328220733584272
973.9375288020732,2.021556837473283
974.0375288020732,2.0101732555208005
974.1375288020732,1.9986878417854976
974.2375288020733,1.9871169609009423
974.3375288020733,1.9754767908402568
974.4375288020733,1.963783287286623
974.5375288020733,1.9520521494867125
974.6375288020733,1.940298787681356
974.7375288020734,1.9285382921988607
974.8375288020734,1.916785404287287
974.9375288020734,1.905054488752711
975.0375288020734,1.8933595084611285
975.1375288020735,1.8817140007522153
975.2375288020735,1.8701310558037303
975.3375288020735,1.8586232969759753
975.4375288020735,1.8472028631564348
975.5375288020736,1.835881393115613
975.6375288020736,1.8246700118761465
975.7375288020736,1.813579319088596
975.8375288020736,1.802619379398914
975.9375288020736,1.791799714784509
976.0375288020737,1.7811292988281011
976.1375288020737,1.7706165528912234
976.2375288020737,1.7602693441423103
976.3375288020737,1.7500949853878218
976.4375288020738,1.7401002366488436
976.5375288020738,1.7302913084200553
976.6375288020738,1.7206738665429189
976.7375288020738,1.7112530386203972
976.8375288020738,1.7020334218964803
976.9375288020739,1.6930190925202855
977.0375288020739,1.6842136161115056
977.1375288020739,1.6756200595414867
977.2375288020739,1.6672410038422505
977.337528802074,1.6590785581542964
977.437528802074,1.6511343746230316
977.537528802074,1.6434096641531672
977.637528802074,1.635905212930361
977.737528802074,1.62862139961977
977.8375288020741,1.621558213151991
977.9375288020741,1.6147152710080497
978.0375288020741,1.6080918379166977
978.1375288020741,1.6016868448791777
978.2375288020742,1.5954989084388829
978.3375288020742,1.589526350115865
978.4375288020742,1.5837672159289675
978.5375288020742,1.5782192959314056
978.6375288020743,1.5728801436888848
978.7375288020743,1.5677470956327941
978.8375288020743,1.5628172902246225
978.9375288020743,1.55808768687148
979.0375288020743,1.553555084536442
979.1375288020744,1.549216139991353
979.2375288020744,1.5450673856636907
979.3375288020744,1.5411052470330768
979.4375288020744,1.5373260595370277
979.5375288020745,1.5337260849494985
979.6375288020745,1.5303015271997176
979.7375288020745,1.527048547602683
979.8375288020745,1.523963279476481
979.9375288020746,1.5210418421253007
980.0375288020746,1.5182803541705974
980.1375288020746,1.5156749462163381
980.2375288020746,1.5132217728375832
980.3375288020746,1.5109170238848557
980.4375288020747,1.508756935099771
980.5375288020747,1.5067377980402745
980.6375288020747,1.5048559693165307
980.7375288020747,1.5031078791410326
980.8375288020748,1.5014900391988502
980.9375288020748,1.4999990498461075
981.0375288020748,1.4986316066467629
981.1375288020748,1.4973845062595854
981.2375288020748,1.4962546516888502
981.3375288020749,1.4952390569137344
981.4375288020749,1.4943348509126844
981.5375288020749,1.4935392811001502
981.6375288020749,1.4928497161940344
981.737528802075,1.4922636485330192
981.837528802075,1.4917786958635817
981.937528802075,1.4913926026170303
982.037528802075,1.4911032406972715
982.137528802075,1.4909086098002742
982.2375288020751,1.4908068372863372
982.3375288020751,1.4907961776262935
982.4375288020751,1.490875011442716
982.5375288020751,1.491041844167024
982.6375288020752,1.4912953043331505
982.7375288020752,1.491634141528106
982.8375288020752,1.4920572240193928
982.9375288020752,1.4925635360787861
983.0375288020753,1.493152175021505
983.1375288020753,1.4938223479792674
983.2375288020753,1.494573368425165
983.3375288020753,1.4954046524677023
983.4375288020753,1.49631571493074
983.5375288020754,1.4973061652354638
983.6375288020754,1.4983757030998825
983.7375288020754,1.4995241140707292
983.8375288020754,1.5007512649020283
983.9375288020755,1.502057098793985
984.0375288020755,1.5034416305052611
984.1375288020755,1.5049049413511346
984.2375288020755,1.5064471740994843
984.3375288020756,1.5080685277760304
984.4375288020756,1.5097692523897563
984.5375288020756,1.5115496435889837
984.6375288020756,1.513410037258136
984.7375288020756,1.515350804064837
984.8375288020757,1.517372343966621
984.9375288020757,1.5194750806862145
985.0375288020757,1.521659456164054
985.1375288020757,1.523925924996453
985.2375288020758,1.5262749488676122
985.3375288020758,1.5287069909834796
985.4375288020758,1.5312225105153228
985.5375288020758,1.533821957060747
985.6375288020758,1.536505765129812
985.7375288020759,1.5392743486638358
985.8375288020759,1.5421280955944394
985.9375288020759,1.5450673624503783
986.0375288020759,1.5480924690197202
986.137528802076,1.5512036930749549
986.237528802076,1.5544012651686772
986.337528802076,1.557685363507541
986.437528802076,1.5610561089122597
986.537528802076,1.5645135598715119
986.6375288020761,1.5680577076976923
986.7375288020761,1.5716884717925508
986.8375288020761,1.5754056950308424
986.9375288020761,1.5792091392702035
987.0375288020762,1.5830984809955542
987.1375288020762,1.587073307106398
987.2375288020762,1.5911331108554518
987.3375288020762,1.5952772879470902
987.4375288020763,1.5995051328041223
987.5375288020763,1.603815835011429
987.6375288020763,1.608208475944987
987.7375288020763,1.6126820255947714
987.8375288020763,1.6172353395899781
987.9375288020764,1.6218671564349236
988.0375288020764,1.6265760949638686
988.1375288020764,1.6313606520228738
988.2375288020764,1.6362192003866238
988.3375288020765,1.64114998691795
988.4375288020765,1.646151130977545
988.5375288020765,1.6512206230910949
988.6375288020765,1.6563563238807384
988.7375288020766,1.6615559632674306
988.8375288020766,1.666817139950402
988.9375288020766,1.6721373211695005
989.0375288020766,1.677513842755745
989.1375288020766,1.6829439094749459
989.2375288020767,1.6884245956687234
989.3375288020767,1.6939528461967095
989.4375288020767,1.6995254776831352
989.5375288020767,1.7051391800703868
989.6375288020768,1.7107905184814798
989.7375288020768,1.7164759353927184
989.8375288020768,1.7221917531171194
989.9375288020768,1.7279341765984475
990.0375288020768,1.7336992965149762
990.1375288020769,1.739483092691311
990.2375288020769,1.7452814378158388
990.3375288020769,1.7510901014605662
990.4375288020769,1.7569047543992997
990.537528802077,1.7627209732192985
990.637528802077,1.7685342452207105
990.737528802077,1.7743399735972636
990.837528802077,1.7801334828908584
990.937528802077,1.785910024711875
991.0375288020771,1.7916647837161888
991.1375288020771,1.797392883829063
991.2375288020771,1.8030893947053
991.3375288020771,1.8087493384142233
991.4375288020772,1.8143676963373099
991.5375288020772,1.8199394162655333
991.6375288020772,1.825459419682757
991.7375288020772,1.830922609220816
991.8375288020773,1.8363238762712715
991.9375288020773,1.8416581087381712
992.0375288020773,1.8469201989155708
992.1375288020773,1.8521050514730053
992.2375288020773,1.8572075915315902
992.3375288020774,1.8622227728129574
992.4375288020774,1.8671455858428154
992.5375288020774,1.8719710661905458
992.6375288020774,1.8766943027259269
992.7375288020775,1.8813104458738108
992.8375288020775,1.8858147158473588
992.9375288020775,1.8902024108402942
993.0375288020775,1.8944689151585234
993.1375288020776,1.89860970727144
993.2375288020776,1.9026203677632467
993.3375288020776,1.906496587164709
993.4375288020776,1.9102341736458928
993.5375288020776,1.9138290605506474
993.6375288020777,1.9172773137538488
993.7375288020777,1.920575138822747
993.8375288020777,1.9237188879641447
993.9375288020777,1.9267050667395744
994.0375288020778,1.9295303405311421
994.1375288020778,1.9321915407412666
994.2375288020778,1.9346856707101523
994.3375288020778,1.937009911335501
994.4375288020778,1.9391616263796927
994.5375288020779,1.9411383674504197
994.6375288020779,1.9429378786415916
994.7375288020779,1.944558100822172
994.8375288020779,1.9459971755615189
994.937528802078,1.9472534486807414
995.037528802078,1.9483254734205542
995.137528802078,1.9492120132171304
995.237528802078,1.9499120440784832
995.337528802078,1.9504247565549746
995.4375288020781,1.9507495572986353
995.5375288020781,1.9508860702070823
995.6375288020781,1.9508176516029063
995.7375288020781,1.9505074618916751
995.8375288020782,1.9499545840436938
995.9375288020782,1.9491598440019091
996.0375288020782,1.948124427935658
996.1375288020782,1.9468498792903375
996.2375288020783,1.945338094953333
996.3375288020783,1.9435913205495323
996.4375288020783,1.9416121448827535
996.5375288020783,1.9394034935423439
996.6375288020784,1.9369686216970514
996.7375288020784,1.934311106101005
996.8375288020784,1.931434836339287
996.9375288020784,1.9283440053430785
997.0375288020784,1.9250430992067504
997.1375288020785,1.9215368863415065
997.2375288020785,1.917830406002266
997.3375288020785,1.9139289562264135
997.4375288020785,1.9098380812247906
997.5375288020786,1.9055635582669015
997.6375288020786,1.901111384103702
997.7375288020786,1.896487760972574
997.8375288020786,1.8916990822301174
997.9375288020786,1.8867519176592313
998.0375288020787,1.881652998497621
998.1375288020787,1.8764092022353076
998.2375288020787,1.871027537228998
998.3375288020787,1.865515127181228
998.4375288020788,1.8598791955320892
998.5375288020788,1.8541270498110263
998.6375288020788,1.8482660659957113
998.7375288020788,1.842303672924329
998.8375288020789,1.836247336806758
998.9375288020789,1.8301045458791254
999.0375288020789,1.823882795245036
999.1375288020789,1.8175895719454531
999.2375288020789,1.8112323402977355
999.337528802079,1.8048185275427302
999.437528802079,1.7983555098370823
999.537528802079,1.79185059862608
999.637528802079,1.7853110274303934
999.737528802079,1.7787439390780089
999.8375288020791,1.772156373410534
999.9375288020791,1.7655552554908267
1000.0375288020791,1.7589473843366397
1000.1375288020791,1.7523394222026354
1000.2375288020792,1.7457378844307752
1000.3375288020792,1.7391491298866835
1000.4375288020792,1.7325793519971864
1000.5375288020792,1.7260345704018014
1000.6375288020793,1.7195206232285516
1000.7375288020793,1.7130431600020755
1000.8375288020793,1.7066076351896355
1000.9375288020793,1.7002193023882988
1001.0375288020794,1.6938832091542642
1001.1375288020794,1.687604192473083
1001.2375288020794,1.681386874867342
1001.3375288020794,1.6752356611362773
1001.4375288020794,1.6691547357197605
1001.5375288020795,1.6631480606771587
1001.6375288020795,1.6572193742697228
1001.7375288020795,1.6513721901334026
1001.8375288020795,1.645609797027339
1001.9375288020796,1.6399352591417333
1002.0375288020796,1.6343514169473694
1002.1375288020796,1.6288608885677267
1002.2375288020796,1.6234660716534268
1002.3375288020796,1.6181691457376608
1002.4375288020797,1.612972075050273
1002.5375288020797,1.6078766117673218
1002.6375288020797,1.6028842996722068
1002.7375288020797,1.5979964782038294
1002.8375288020798,1.5932142868667585
1002.9375288020798,1.5885386699779822
1003.0375288020798,1.5839703817245632
1003.1375288020798,1.5795099915063375
1003.2375288020799,1.5751578895377614
1003.3375288020799,1.5709142926830373
1003.4375288020799,1.5667792504988163
1003.5375288020799,1.5627526514590013
1003.6375288020799,1.5588342293365227
1003.73752880208,1.5550235697173613
1003.83752880208,1.5513201166226083
1003.93752880208,1.5477231792149133
1004.03752880208,1.544231938566328
1004.13752880208,1.5408454544652472
1004.2375288020801,1.5375626722409343
1004.3375288020801,1.5343824295849187
1004.4375288020801,1.531303463349438
1004.5375288020801,1.5283244163039926
1004.6375288020802,1.5254438438320317
1004.7375288020802,1.5226602205507616
1004.8375288020802,1.519971946838064
1004.9375288020802,1.5173773552515357
1005.0375288020803,1.5148747168256813
1005.1375288020803,1.5124622472343408
