959.83752880207,0.09498516610470596
959.93752880207,0.09871944095578275
960.03752880207,0.10256389688432664
960.13752880207,0.10652002623949379
960.2375288020701,0.11058925730078474
960.3375288020701,0.114772949728495
960.4375288020701,0.11907238996435446
960.5375288020701,0.12348878659049041
960.6375288020702,0.12802326565526326
960.7375288020702,0.13267686597493136
960.8375288020702,0.1374505344204956
960.9375288020702,0.1423451211994578
961.0375288020703,0.1473613751425953
961.1375288020703,0.15249993900620587
961.2375288020703,0.15776134480061374
961.3375288020703,0.16314600915604058
961.4375288020703,0.16865422873724145
961.5375288020704,0.17428617571857585
961.6375288020704,0.1800418933314313
961.7375288020704,0.18592129149613815
961.8375288020704,0.19192414255070567
961.9375288020705,0.19805007708887448
962.0375288020705,0.20429857992011272
962.1375288020705,0.2106689861642822
962.2375288020705,0.21716047749377082
962.3375288020706,0.2237720785359144
962.4375288020706,0.23050265344853196
962.5375288020706,0.23735090268135203
962.6375288020706,0.24431535993603024
962.7375288020706,0.25139438933733793
962.8375288020707,0.25858618282794255
962.9375288020707,0.26588875779899956
963.0375288020707,0.27329995496853565
963.1375288020707,0.28081743651931773
963.2375288020708,0.2884386845075802
963.3375288020708,0.2961609995536123
963.4375288020708,0.3039814998248002
963.5375288020708,0.31189712032126765
963.6375288020708,0.3199046124737638
963.7375288020709,0.32800054406291657
963.8375288020709,0.33618129946839104
963.9375288020709,0.344443080255883
964.0375288020709,0.35278190610922155
964.137528802071,0.36119361611416584
964.237528802071,0.3696738703997549
964.337528802071,0.37821815214230703
964.437528802071,0.3868217699363723
964.537528802071,0.3954798605361136
964.6375288020711,0.4041873919697401
964.7375288020711,0.41293916702872946
964.8375288020711,0.4217298271326736
964.9375288020711,0.43055385656964507
965.0375288020712,0.439405587111038
965.1375288020712,0.4482792029988645
965.2375288020712,0.45716874630250565
965.3375288020712,0.46606812264092257
965.4375288020713,0.474971107265328
965.5375288020713,0.4838713514963097
965.6375288020713,0.49276238950838575
965.7375288020713,0.5016376454539572
965.8375288020713,0.5104904409176199
965.9375288020714,0.5193140026907921
966.0375288020714,0.528101470855628
966.1375288020714,0.5368459071662088
966.2375288020714,0.5455403037140449
966.3375288020715,0.5541775918639847
966.4375288020715,0.5627506514457116
966.5375288020715,0.5712523201851233
966.6375288020715,0.5796754033590358
966.7375288020716,0.5880126836558252
966.8375288020716,0.5962569312238462
966.9375288020716,0.6044009138887153
967.0375288020716,0.6124374075198479
967.1375288020716,0.6203592065259864
967.2375288020717,0.628159134458851
967.3375288020717,0.6358300547034884
967.4375288020717,0.6433648812334023
967.5375288020717,0.6507565894080947
967.6375288020718,0.6579982267902802
967.7375288020718,0.665082923959695
967.8375288020718,0.6720039053001744
967.9375288020718,0.6787544997364703
968.0375288020718,0.685328151397149
968.1375288020719,0.6917184301798485
968.2375288020719,0.6979190421951708
968.3375288020719,0.7039238400655629
968.4375288020719,0.709726833055673
968.537528802072,0.715322197010881
968.637528802072,0.720704284080976
968.737528802072,0.7258676322063015
968.837528802072,0.7308069743440978
968.937528802072,0.735517247413257
969.0375288020721,0.7399936009362463
969.1375288020721,0.7442314053575703
969.2375288020721,0.748226260018814
969.3375288020721,0.7519740007710486
969.4375288020722,0.7554707072061704
969.5375288020722,0.7587127094896021
969.6375288020722,0.7616965947776903
969.7375288020722,0.7644192132040916
969.8375288020723,0.7668776834204514
969.9375288020723,0.7690693976777333
970.0375288020723,0.7709920264356547
970.1375288020723,0.7726435224888255
970.2375288020723,0.774022124599358
970.3375288020724,0.775126360626927
970.4375288020724,0.7759550501484909
970.5375288020724,0.77650730656115
970.6375288020724,0.7767825386628976
970.7375288020725,0.7767537460610698
970.8375288020725,0.7762655410626961
970.9375288020725,0.775293691592266
971.0375288020725,0.7738400149244202
971.1375288020726,0.7719072264719951
971.2375288020726,0.7694989313339756
971.3375288020726,0.7666196130906253
971.4375288020726,0.7632746198945365
971.5375288020726,0.7594701479179972
971.6375288020727,0.7552132222283807
971.7375288020727,0.7505116751741762
971.8375288020727,0.7453741223747353
971.9375288020727,0.7398099364167456
972.0375288020728,0.733829218369815
972.1375288020728,0.7274427672423021
972.2375288020728,0.720662047506623
972.3375288020728,0.7134991548306507
972.4375288020728,0.7059667801584759
972.5375288020729,0.6980781722896772
972.6375288020729,0.6898470991113408
972.7375288020729,0.68128780764133
972.8375288020729,0.6724149830447548
972.937528802073,0.6632437067881787
973.037528802073,0.6537894140978595
973.137528802073,0.6440678508892171
973.237528802073,0.6340950303347935
973.337528802073,0.6238871892371981
973.4375288020731,0.6134607443719586
973.5375288020731,0.602832248962822
973.6375288020731,0.5920183494489125
973.7375288020731,0.5810357426992755
973.8375288020732,0.5699011338257556
973.9375288020732,0.5586311947399044
974.0375288020732,0.5472425235937428
974.1375288020732,0.5357516052377432
974.2375288020733,0.5241747728224054
974.3375288020733,0.5125281706623207
974.4375288020733,0.5008277184737083
974.5375288020733,0.4890890770881129
974.6375288020733,0.4773276157363304
974.7375288020734,0.46555838098773306
974.8375288020734,0.453796067421058
974.9375288020734,0.44205499009344684
975.0375288020734,0.43034905886514674
975.1375288020735,0.41869175462785246
975.2375288020735,0.4070961074752402
975.3375288020735,0.3955746768448709
975.4375288020735,0.3841395336513675
975.5375288020736,0.372802244421657
975.6375288020736,0.36157385743414916
975.7375288020736,0.3504648908550486
975.8375288020736,0.3394853228566074
975.9375288020736,0.3286445836940564
976.0375288020737,0.3179515497102444
976.1375288020737,0.3074145392296879
976.2375288020737,0.2970413102968342
976.3375288020737,0.2868390602068748
976.4375288020738,0.2768144267714469
976.5375288020738,0.266973491256047
976.6375288020738,0.25732178292095353
976.7375288020738,0.24786428509294514
976.8375288020738,0.23860544269109818
976.9375288020739,0.22954917112646464
977.0375288020739,0.22069886649246773
977.1375288020739,0.2120574169604032
977.2375288020739,0.2036272152924978
977.337528802074,0.19541017238353953
977.437528802074,0.18740773174114925
977.537528802074,0.17962088481429464
977.637528802074,0.1720501870796387
977.737528802074,0.16469577479574934
977.8375288020741,0.1575573823360532
977.9375288020741,0.15063436001266964
978.0375288020741,0.1439256923048952
978.1375288020741,0.13743001640808936
978.2375288020742,0.13114564102102078
978.3375288020742,0.125070565292339
978.4375288020742,0.11920249784971379
978.5375288020742,0.11353887583830334
978.6375288020743,0.10807688389854772
978.7375288020743,0.10281347301680431
978.8375288020743,0.09774537918602254
978.9375288020743,0.09286914181746457
979.0375288020743,0.08818112184839531
979.1375288020744,0.08367751949465434
979.2375288020744,0.079354391601069
979.3375288020744,0.07520766854673573
979.4375288020744,0.07123317066627396
979.5375288020745,0.06742662415220983
979.6375288020745,0.06378367640766339
979.7375288020745,0.06029991082246789
979.8375288020745,0.05697086094972601
979.9375288020746,0.05379202406358938
980.0375288020746,0.050758874082717814
980.1375288020746,0.04786687384741996
980.2375288020746,0.04511148674188443
980.3375288020746,0.04248818765617052
980.4375288020747,0.03999247328572817
980.5375288020747,0.037619871769153115
980.6375288020747,0.03536595166764599
980.7375288020747,0.03322633029223013
980.8375288020748,0.031196681387187945
980.9375288020748,0.029272742180396095
981.0375288020748,0.027450319813276735
981.1375288020748,0.025725297164934238
981.2375288020748,0.02409363808671411
981.3375288020749,0.022551392064909095
981.4375288020749,0.02109469833064531
981.5375288020749,0.01971978943711664
981.6375288020749,0.018422994325300684
981.737528802075,0.017200740900091337
981.837528802075,0.016049558139427107
981.937528802075,0.014966077759487424
982.037528802075,0.013947035459378762
982.137528802075,0.012989271768945725
982.2375288020751,0.01208973252342763
982.3375288020751,0.011245468988646196
982.4375288020751,0.01045363766026346
982.5375288020751,0.009711499760399636
982.6375288020752,0.009016420454555389
982.7375288020752,0.00836586781135279
982.8375288020752,0.007757411527099946
982.9375288020752,0.0071887214366057415
983.0375288020753,0.00665756583103106
983.1375288020753,0.006161809602868976
983.2375288020753,0.005699412237406235
983.3375288020753,0.005268425669239802
983.4375288020753,0.004866992021611877
983.5375288020754,0.004493341245491404
983.6375288020754,0.004145788674476232
983.7375288020754,0.003822732510723828
983.8375288020754,0.0035226512562447163
983.9375288020755,0.0032441011030181956
984.0375288020755,0.00298571329451762
984.1375288020755,0.0027461914703684363
984.2375288020755,0.0025243090050094973
984.3375288020756,0.0023189063503908616
984.4375288020756,0.0021288883919227167
984.5375288020756,0.001953221826092916
984.6375288020756,0.0017909325673976899
984.7375288020756,0.0016411031914834214
984.8375288020757,0.0015028704206789022
984.9375288020757,0.001375422657408718
985.0375288020757,0.001257997570320704
985.1375288020757,0.001149879737334474
985.2375288020758,0.0010503983492248434
985.3375288020758,0.0009589249767937748
985.4375288020758,0.0008748714041574437
985.5375288020758,0.0007976875301813478
985.6375288020758,0.0007268593396356021
985.7375288020759,0.0006619069452144282
985.8375288020759,0.0006023827011678047
985.9375288020759,0.0005478693889285229
986.0375288020759,0.0004979784747837196
986.137528802076,0.0004523484393354517
986.237528802076,0.000410643178218887
986.337528802076,0.0003725504732982393
986.437528802076,0.00033778053333845406
986.537528802076,0.00030606460295360473
986.6375288020761,0.00027715363845981066
986.7375288020761,0.0002508170491099008
986.8375288020761,0.00022684150205773767
986.9375288020761,0.00020502978929080483
987.0375288020762,0.00018519975467902203
987.1375288020762,0.0001671832792145277
987.2375288020762,0.00015082532246005987
987.3375288020762,0.00013598301818136706
987.4375288020763,0.00012252482211055847
987.5375288020763,0.00011032970977127786
987.6375288020763,9.928642229195017e-05
987.7375288020763,8.929275813899173e-05
987.8375288020763,8.025490871674025e-05
987.9375288020764,7.208683580399614e-05
988.0375288020764,6.470968882747594e-05
988.1375288020764,5.8051260009298045e-05
988.2375288020764,5.204547546800786e-05
988.3375288020765,4.663192039979701e-05
988.4375288020765,4.175539651775945e-05
988.5375288020765,3.736550998156288e-05
988.6375288020765,3.3416288107156655e-05
988.7375288020766,2.986582320551612e-05
988.8375288020766,2.6675941960383e-05
988.9375288020766,2.381189881702685e-05
989.0375288020766,2.1242091916769946e-05
989.1375288020766,1.893780017498575e-05
989.2375288020767,1.6872940163143525e-05
989.3375288020767,1.5023841517899345e-05
989.4375288020767,1.3369039661948618e-05
989.5375288020767,1.1889084682103454e-05
989.6375288020768,1.0566365269624782e-05
989.7375288020768,9.384946686036261e-06
989.8375288020768,8.330421774318089e-06
989.9375288020768,7.389774090391338e-06
990.0375288020768,6.5512522830505375e-06
990.1375288020769,5.804254901898621e-06
990.2375288020769,5.139224862320559e-06
990.3375288020769,4.5475528440514885e-06
990.4375288020769,4.021488945426226e-06
990.537528802077,3.5540619589217525e-06
990.637528802077,3.1390056751238086e-06
990.737528802077,2.770691661773885e-06
990.837528802077,2.4440680021040273e-06
990.937528802077,2.1546035122756e-06
991.0375288020771,1.8982369914422682e-06
991.1375288020771,1.6713310898018679e-06
991.2375288020771,1.4706304100377941e-06
991.3375288020771,1.293223485832568e-06
991.4375288020772,1.136508307723962e-06
991.5375288020772,9.981610915290452e-07
991.6375288020772,8.761080079479309e-07
991.7375288020772,7.684996138424492e-07
991.8375288020773,6.736877461317521e-07
991.9375288020773,5.902046583240085e-07
992.0375288020773,5.167441974772093e-07
992.1375288020773,4.521448359192453e-07
992.2375288020773,3.953743874226334e-07
992.3375288020774,3.455162517869938e-07
992.4375288020774,3.0175704499495094e-07
992.5375288020774,2.633754843355604e-07
992.6375288020774,2.2973240919263198e-07
992.7375288020775,2.002618286304961e-07
992.8375288020775,1.7446289653165088e-07
992.9375288020775,1.5189272390215269e-07
993.0375288020775,1.321599461118506e-07
993.1375288020776,1.1491897032585119e-07
993.2375288020776,9.986483525667241e-08
993.3375288020776,8.672862166692926e-08
993.4375288020776,7.527335782130316e-08
993.5375288020776,6.529036936289638e-08
993.6375288020777,5.65960279096333e-08
993.7375288020777,4.902885706570676e-08
993.8375288020777,4.24469585536414e-08
993.9375288020777,3.672572482483768e-08
994.0375288020778,3.175580782894297e-08
994.1375288020778,2.7441316641703355e-08
994.2375288020778,2.3698219391890184e-08
994.3375288020778,2.0452927413593566e-08
994.4375288020778,1.764104180209214e-08
994.5375288020779,1.5206244589575674e-08
994.6375288020779,1.3099318599684296e-08
994.7375288020779,1.1277281704198292e-08
994.8375288020779,9.702622707051787e-09
994.937528802078,8.342627434692202e-09
995.037528802078,7.168784831066554e-09
995.137528802078,6.156263952506523e-09
995.237528802078,5.2834537438236086e-09
995.337528802078,4.531558362393654e-09
995.4375288020781,3.884241611412649e-09
995.5375288020781,3.3273147555411154e-09
995.6375288020781,2.8484626297673313e-09
995.7375288020781,2.437003522760018e-09
995.8375288020782,2.083678825854681e-09
995.9375288020782,1.7804688941397906e-09
996.0375288020782,1.5204319723434492e-09
996.1375288020782,1.2975634003340216e-09
996.2375288020783,1.1066726355388322e-09
996.3375288020783,9.432759165335612e-10
996.4375288020783,8.035026471489658e-10
996.5375288020783,6.840138070179925e-10
996.6375288020784,5.819308955537368e-10
996.7375288020784,4.94774094624015e-10
996.8375288020784,4.2040849311554434e-10
996.9375288020784,3.56997356361377e-10
997.0375288020784,3.029615470170303e-10
997.1375288020785,2.5694431318946463e-10
997.2375288020785,2.1778075604202457e-10
997.3375288020785,1.844713741446154e-10
997.4375288020785,1.5615915678935293e-10
997.5375288020786,1.321097644900231e-10
997.6375288020786,1.1169439294904777e-10
997.7375288020786,9.437496781890869e-11
997.8375288020786,7.969136241751283e-11
997.9375288020786,6.725036990173363e-11
998.0375288020787,5.671619590315609e-11
998.1375288020787,4.780226785649421e-11
998.2375288020787,4.02641837115806e-11
998.3375288020787,3.389364586441268e-11
998.4375288020788,2.8513246370331736e-11
998.5375288020788,2.3971987166172988e-11
998.6375288020788,2.014143444053494e-11
998.7375288020788,1.6912419728177045e-11
998.8375288020789,1.4192212009681604e-11
998.9375288020789,1.1902095285824498e-11
999.0375288020789,9.975294956998864e-12
999.1375288020789,8.355204038276358e-12
999.2375288020789,6.993866926920174e-12
999.337528802079,5.8506842402830474e-12
999.437528802079,4.8913072711752054e-12
999.537528802079,4.086694964232777e-12
999.637528802079,3.4123100875448213e-12
999.737528802079,2.8474345349687634e-12
999.8375288020791,2.3745865128134828e-12
999.9375288020791,1.979024798134094e-12
1000.0375288020791,1.6483273556182295e-12
1000.1375288020791,1.3720334103263698e-12
1000.2375288020792,1.141339633057359e-12
1000.3375288020792,9.4884243753695e-13
1000.4375288020792,7.883195432891777e-13
1000.5375288020792,6.545449504394609e-13
1000.6375288020793,5.431323249580673e-13
1000.7375288020793,4.5040252420455096e-13
1000.8375288020793,3.732716197458305e-13
1000.9375288020793,3.091563117364428e-13
1001.0375288020794,2.5589408917302946e-13
1001.1375288020794,2.116758838827579e-13
1001.2375288020794,1.7498930252551488e-13
1001.3375288020794,1.4457080825534137e-13
1001.4375288020794,1.1936546896323795e-13
1001.5375288020795,9.849309821657819e-14
1001.6375288020795,8.121979329253186e-14
1001.7375288020795,6.693402652667134e-14
1001.8375288020795,5.512657539187347e-14
1001.9375288020796,4.5373686576851576e-14
1002.0375288020796,3.73229626727467e-14
1002.1375288020796,3.0681539323272626e-14
1002.2375288020796,2.5206187925996958e-14
1002.3375288020796,2.0695035968252713e-14
1002.4375288020797,1.6980645363218118e-14
1002.5375288020797,1.3924230021500659e-14
1002.6375288020797,1.1410828463226029e-14
1002.7375288020797,9.345276494525746e-15
1002.8375288020798,7.648849650273506e-15
1002.9375288020798,6.256465932158332e-15
1003.0375288020798,5.114356935520683e-15
1003.1375288020798,4.1781302600245185e-15
1003.2375288020799,3.411158563512035e-15
1003.3375288020799,2.783241106629809e-15
1003.4375288020799,2.2694924547956583e-15
1003.5375288020799,1.8494204139948136e-15
1003.6375288020799,1.5061614983157896e-15
1003.73752880208,1.2258474468422326e-15
1003.83752880208,9.97080683586278e-16
1003.93752880208,8.105002802454619e-16
1004.03752880208,6.584230506268075e-16
1004.13752880208,5.34546972961815e-16
1004.2375288020801,4.337062824732646e-16
1004.3375288020801,3.516693692568581e-16
1004.4375288020801,2.8497211292385e-16
1004.5375288020801,2.3078053358517124e-16
1004.6375288020802,1.8677767907182638e-16
1004.7375288020802,1.5107053475478519e-16
1004.8375288020802,1.2211346347838103e-16
1004.9375288020802,9.864528289193099e-17
1005.0375288020803,7.963758592426686e-17
1005.1375288020803,6.425232410923129e-17
