30,5.456079921396325
31,7.205340549052686
32,9.420747323983186
33,12.194759916189001
34,15.628532805405131
35,19.829886023180038
36,24.910318619662675
37,30.980997889433187
38,38.147719183045446
39,46.5049098711856
40,56.1288432792541
41,67.07032837212182
42,79.34724059583067
43,92.93734872153497
44,107.77196090088438
45,123.7309495897142
46,140.63971002300644
47,158.26855372868232
48,176.33493432734565
49,194.5087497129026
50,212.42077024285015
51,229.67401974313933
52,245.8577024733772
53,260.5630453329246
54,273.40023224312006
55,284.01546728782944
56,292.1071316421376
57,297.4400075550345
58,299.8566342443972
59,299.95526443155615
60,299.73210437810104
61,299.32197564248685
62,298.72564620738024
63,297.94423147098104
64,296.9791907706096
65,295.8323228413456
66,294.5057602294992
67,293.0019626851998
68,291.32370956275867
69,289.4740912616659
70,287.45649974511446
71,285.2746181767607
72,282.932409720032
73,280.4341055476431
74,277.7841921120788
75,274.9873977306142
76,272.0486785409753
77,268.97320388596506
78,265.766341187298
79,262.43364037048104
80,258.9808179038517
81,255.41374051582767
82,251.73840865503863
83,247.9609397582946
84,244.08755139130793
85,240.12454432672337
86,236.078285623333
87,231.95519176937287
88,227.76171195151593
89,223.5043115096129
90,219.18945563539918
91,214.8235933712915
92,210.4131419630703
93,205.96447161768663
94,201.48389071467696
95,196.97763151672356
96,192.45183642179308
97,187.91254479603157
98,183.36568042322168
99,178.8170396031295
100,174.27227992751492
101,169.73690975896295
102,165.21627843404448
103,160.7155672086472
104,156.23978095965688
105,151.7937406535331
106,147.38207658873162
107,143.00922241539993
108,138.6794099323237
109,134.39666465775574
110,130.16480216752362
111,125.98742519070744
112,121.86792145021334
113,117.80946223275981
114,113.81500167014725
115,109.88727671120978
116,106.02880776155841
117,102.24189996612377
118,98.52864510759993
119,94.89092409218019
120,91.33040999246874
121,87.848571616143
122,84.44667756783721
123,81.12580077081113
124,77.88682341426143
125,74.73044229161876
126,71.6571744948509
127,68.66736342965211
128,65.76118511643644
129,62.93865474226162
130,60.199633429178924
131,57.54383518502884
132,54.97083400336935
133,52.48007108002439
134,50.07086211466717
135,47.74240466689054
136,45.49378553735885
137,43.32398814586974
138,41.23189987946781
139,39.2163193851374
140,37.275963783044396
141,35.409475777788984
142,33.61543064666137
143,31.892343085448534
144,30.238673893916292
145,28.652836484673387
146,27.13320320070664
147,25.678111428449363
148,24.285869494800334
149,22.95476233804008
150,21.683056944090193
151,20.469007541019142
152,19.310860546113577
153,18.206859261197906
154,17.15524831319558
155,16.154277838176203
156,15.20220740832188
157,14.297309702370057
158,13.437873921146048
159,12.622208950785586
160,11.848646277163544
161,11.115542655889513
162,10.421282543003718
163,9.764280292207491
164,9.142982125092304
165,8.555867881390881
166,8.001452556764509
167,7.4782876360639206
168,6.984962230359204
169,6.520104026329131
170,6.082380056834617
171,5.670497301677469
172,5.283203127666758
173,4.919285577184493
174,4.577573514462299
175,4.256936638755297
176,3.9562853735311596
177,3.674570640684862
178,3.4107835286462107
179,3.163954863071202
180,2.93315468860263
181,2.717491669953666
182,2.5161124203132372
183,2.3282007647970726
184,2.152976946376301
185,1.9896967814090818
186,1.8376507715829522
187,1.6961631787485887
188,1.5645910687923144
189,1.442323330356978
190,1.3287796738810327
191,1.2234096160857468
192,1.125691454702322
193,1.035131237895927
194,0.9512617325139366
195,0.873641394962177
196,0.8018533481971936
197,0.7355043680153712
198,0.674223881522257
199,0.6176629803783511
200,0.5654934511417529
201,0.5174068247638419
202,0.4731134470421541
203,0.43234157159509845
204,0.3948364766963666
205,0.36035960709300896
206,0.32868774173016657
207,0.299612188117401
208,0.2729380038962861
209,0.2484832460062972
210,0.2260782476957861
211,0.20556492348668357
212,0.1867961020752245
213,0.1696348870360162
214,0.15395404509281094
215,0.13963542162593445
216,0.1265693830030082
217,0.11465428524591302
218,0.10379596848237647
219,0.09390727657463269
220,0.08490760126978682
221,0.0767224501763234
222,0.06928303783811206
223,0.0625258991507942
224,0.05639252434509309
