30,9.795836447756125
31,11.69503627689744
32,14.068931359089625
33,17.010394780672183
34,20.62100957412713
35,25.009039710210807
36,30.286443798827655
37,36.56486453140071
38,43.95058868977712
39,52.538551286896926
40,62.40554965531339
41,73.60293326155606
42,86.14913465131032
43,100.0224963688801
44,115.15491705827546
45,131.4268764009067
46,148.66439357094464
47,166.63842069398797
48,185.0670685542286
49,203.62090864310758
50,221.9314011763232
51,239.60227588217555
52,256.2234587051054
53,271.38691370309994
54,284.70357707234405
55,295.8204198794987
56,304.4366045296549
57,310.3177082340999
58,313.3070783345437
59,314.0037882095153
60,314.4048766240816
61,314.6460087390417
62,314.72880642922394
63,314.6552484029201
64,314.42766578966206
65,314.0487365981723
66,313.52147906344976
67,312.84924390660643
68,312.03570553559575
69,311.0848522193475
70,310.0009752720276
71,308.7886572881464
72,307.45275947303287
73,305.9984081167444
74,304.4309802627889
75,302.75608862607066
76,300.9795658172236
77,299.10744793295714
78,297.14595757419295
79,295.10148635561166
80,292.9805769717548
81,290.7899048860221
82,288.536259709783
83,286.2265263393638
84,283.8676659189016
85,281.4666966969577
86,279.03067484436997
87,276.566675300113
88,274.08177271091154
89,271.5830225290553
90,269.0774423312843
91,266.571993419774
92,264.07356276416743
93,261.5889453412858
94,259.12482692662405
95,256.687767389015
96,254.28418453695315
97,251.92033856201482
98,249.60231712162494
99,247.33602110011844
100,245.12715108364654
101,242.98119458100484
102,240.90341401893465
103,238.89883553688912
104,236.97223860267857
105,235.1281464668426
106,233.37081747004584
107,231.70423721429324
108,230.1321116053084
109,228.6578607700493
110,227.28461385004795
111,226.01520466808364
112,224.85216826262902
113,223.79773828157582
114,222.85384522394344
115,222.02211551562368
116,221.30387140271517
117,220.70013164366685
118,220.2116129792796
119,219.83873235761646
120,219.58160988904905
121,219.44007250501687
122,219.41365829260485
123,219.50162147574525
124,219.70293801272604
125,220.01631177873526
126,220.44018130138343
127,220.97272701652315
128,221.61187901121835
129,222.3553252204019
130,223.20052004358823
131,224.14469334797755
132,225.18485982438327
133,226.31782866263498
134,227.54021351344093
135,228.84844270413168
136,230.2387696762407
137,231.70728361349668
138,233.24992022950394
139,234.86247268515407
140,236.5406026066428
141,238.27985117584893
142,240.0756502657583
143,241.92333359457908
144,243.81814787318825
145,245.75526392156098
146,247.7297877308663
147,249.73677144894714
148,251.77122426794574
149,253.8281231938712
150,255.90242367893754
151,257.98907009851825
152,260.08300605556576
153,262.17918449632833
154,264.2725776221579
155,266.35818658313923
156,268.43105094018216
157,270.48625788310136
158,272.51895119306164
159,274.52433993859387
160,276.4977068951786
161,278.43441667916403
162,280.3299235875177
163,282.1797791356241
164,283.9796392860172
165,285.72527136159624
166,287.41256063749984
167,289.03751660642274
168,290.59627891274647
169,292.08512295141867
170,293.50046512806614
171,294.8388677773608
172,296.0970437371721
173,297.2718605765513
174,298.3603444760842
175,299.3596837596398
176,300.2672320770212
177,301.0805112375008
178,301.7972136946908
179,302.41520468367077
180,302.9325240117574
181,303.3473875047677
182,303.65818811109153
183,303.86349666635346
184,303.9620623219107
185,303.95281264089937
186,303.7677234573205
187,301.4866293572665
188,296.28878693976105
189,288.3233388834123
190,277.81809963065257
191,265.0685081779687
192,250.42363309889421
193,234.27015225184115
194,217.0153288828506
195,199.07002181615331
196,180.8327029545273
197,162.67532073936817
198,144.9316598973499
199,127.8886259575833
200,111.78064937184942
201,96.78717943430294
202,83.03304045963172
203,70.59126526630713
204,59.48791203662329
205,49.708312717778554
206,41.20419189164343
207,33.90112799532536
208,27.705894609424515
209,22.51330747202639
210,18.212301992360764
211,14.691066340962065
212,11.841148444768784
213,9.560535397161765
214,7.7557672497862775
215,6.343192461050757
216,5.24949990274178
217,4.411674167122278
218,3.776519789638853
219,3.2998891616159507
220,2.94573163186326
221,2.6850605755955614
222,2.4949135398994855
223,2.3573598598960444
224,2.2585916741922514
