957.4695071602143,1.5451905997376037e-13
957.5695071602144,1.795770376150153e-13
957.6695071602144,2.0861643269198933e-13
957.7695071602144,2.422563629801618e-13
957.8695071602144,2.812100496972661e-13
957.9695071602144,3.2629877829733774e-13
958.0695071602145,3.7846787747998127e-13
958.1695071602145,4.3880500016638585e-13
958.2695071602145,5.085610289040913e-13
958.3695071602145,5.891739719833546e-13
958.4695071602146,6.82296266129745e-13
958.5695071602146,7.89825957710309e-13
958.6695071602146,9.139422977735611e-13
958.7695071602146,1.0571463578546013e-12
958.8695071602147,1.2223073543446866e-12
958.9695071602147,1.4127154605013734e-12
959.0695071602147,1.6321419881510589e-12
959.1695071602147,1.8849079372515565e-12
959.2695071602147,2.1759620423523165e-12
959.3695071602148,2.5109695924151164e-12
959.4695071602148,2.896413466451276e-12
959.5695071602148,3.3397090142395345e-12
959.6695071602148,3.8493346215175595e-12
959.7695071602149,4.434980035283032e-12
959.8695071602149,5.107714790313819e-12
959.9695071602149,5.880179376184454e-12
960.0695071602149,6.76680211878425e-12
960.169507160215,7.784045125918428e-12
960.269507160215,8.95068306778042e-12
960.369507160215,1.0288119035218815e-11
960.469507160215,1.1820742247688723e-11
960.569507160215,1.3576332975106194e-11
960.6695071602151,1.5586520700780974e-11
960.7695071602151,1.7887302294228624e-11
960.8695071602151,2.0519627791870694e-11
960.9695071602151,2.3530062310303626e-11
961.0695071602152,2.6971533651866985e-11
961.1695071602152,3.090417631777206e-11
961.2695071602152,3.539628393341407e-11
961.3695071602152,4.0525383528451396e-11
961.4695071602152,4.637944671711091e-11
961.5695071602153,5.305825460992612e-11
961.6695071602153,6.067493527662696e-11
961.7695071602153,6.93576947929912e-11
961.8695071602153,7.925176536628229e-11
961.9695071602154,9.052159677091729e-11
962.0695071602154,1.0335332036745378e-10
962.1695071602154,1.1795751835589772e-10
962.2695071602154,1.3457233466403994e-10
962.3695071602154,1.5346696803166517e-10
962.4695071602155,1.749455924646637e-10
962.5695071602155,1.9935175534579102e-10
962.6695071602155,2.2707330915230196e-10
962.7695071602155,2.5854793900081475e-10
962.8695071602156,2.9426935517787343e-10
962.9695071602156,3.347942274878267e-10
963.0695071602156,3.807499467310708e-10
963.1695071602156,4.328433079956992e-10
963.2695071602157,4.91870220791337e-10
963.3695071602157,5.587265624712422e-10
963.4695071602157,6.344203039813404e-10
963.5695071602157,7.200850508565024e-10
963.6695071602157,8.169951576783875e-10
963.7695071602158,9.265825910500765e-10
963.8695071602158,1.0504557346769136e-09
963.9695071602158,1.1904203505289924e-09
964.0695071602158,1.3485029324717404e-09
964.1695071602159,1.5269767133738605e-09
964.2695071602159,1.728390613740032e-09
964.3695071602159,1.955601449589419e-09
964.4695071602159,2.211809749848509e-09
964.569507160216,2.500599569206493e-09
964.669507160216,2.825982721472056e-09
964.769507160216,3.1924479012743923e-09
964.869507160216,3.6050152087933664e-09
964.969507160216,4.069296643436174e-09
965.0695071602161,4.5915631883795455e-09
965.1695071602161,5.178819169075244e-09
965.2695071602161,5.838884635612972e-09
965.3695071602161,6.580486591720152e-09
965.4695071602162,7.413359972662547e-09
965.5695071602162,8.348359360937542e-09
965.6695071602162,9.397582523009981e-09
965.7695071602162,1.0574506953056113e-08
965.8695071602162,1.1894140721428197e-08
965.9695071602163,1.337318904705074e-08
966.0695071602163,1.5030238144978023e-08
966.1695071602163,1.6885958043707803e-08
966.2695071602163,1.8963326222435134e-08
966.3695071602164,2.1287874087177165e-08
966.4695071602164,2.388795848761318e-08
966.5695071602164,2.679506067461522e-08
966.6695071602164,3.004411531293629e-08
966.7695071602164,3.367387239556802e-08
966.8695071602165,3.772729515716581e-08
966.9695071602165,4.225199735500362e-08
967.0695071602165,4.7300723578619643e-08
967.1695071602165,5.293187656514152e-08
967.2695071602166,5.921009583785947e-08
967.3695071602166,6.620689235263572e-08
967.4695071602166,7.400134423198302e-08
967.5695071602166,8.268085909199892e-08
967.6695071602167,9.234200892480165e-08
967.7695071602167,1.0309144399073566e-07
967.8695071602167,1.1504689270261248e-07
967.9695071602167,1.2833825505091162e-07
968.0695071602167,1.4310879772657527e-07
968.1695071602168,1.5951645974932725e-07
968.2695071602168,1.7773527810693158e-07
968.3695071602168,1.9795694365721462e-07
968.4695071602168,2.2039249834288774e-07
968.5695071602169,2.452741856221143e-07
968.6695071602169,2.7285746692851867e-07
968.7695071602169,3.0342321794606033e-07
968.8695071602169,3.372801195201956e-07
968.969507160217,3.7476725913042706e-07
969.069507160217,4.162569600241904e-07
969.169507160217,4.621578563616537e-07
969.269507160217,5.129182340490337e-07
969.369507160217,5.690296583483762e-07
969.4695071602171,6.310309108480518e-07
969.5695071602171,6.995122599646489e-07
969.6695071602171,7.751200908271899e-07
969.7695071602171,8.585619221730243e-07
969.8695071602172,9.506118397650464e-07
969.9695071602172,1.052116377826487e-06
970.0695071602172,1.1640008820861945e-06
970.1695071602172,1.287276390238389e-06
970.2695071602172,1.423047067950172e-06
970.3695071602173,1.5725182410016652e-06
970.4695071602173,1.7370050667214391e-06
970.5695071602173,1.917941890587587e-06
970.6695071602173,2.1168923367060817e-06
970.7695071602174,2.335560183856424e-06
970.8695071602174,2.5758010819131777e-06
970.9695071602174,2.8396351667141387e-06
971.0695071602174,3.12926063485384e-06
971.1695071602174,3.4470683434378326e-06
971.2695071602175,3.795657503540431e-06
971.3695071602175,4.177852539968092e-06
971.4695071602175,4.596721193943577e-06
971.5695071602175,5.055593949493169e-06
971.6695071602176,5.558084868640659e-06
971.7695071602176,6.108113924986852e-06
971.8695071602176,6.709930929881169e-06
971.9695071602176,7.368141150170396e-06
972.0695071602177,8.087732721435627e-06
972.1695071602177,8.874105965699028e-06
972.2695071602177,9.733104727792624e-06
972.3695071602177,1.067104984992443e-05
972.4695071602177,1.169477490945017e-05
972.5695071602178,1.2811664350448235e-05
972.6695071602178,1.4029694145397667e-05
972.7695071602178,1.5357475129059203e-05
972.8695071602178,1.680429915254775e-05
972.9695071602179,1.8380188211548692e-05
973.0695071602179,2.009594670865078e-05
973.1695071602179,2.1963217015834596e-05
973.2695071602179,2.3994538509244163e-05
973.369507160218,2.620341025446116e-05
973.469507160218,2.8604357526576625e-05
973.569507160218,3.1213002355386225e-05
973.669507160218,3.4046138291997685e-05
973.769507160218,3.712180959900522e-05
973.8695071602181,4.045939507212268e-05
973.9695071602181,4.4079696706744416e-05
974.0695071602181,4.8005033428281755e-05
974.1695071602181,5.225934011027243e-05
974.2695071602182,5.6868272109129146e-05
974.3695071602182,6.185931554895336e-05
974.4695071602182,6.726190359403065e-05
974.5695071602182,7.310753895041415e-05
974.6695071602182,7.942992284132282e-05
974.7695071602183,8.626509070389896e-05
974.8695071602183,9.365155485711354e-05
974.9695071602183,0.00010163045439223026
975.0695071602183,0.00011024571253817298
975.1695071602184,0.00011954420175433204
975.2695071602184,0.00012957591680271832
975.3695071602184,0.00014039415604987169
975.4695071602184,0.00015205571124647245
975.5695071602184,0.00016462106602914016
975.6695071602185,0.00017815460338432666
975.7695071602185,0.00019272482230848597
975.8695071602185,0.0002084045638917182
975.9695071602185,0.00022527124704379377
976.0695071602186,0.00024340711407175764
976.1695071602186,0.0002628994863071408
976.2695071602186,0.00028384102996807827
976.3695071602186,0.0003063300324272497
976.4695071602187,0.0003304706890404779
976.5695071602187,0.00035637340067294583
976.6695071602187,0.0003841550820402211
976.7695071602187,0.0004139394809595923
976.8695071602187,0.0004458575085834846
976.9695071602188,0.0004800475806609116
977.0695071602188,0.000516655969844932
977.1695071602188,0.0005558371690338789
977.2695071602188,0.0005977542657016314
977.3695071602189,0.0006425793271373428
977.4695071602189,0.0006904937964778237
977.5695071602189,0.000741688899376084
977.6695071602189,0.0007963660611073699
977.769507160219,0.0008547373338693821
977.869507160219,0.0009170258339861269
977.969507160219,0.000983466188675114
978.069507160219,0.0010543049919852906
978.169507160219,0.0011298012694582191
978.2695071602191,0.0012102269510076312
978.3695071602191,0.001295867351452531
978.4695071602191,0.0013870216580766828
978.5695071602191,0.0014840034245224452
978.6695071602192,0.0015871410702597984
978.7695071602192,0.001696778384801935
978.8695071602192,0.001813275035767145
978.9695071602192,0.0019370070798130762
979.0695071602192,0.002068367475393701
979.1695071602193,0.0022077665962119825
979.2695071602193,0.0023556327441619706
979.3695071602193,0.0025124126604736887
979.4695071602193,0.002678572033692048
979.5695071602194,0.0028545960030384077
979.6695071602194,0.003040989655619362
979.7695071602194,0.003238278515863276
979.8695071602194,0.00344700902548026
979.9695071602195,0.0036677490121566846
980.0695071602195,0.0039010881451110434
980.1695071602195,0.004147638375554109
980.2695071602195,0.004408034360013596
980.3695071602195,0.004682933864402104
980.4695071602196,0.004973018146627327
980.5695071602196,0.005278992315465868
980.6695071602196,0.005601585663346919
980.7695071602196,0.005941551970619861
980.8695071602197,0.006299669778811126
980.9695071602197,0.006676742630310662
981.0695071602197,0.007073599271868008
981.1695071602197,0.007491093819221996
981.2695071602197,0.007930105880137832
981.3695071602198,0.00839154063308074
981.4695071602198,0.008876328858717012
981.5695071602198,0.009385426921401945
981.6695071602198,0.009919816697790068
981.7695071602199,0.010480505449686957
981.8695071602199,0.011068525638254098
981.9695071602199,0.011684934676679434
982.0695071602199,0.012330814618436799
982.16950716022,0.013007271778277799
982.26950716022,0.013715436283130749
982.36950716022,0.014456461550122845
982.46950716022,0.01523152368899464
982.56950716022,0.016041820826241084
982.6695071602201,0.016888572348389832
982.7695071602201,0.017773018061917195
982.8695071602201,0.018696417267404453
982.9695071602201,0.019660047745652588
983.0695071602202,0.02066520465360253
983.1695071602202,0.021713199328050853
983.2695071602202,0.02280535799530702
983.3695071602202,0.023943020385109384
983.4695071602202,0.02512753824730164
983.5695071602203,0.0263602737699704
983.6695071602203,0.027642597897957935
983.7695071602203,0.0289758885508914
983.8695071602203,0.030361528740110926
983.9695071602204,0.031800904584134634
984.0695071602204,0.03329540322256688
984.1695071602204,0.03484641062863844
984.2695071602204,0.03645530932086168
984.3695071602205,0.038123475974591946
984.4695071602205,0.03985227893460465
984.5695071602205,0.04164307563012844
984.6695071602205,0.043497209894116116
984.7695071602205,0.0454160091888856
984.8695071602206,0.04740078174062314
984.9695071602206,0.04945281358560984
985.0695071602206,0.051573365531406845
985.1695071602206,0.05376367003661684
985.2695071602207,0.05602492801322586
985.3695071602207,0.05835830555591924
985.4695071602207,0.06076493060315936
985.5695071602207,0.06324588953520609
985.6695071602207,0.06580222371465626
985.7695071602208,0.06843492597546948
985.8695071602208,0.0711449370668391
985.9695071602208,0.07393314205865098
986.0695071602208,0.07680036671565214
986.1695071602209,0.07974737384782306
986.2695071602209,0.08277485964480898
986.3695071602209,0.08588345000261655
986.4695071602209,0.08907369685112071
986.569507160221,0.0923460744912499
986.669507160221,0.09570097595102614
986.769507160221,0.09913870936992532
986.869507160221,0.10265949442129386
986.969507160221,0.10626345878280662
987.0695071602211,0.10995063466517625
987.1695071602211,0.11372095540952651
987.2695071602211,0.11757425216401628
987.3695071602211,0.12151025065044788
987.4695071602212,0.12552856803171325
987.5695071602212,0.1296287098910159
987.6695071602212,0.13381006733386483
987.7695071602212,0.13807191422385567
987.8695071602212,0.14241340456324414
987.9695071602213,0.1468335700292665
988.0695071602213,0.15133131767707841
988.1695071602213,0.15590542782005998
988.2695071602213,0.1605545520980749
988.3695071602214,0.16527721174407273
988.4695071602214,0.17007179605918207
988.5695071602214,0.17493656110616793
988.6695071602214,0.17986962863080472
988.7695071602215,0.18486898522035985
988.8695071602215,0.18993248170798543
988.9695071602215,0.19505783283137712
989.0695071602215,0.20024261715358302
989.1695071602215,0.20548427725333168
989.2695071602216,0.21078012019169468
989.3695071602216,0.21612731826131068
989.4695071602216,0.22152291002377394
989.5695071602216,0.2269638016401295
989.6695071602217,0.2324467684987291
989.7695071602217,0.2379684571439752
989.8695071602217,0.24352538750873193
989.9695071602217,0.249113955452401
990.0695071602217,0.2547304356058563
990.1695071602218,0.2603709845236037
990.2695071602218,0.26603164414268493
990.3695071602218,0.2717083455469792
990.4695071602218,0.27739691303467306
990.5695071602219,0.28309306848577975
990.6695071602219,0.2887924360256812
990.7695071602219,0.2944905469797618
990.8695071602219,0.3001828451132862
990.969507160222,0.30586469214976325
991.069507160222,0.3115313735601283
991.169507160222,0.3171781046141702
991.269507160222,0.322800036684741
991.369507160222,0.3283922637944004
991.4695071602221,0.3339498293932879
991.5695071602221,0.3394677333561695
991.6695071602221,0.3449409391857863
991.7695071602221,0.35036438140883797
991.8695071602222,0.3557329731501715
991.9695071602222,0.36104161387001416
992.0695071602222,0.3662851972483959
992.1695071602222,0.37145861920025103
992.2695071602222,0.3765567860040781
992.3695071602223,0.3815746225264673
992.4695071602223,0.38650708052428856
992.5695071602223,0.39134914700586043
992.6695071602223,0.3960958526320085
992.7695071602224,0.400742280137556
992.8695071602224,0.40528357275348875
992.9695071602224,0.4097149426097906
993.0695071602224,0.41403167909875704
993.1695071602225,0.4182291571784771
993.2695071602225,0.42230284559610876
993.3695071602225,0.42624831501057814
993.4695071602225,0.4300612459944021
993.5695071602225,0.43373743689446387
993.6695071602226,0.437272811531773
993.7695071602226,0.4406634267205009
993.8695071602226,0.44390547958691273
993.9695071602226,0.44699531466920867
994.0695071602227,0.44992943077974024
994.1695071602227,0.4527044876115882
994.2695071602227,0.45531731207206383
994.3695071602227,0.4577649043263323
994.4695071602227,0.46004444353505414
994.5695071602228,0.462153293270686
994.6695071602228,0.46408900659788865
994.7695071602228,0.4658493308043391
994.8695071602228,0.46743221176914573
994.9695071602229,0.4688357979570096
995.0695071602229,0.4700584440272604
995.1695071602229,0.47109871404792125
995.2695071602229,0.471955384306012
995.369507160223,0.47262744570639365
995.469507160223,0.47311410575257007
995.569507160223,0.4734147901040057
995.669507160223,0.4735291437056739
995.769507160223,0.4734330172281922
995.8695071602231,0.4730898874226966
995.9695071602231,0.4724999001870087
996.0695071602231,0.471663979766592
996.1695071602231,0.47058343435535177
996.2695071602232,0.4692599526840844
996.3695071602232,0.4676955996225383
996.4695071602232,0.4658928108111195
996.5695071602232,0.4638543863417759
996.6695071602232,0.4615834835110097
996.7695071602233,0.4590836086712703
996.8695071602233,0.4563586082101635
996.9695071602233,0.45341265868995967
997.0695071602233,0.4502502561827781
997.1695071602234,0.44687620483955864
997.2695071602234,0.44329560473348956
997.3695071602234,0.4395138390209298
997.4695071602234,0.43553656046504446
997.5695071602235,0.4313696773693381
997.6695071602235,0.4270193389700346
997.7695071602235,0.4224919203377889
997.8695071602235,0.41779400684053564
997.9695071602235,0.4129323782203648
998.0695071602236,0.4079139923381752
998.1695071602236,0.40274596864047857
998.2695071602236,0.39743557140312114
998.3695071602236,0.39199019280684866
998.4695071602237,0.38641733589957034
998.5695071602237,0.3807245974998793
998.6695071602237,0.37491965109587005
998.7695071602237,0.3690102297925522
998.8695071602237,0.3630041093602165
998.9695071602238,0.35690909143495425
999.0695071602238,0.3507329869211884
999.1695071602238,0.3444835996445412
999.2695071602238,0.3381687103016577
999.3695071602239,0.33179606075173274
999.4695071602239,0.32537333869246515
999.5695071602239,0.3189081627609952
999.6695071602239,0.31240806809809296
999.769507160224,0.3058804924114497
999.869507160224,0.2993327625714205
999.969507160224,0.29277208176996206
1000.069507160224,0.286205517270841
1000.169507160224,0.2796399887764518
1000.2695071602241,0.2730822574338056
1000.3695071602241,0.26653891549943887
1000.4695071602241,0.2600163766801606
1000.5695071602241,0.25352086716372035
1000.6695071602242,0.24705841735065476
1000.7695071602242,0.2406348542957605
1000.8695071602242,0.23425579486487397
1000.9695071602242,0.22792663960990758
1001.0695071602242,0.22165256736242658
1001.1695071602243,0.21543853054344742
1001.2695071602243,0.2092892511846176
1001.3695071602243,0.20320921765350242
1001.4695071602243,0.1972026820733658
1001.5695071602244,0.19127365842560182
1001.6695071602244,0.18542592132085262
1001.7695071602244,0.17966300542284808
1001.8695071602244,0.17398820550712701
1001.9695071602245,0.16840457713505402
1002.0695071602245,0.16291493792193262
1002.1695071602245,0.1575218693765433
1002.2695071602245,0.15222771928809714
1002.3695071602245,0.14703460463540477
1002.4695071602246,0.14194441499200844
1002.5695071602246,0.13695881640011706
1002.6695071602246,0.13207925568541806
1002.7695071602246,0.12730696518421455
1002.8695071602247,0.12264296785385043
1002.9695071602247,0.11808808273703555
1003.0695071602247,0.11364293075046626
1003.1695071602247,0.10930794076804941
1003.2695071602247,0.10508335596907453
1003.3695071602248,0.10096924042183814
1003.4695071602248,0.09696548587349435
1003.5695071602248,0.09307181871729077
1003.6695071602248,0.08928780710883225
1003.7695071602249,0.08561286820359852
1003.8695071602249,0.08204627548861525
1003.9695071602249,0.07858716618193523
1004.0695071602249,0.07523454867442039
1004.169507160225,0.07198730998922091
1004.269507160225,0.06884422323531393
1004.369507160225,0.06580395503248876
1004.469507160225,0.06286507288623727
1004.569507160225,0.06002605249212213
1004.6695071602251,0.05728528495034526
1004.7695071602251,0.054641083872414654
1004.8695071602251,0.05209169236300714
1004.9695071602251,0.04963528986133809
1005.0695071602252,0.04726999882756975
1005.1695071602252,0.04499389126101654
1005.2695071602252,0.0428049950381257
1005.3695071602252,0.040701300059425696
1005.4695071602252,0.038680764195833606
1005.5695071602253,0.036741319025894205
1005.6695071602253,0.03488087535668049
1005.7695071602253,0.03309732852221665
