957.4695071602143,1.463435480608689
957.5695071602144,1.4649605992749097
957.6695071602144,1.4665475708429958
957.7695071602144,1.4681982181996258
957.8695071602144,1.469914381919218
957.9695071602144,1.4716979184155432
958.0695071602145,1.4735506979761857
958.1695071602145,1.4754746026786008
958.2695071602145,1.4774715241867682
958.3695071602145,1.4795433614276894
958.4695071602146,1.4816920181472595
958.5695071602146,1.483919400345325
958.6695071602146,1.4862274135900422
958.7695071602146,1.4886179602119614
958.8695071602147,1.4910929363785976
958.9695071602147,1.4936542290505768
959.0695071602147,1.4963037128208065
959.1695071602147,1.4990432466384798
959.2695071602147,1.5018746704200918
959.3695071602148,1.5047998015500395
959.4695071602148,1.5078204312737542
959.5695071602148,1.5109383209867326
959.6695071602148,1.514155198423225
959.7695071602149,1.517472753748761
959.8695071602149,1.5208926355611103
959.9695071602149,1.5244164468046968
960.0695071602149,1.5280457406039067
960.169507160215,1.5317820160211648
960.269507160215,1.5356267137460715
960.369507160215,1.539581211722319
960.469507160215,1.5436468207195335
960.569507160215,1.5478247798575953
960.6695071602151,1.5521162520914125
960.7695071602151,1.5565223196645182
960.8695071602151,1.561043979540261
960.9695071602151,1.5656821388197393
961.0695071602152,1.570437610156005
961.1695071602152,1.5753111071744141
961.2695071602152,1.5803032399093488
961.3695071602152,1.5854145102678547
961.4695071602152,1.5906453075310447
961.5695071602153,1.595995903904406
961.6695071602153,1.6014664501284024
961.7695071602153,1.607056971161008
961.8695071602153,1.6127673619440182
961.9695071602154,1.6185973832651621
962.0695071602154,1.6245466577282082
962.1695071602154,1.6306146658433667
962.2695071602154,1.6368007422503952
962.3695071602154,1.6431040720868688
962.4695071602155,1.6495236875141077
962.5695071602155,1.6560584644132392
962.6695071602155,1.6627071192638305
962.7695071602155,1.6694682062174415
962.8695071602156,1.6763401143783305
962.9695071602156,1.6833210653033754
963.0695071602156,1.6904091107330843
963.1695071602156,1.697602130565316
963.2695071602157,1.704897831083059
963.3695071602157,1.7122937434472896
963.4695071602157,1.7197872224655661
963.5695071602157,1.7273754456466144
963.6695071602157,1.7350554125507096
963.7695071602158,1.742823944445178
963.8695071602158,1.750677684273812
963.9695071602158,1.758613096948429
964.0695071602158,1.7666264699701975
964.1695071602159,1.7747139143877166
964.2695071602159,1.782871366098153
964.3695071602159,1.7910945874970263
964.4695071602159,1.7993791694814913
964.569507160216,1.8077205338111786
964.669507160216,1.8161139358298553
964.769507160216,1.824554467550321
964.869507160216,1.8330370611040956
964.969507160216,1.8415564925565668
965.0695071602161,1.8501073860873507
965.1695071602161,1.8586842185346972
965.2695071602161,1.8672813243018187
965.3695071602161,1.8758929006220655
965.4695071602162,1.884513013178899
965.5695071602162,1.8931356020756323
965.6695071602162,1.9017544881489288
965.7695071602162,1.9103633796190547
965.8695071602162,1.9189558790689056
965.9695071602163,1.9275254907428385
966.0695071602163,1.9360656281553683
966.1695071602163,1.944569621998831
966.2695071602163,1.9530307283381592
966.3695071602164,1.9614421370799873
966.4695071602164,1.969796980702399
966.5695071602164,1.9780883432307341
966.6695071602164,1.98630926944402
966.7695071602164,1.9944527742957652
966.8695071602165,2.0025118525320504
966.9695071602165,2.01047948848911
967.0695071602165,2.0183486660518613
967.1695071602165,2.026112378754182
967.2695071602166,2.0337636400010988
967.3695071602166,2.0412954933924636
967.4695071602166,2.048701023127183
967.5695071602166,2.055973364466576
967.6695071602167,2.06310571423501
967.7695071602167,2.070091341335627
967.8695071602167,2.076923597258639
967.9695071602167,2.083595926559445
968.0695071602167,2.090101877283655
968.1695071602168,2.0964351113159525
968.2695071602168,2.102589414629728
968.3695071602168,2.1085587074143866
968.4695071602168,2.114337054057342
968.5695071602169,2.119918672957853
968.6695071602169,2.1252979461500665
968.7695071602169,2.1304694287129244
968.8695071602169,2.1354278579449426
968.969507160217,2.1401681622822735
969.069507160217,2.1446854699389633
969.169507160217,2.1489751172488436
969.269507160217,2.153032656689128
969.369507160217,2.1568538645664224
969.4695071602171,2.160434748346624
969.5695071602171,2.1637715536109465
969.6695071602171,2.166860770621159
969.7695071602171,2.1696991404780315
969.8695071602172,2.1722836608579104
969.9695071602172,2.174611591313359
970.0695071602172,2.176680458124828
970.1695071602172,2.178488058691399
970.2695071602172,2.1800324654497776
970.3695071602173,2.1813120293118473
970.4695071602173,2.1823253826122992
970.5695071602173,2.1830714415590524
970.6695071602173,2.18354940818042
970.7695071602174,2.1837587717642366
970.8695071602174,2.1836524257225935
970.9695071602174,2.1831045690492505
971.0695071602174,2.1821092369072863
971.1695071602174,2.180668212572594
971.2695071602175,2.178784074001754
971.3695071602175,2.176460186181108
971.4695071602175,2.173700691149367
971.5695071602175,2.17051049573541
971.6695071602176,2.1668952570623805
971.7695071602176,2.1628613658783187
971.8695071602176,2.1584159277824044
971.9695071602176,2.1535667424243417
972.0695071602177,2.1483222807624687
972.1695071602177,2.142691660473785
972.2695071602177,2.13668461961619
972.3695071602177,2.13031148864982
972.4695071602177,2.123583160930403
972.5695071602178,2.1165110617930103
972.6695071602178,2.1091071163494015
972.7695071602178,2.1013837161264006
972.8695071602178,2.093353684676292
972.9695071602179,2.085030242293144
973.0695071602179,2.076426969971208
973.1695071602179,2.067557772743121
973.2695071602179,2.0584368425365387
973.369507160218,2.0490786206880585
973.469507160218,2.0394977602528765
973.569507160218,2.029709088247536
973.669507160218,2.0197275679614264
973.769507160218,2.009568261470357
973.8695071602181,1.9992462924826218
973.9695071602181,1.9887768096444667
974.0695071602181,1.978174950427864
974.1695071602181,1.967455805718931
974.2695071602182,1.956634385220332
974.3695071602182,1.9457255837755354
974.4695071602182,1.9347441487169244
974.5695071602182,1.9237046483335425
974.6695071602182,1.9126214415476839
974.7695071602183,1.9015086488827042
974.8695071602183,1.890380124797344
974.9695071602183,1.8792494314545691
975.0695071602183,1.8681298139855
975.1695071602184,1.8570341773014443
975.2695071602184,1.84597506449943
975.3695071602184,1.8349646368989783
975.4695071602184,1.8240146557402277
975.5695071602184,1.8131364655659223
975.6695071602185,1.8023409793022984
975.7695071602185,1.7916386650465204
975.8695071602185,1.7810395345611352
975.9695071602185,1.7705531334689932
976.0695071602186,1.7601885331353215
976.1695071602186,1.7499543242171085
976.2695071602186,1.7398586118537362
976.3695071602186,1.729909012466865
976.4695071602187,1.7201126521319867
976.5695071602187,1.7104761664788208
976.6695071602187,1.7010057020728477
976.7695071602187,1.6917069192257814
976.8695071602187,1.6825849961786727
976.9695071602188,1.673644634597634
977.0695071602188,1.6648900663188722
977.1695071602188,1.656325061276822
977.2695071602188,1.6479529365466958
977.3695071602189,1.6397765664306796
977.4695071602189,1.6317983935153406
977.5695071602189,1.624020440626531
977.6695071602189,1.6164443236071844
977.769507160219,1.6090712648428942
977.869507160219,1.6019021074600157
977.969507160219,1.5949373301212457
978.069507160219,1.5881770623441718
978.169507160219,1.5816211002691547
978.2695071602191,1.5752689228040662
978.3695071602191,1.5691197080748598
978.4695071602191,1.5631723501126564
978.5695071602191,1.5574254757099906
978.6695071602192,1.5518774613810256
978.7695071602192,1.5465264503629352
978.8695071602192,1.5413703695981946
978.9695071602192,1.5364069466402313
979.0695071602192,1.531633726427743
979.1695071602193,1.5270480878759347
979.2695071602193,1.5226472602359857
979.3695071602193,1.5184283391771802
979.4695071602193,1.5143883025493023
979.5695071602194,1.5105240257861092
979.6695071602194,1.506832296913912
979.7695071602194,1.5033098311325135
979.8695071602194,1.4999532849389372
979.9695071602195,1.4967592697675542
980.0695071602195,1.4937243651233043
980.1695071602195,1.4908451311877642
980.2695071602195,1.4881181208807641
980.3695071602195,1.4855398913631406
980.4695071602196,1.4831070149689793
980.5695071602196,1.4808160895583697
980.6695071602196,1.4786637482842446
980.7695071602196,1.4766466687693027
980.8695071602197,1.47476158169131
980.9695071602197,1.473005278777238
981.0695071602197,1.471374620208731
981.1695071602197,1.469866541443274
981.2695071602197,1.4684780594571931
981.3695071602198,1.4672062784182158
981.4695071602198,1.466048394796798
981.5695071602198,1.4650017019267458
981.6695071602198,1.4640635940268565
981.7695071602199,1.463231569696361
981.8695071602199,1.4625032348978804
981.9695071602199,1.461876305442411
982.0695071602199,1.461348608991533
982.16950716022,1.4609180865926068
982.26950716022,1.4605827937631766
982.36950716022,1.4603409011411477
982.46950716022,1.460190694717562
982.56950716022,1.4601305756689573
982.6695071602201,1.4601590598063685
982.7695071602201,1.4602747766580342
982.8695071602201,1.460476468202794
982.9695071602201,1.4607629872710264
983.0695071602202,1.461133295629786
983.1695071602202,1.4615864617685492
983.2695071602202,1.4621216584016887
983.3695071602202,1.462738159703478
983.4695071602202,1.463435338291054
983.5695071602203,1.4642126619704012
983.6695071602203,1.465069690259999
983.7695071602203,1.4660060707063756
983.8695071602203,1.4670215350053715
983.9695071602204,1.4681158949424957
984.0695071602204,1.4692890381653259
984.1695071602204,1.4705409238004825
984.2695071602204,1.4718715779272924
984.3695071602205,1.4732810889198533
984.4695071602205,1.4747696026688293
984.5695071602205,1.4763373176939327
984.6695071602205,1.4779844801577116
984.7695071602205,1.4797113787909213
984.8695071602206,1.4815183397394796
984.9695071602206,1.4834057213427074
985.0695071602206,1.4853739088523314
985.1695071602206,1.4874233091014886
985.2695071602207,1.4895543451327862
985.3695071602207,1.4917674507943088
985.4695071602207,1.4940630653123175
985.5695071602207,1.4964416278492831
985.6695071602207,1.4989035720558075
985.7695071602208,1.5014493206249189
985.8695071602208,1.5040792798572062
985.9695071602208,1.5067938342452234
986.0695071602208,1.5095933410856108
986.1695071602209,1.5124781251274007
986.2695071602209,1.5154484732650109
986.3695071602209,1.518504629284485
986.4695071602209,1.5216467886716016
986.569507160221,1.524875093490547
986.669507160221,1.528189627341928
986.769507160221,1.531590410408983
986.869507160221,1.5350773946009386
986.969507160221,1.5386504588025391
987.0695071602211,1.5423094042388605
987.1695071602211,1.5460539499645918
987.2695071602211,1.5498837284870346
987.3695071602211,1.5537982815321232
987.4695071602212,1.5577970559628072
987.5695071602212,1.5618793998591616
987.6695071602212,1.5660445587695953
987.7695071602212,1.5702916721425069
987.8695071602212,1.5746197699477014
987.9695071602213,1.579027769496814
988.0695071602213,1.5835144724718906
988.1695071602213,1.5880785621711595
988.2695071602213,1.5927186009808698
988.3695071602214,1.5974330280818931
988.4695071602214,1.602220157399564
988.5695071602214,1.607078175804985
988.6695071602214,1.6120051415757357
988.7695071602215,1.6169989831236005
988.8695071602215,1.6220574979965767
988.9695071602215,1.627178352162022
989.0695071602215,1.6323590795773768
989.1695071602215,1.6375970820544234
989.2695071602216,1.6428896294225415
989.3695071602216,1.648233859995882
989.4695071602216,1.6536267813488073
989.5695071602216,1.6590652714033314
989.6695071602217,1.6645460798316647
989.7695071602217,1.670065829776284
989.8695071602217,1.6756210198892587
989.9695071602217,1.6812080266918223
990.0695071602217,1.6868231072544382
990.1695071602218,1.692462402196813
990.2695071602218,1.698121939006524
990.3695071602218,1.7037976356741
990.4695071602218,1.7094853046415595
990.5695071602219,1.7151806570605628
990.6695071602219,1.7208793073554702
990.7695071602219,1.7265767780857306
990.8695071602219,1.7322685051011524
990.969507160222,1.737949842982729
991.069507160222,1.7436160707608233
991.169507160222,1.7492623979016402
991.269507160222,1.7548839705520567
991.369507160222,1.7604758780320335
991.4695071602221,1.766033159562991
991.5695071602221,1.7715508112197234
991.6695071602221,1.7770237930926256
991.7695071602221,1.7824470366462402
991.8695071602222,1.7878154522593928
991.9695071602222,1.7931239369314713
992.0695071602222,1.798367382138741
992.1695071602222,1.8035406818239355
992.2695071602222,1.808638740501788
992.3695071602223,1.8136564814626042
992.4695071602223,1.818588855055477
992.5695071602223,1.8234308470322964
992.6695071602223,1.828177486933296
992.7695071602224,1.8328238564945336
992.8695071602224,1.8373650980574139
992.9695071602224,1.8417964229601222
993.0695071602224,1.8461131198906648
993.1695071602225,1.850310563181101
993.2695071602225,1.854384221022497
993.3695071602225,1.8583296635801427
993.4695071602225,1.8621425709886545
993.5695071602225,1.8658187412067178
993.6695071602226,1.8693540977114347
993.7695071602226,1.8727446970125123
993.8695071602226,1.8759867359668487
993.9695071602226,1.879076558874488
994.0695071602227,1.8820106643373604
994.1695071602227,1.8847857118627547
994.2695071602227,1.8873985281940437
994.3695071602227,1.8898461133518363
994.4695071602227,1.8921256463694083
994.5695071602228,1.8942344907070408
994.6695071602228,1.896170199330676
994.7695071602228,1.8979305194411735
994.8695071602228,1.8995133968413396
994.9695071602229,1.9009169799288608
995.0695071602229,1.9021396233042467
995.1695071602229,1.9031798909839284
995.2695071602229,1.9040365592097017
995.369507160223,1.9047086188468128
995.469507160223,1.9051952773640861
995.569507160223,1.905495960390648
995.669507160223,1.9056103128449484
995.769507160223,1.905514185374432
995.8695071602231,1.9051710547100016
995.9695071602231,1.9045810667318257
996.0695071602231,1.903745145669974
996.1695071602231,1.9026645997049376
996.2695071602232,1.901341117555832
996.3695071602232,1.8997767640822394
996.4695071602232,1.897973974915725
996.5695071602232,1.8959355501405522
996.6695071602232,1.8936646470465495
996.7695071602233,1.8911647719803728
996.8695071602233,1.8884397713246026
996.9695071602233,1.8854938216371533
997.0695071602233,1.8823314189863702
997.1695071602234,1.878957367519926
997.2695071602234,1.875376767308182
997.3695071602234,1.871595001505053
997.4695071602234,1.8676177228715927
997.5695071602235,1.8634508397094816
997.6695071602235,1.8591005012533697
997.7695071602235,1.854573082572555
997.8695071602235,1.8498751690338024
997.9695071602235,1.8450135403781949
998.0695071602236,1.8399951544657633
998.1695071602236,1.8348271307422743
998.2695071602236,1.8295167334829325
998.3695071602236,1.824071354867933
998.4695071602237,1.818498497944712
998.5695071602237,1.812805759531457
998.6695071602237,1.8070008131159148
998.7695071602237,1.8010913918027964
998.8695071602237,1.795085271362138
998.9695071602238,1.7889902534298119
999.0695071602238,1.7828141489100544
999.1695071602238,1.7765647616283282
999.2695071602238,1.7702498722811417
999.3695071602239,1.7638772227275739
999.4695071602239,1.7574545006652238
999.5695071602239,1.7509893247311472
999.6695071602239,1.744489230066042
999.769507160224,1.7379616543775382
999.869507160224,1.7314139245359386
999.969507160224,1.7248532437331554
1000.069507160224,1.7182866792329174
1000.169507160224,1.7117211507375871
1000.2695071602241,1.7051634193941485
1000.3695071602241,1.6986200774591151
1000.4695071602241,1.692097538639276
1000.5695071602241,1.6856020291223643
1000.6695071602242,1.679139579308903
1000.7695071602242,1.6727160162536765
1000.8695071602242,1.666336956822511
1000.9695071602242,1.6600078015673108
1001.0695071602242,1.653733729319634
1001.1695071602243,1.6475196925004907
1001.2695071602243,1.6413704131415237
1001.3695071602243,1.6352903796102936
1001.4695071602243,1.629283844030061
1001.5695071602244,1.6233548203822168
1001.6695071602244,1.6175070832774006
1001.7695071602244,1.6117441673793402
1001.8695071602244,1.6060693674635727
1001.9695071602245,1.6004857390914609
1002.0695071602245,1.594996099878307
1002.1695071602245,1.5896030313328908
1002.2695071602245,1.5843088812444222
1002.3695071602245,1.5791157665917113
1002.4695071602246,1.5740255769482994
1002.5695071602246,1.5690399783563953
1002.6695071602246,1.5641604176416857
1002.7695071602246,1.5593881271404733
1002.8695071602247,1.5547241298101018
1002.9695071602247,1.5501692446932809
1003.0695071602247,1.5457240927067066
1003.1695071602247,1.5413891027242856
1003.2695071602247,1.5371645179253073
1003.3695071602248,1.533050402378068
1003.4695071602248,1.5290466478297218
1003.5695071602248,1.5251529806735162
1003.6695071602248,1.5213689690650563
1003.7695071602249,1.5176940301598212
1003.8695071602249,1.5141274374448368
1003.9695071602249,1.5106683281381559
1004.0695071602249,1.5073157106306403
1004.169507160225,1.5040684719454402
1004.269507160225,1.5009253851915327
1004.369507160225,1.4978851169887073
1004.469507160225,1.4949462348424554
1004.569507160225,1.49210721444834
1004.6695071602251,1.4893664469065628
1004.7695071602251,1.486722245828632
1004.8695071602251,1.4841728543192243
1004.9695071602251,1.4817164518175552
1005.0695071602252,1.4793511607837868
1005.1695071602252,1.4770750532172334
1005.2695071602252,1.4748861569943426
1005.3695071602252,1.4727824620156424
1005.4695071602252,1.4707619261520504
1005.5695071602253,1.4688224809821109
1005.6695071602253,1.4669620373128973
1005.7695071602253,1.4651784904784333
