957.4695071602143,0.031354318652318025
957.5695071602144,0.032879437318513546
957.6695071602144,0.03446640888657066
957.7695071602144,0.03611705624316694
957.8695071602144,0.03783321996272008
957.9695071602144,0.039616756459000244
958.0695071602145,0.04146953601959049
958.1695071602145,0.043393440721945384
958.2695071602145,0.04539036223004303
958.3695071602145,0.04746219947088353
958.4695071602146,0.04961085619036051
958.5695071602146,0.05183823838831871
958.6695071602146,0.05414625163291168
958.7695071602146,0.05653679825468769
958.8695071602147,0.059011774421158784
958.9695071602147,0.06157306709294751
959.0695071602147,0.06422255086295788
959.1695071602147,0.06696208468037822
959.2695071602147,0.06979350846169934
959.3695071602148,0.07271863959131186
959.4695071602148,0.0757392693146412
959.5695071602148,0.07885715902717644
959.6695071602148,0.0820740364631591
959.7695071602149,0.08539159178810934
959.8695071602149,0.08881147359978604
959.9695071602149,0.0923352848426
960.0695071602149,0.09596457864092327
960.169507160215,0.09970085405716426
960.269507160215,0.1035455517809042
960.369507160215,0.10750004975581438
960.469507160215,0.11156565875149616
960.569507160215,0.11574361788780235
960.6695071602151,0.12003509011960938
960.7695071602151,0.12444115769041436
960.8695071602151,0.12896281756352473
960.9695071602151,0.13360097683999259
961.0695071602152,0.13835644817281678
961.1695071602152,0.1432299451872933
961.2695071602152,0.14822207791773595
961.3695071602152,0.15333334827111264
961.4695071602152,0.15856414552844866
961.5695071602153,0.16391474189513122
961.6695071602153,0.16938528811151088
961.7695071602153,0.17497580913543387
961.8695071602153,0.18068619990854978
961.9695071602154,0.18651622121842382
962.0695071602154,0.19246549566863824
962.1695071602154,0.19853350376919265
962.2695071602154,0.20471958015960623
962.3695071602154,0.21102290997718517
962.4695071602155,0.21744252538294553
962.5695071602155,0.22397730225767096
962.6695071602155,0.23062595708054054
962.7695071602155,0.23738704400267702
962.8695071602156,0.2442589521278445
962.9695071602156,0.25123990301236454
963.0695071602156,0.2583279483961177
963.1695071602156,0.265520968176256
963.2695071602157,0.27281666863497206
963.3695071602157,0.28021258093234636
963.4695071602157,0.28770605987492925
963.5695071602157,0.2952942829703128
963.6695071602157,0.3029742497774979
963.7695071602158,0.31074278156237883
963.8695071602158,0.3185965212671398
963.9695071602158,0.3265319338017921
964.0695071602158,0.33454530666547794
964.1695071602159,0.3426327509045233
964.2695071602159,0.35079020241354575
964.3695071602159,0.3590134235852083
964.4695071602159,0.36729800531346507
964.569507160216,0.37563936935436254
964.669507160216,0.384032771047656
964.769507160216,0.39247330240165634
964.869507160216,0.40095589554286365
964.969507160216,0.4094753265310535
965.0695071602161,0.418026219539571
965.1695071602161,0.42660305139966154
965.2695071602161,0.4352001565067175
965.3695071602161,0.44381173208536234
965.4695071602162,0.4524318438093223
965.5695071602162,0.4610544317710563
965.6695071602162,0.4696733167951295
965.7695071602162,0.478282207088331
965.8695071602162,0.48687470521854825
965.9695071602163,0.49544431541343276
966.0695071602163,0.5039844511689134
966.1695071602163,0.5124884431566564
966.2695071602163,0.5209495474186163
966.3695071602164,0.5293609538358965
966.4695071602164,0.5377157948582237
966.5695071602164,0.5460071544794567
966.6695071602164,0.5542280774436882
966.7695071602164,0.5623715786656762
966.8695071602165,0.5704306528485389
966.9695071602165,0.5783982842808961
967.0695071602165,0.5862674567949211
967.1695071602165,0.5940311638660892
967.2695071602166,0.6016824188347866
967.3695071602166,0.6092142652293545
967.4695071602166,0.6166197871696224
967.5695071602166,0.6238921198295002
967.6695071602167,0.6310244599367845
967.7695071602167,0.6380100762879667
967.8695071602167,0.6448423202555295
967.9695071602167,0.6515146362649736
968.0695071602167,0.6580205722186405
968.1695071602168,0.6643537898432761
968.2695071602168,0.6705080749382333
968.3695071602168,0.6764773475012262
968.4695071602168,0.6822556717086271
968.5695071602169,0.6878372657274509
968.6695071602169,0.6932165113363827
968.7695071602169,0.6983879633334897
968.8695071602169,0.7033463587086065
968.969507160217,0.7080866255587979
969.069507160217,0.7126038917257864
969.169507160217,0.7168934931347708
969.269507160217,0.7209509818146774
969.369507160217,0.7247721335805474
969.4695071602171,0.7283529553594966
969.5695071602171,0.7316896921424699
969.6695071602171,0.7347788335448519
969.7695071602171,0.7376171199598929
969.8695071602172,0.740201548289854
969.9695071602172,0.7425293772407646
970.0695071602172,0.7445981321677292
970.1695071602172,0.7464056094587922
970.2695071602172,0.747949880446493
970.3695071602173,0.7492292948373896
970.4695071602173,0.7502424836510159
970.5695071602173,0.750988361660945
970.6695071602173,0.7514661293318664
970.7695071602174,0.7516752742478364
970.8695071602174,0.7515686879652952
970.9695071602174,0.7510205674578672
971.0695071602174,0.7500249456904348
971.1695071602174,0.7485836035480342
971.2695071602175,0.7466991163880337
971.3695071602175,0.7443748463723513
971.4695071602175,0.7416149324719564
971.5695071602175,0.738424278185244
971.6695071602176,0.7348085370212952
971.7695071602176,0.7307740958081771
971.8695071602176,0.7263280558952581
971.9695071602176,0.7214782123269748
972.0695071602177,0.7162330310735305
972.1695071602177,0.7106016244116029
972.2695071602177,0.704593724555246
972.3695071602177,0.6982196556437532
972.4695071602177,0.6914903041992768
972.5695071602178,0.6844170881724432
972.6695071602178,0.6770119246990396
972.7695071602178,0.6692871966950551
972.8695071602178,0.6612557184209231
972.9695071602179,0.6529307001487159
973.0695071602179,0.6443257120682826
973.1695071602179,0.6354546475698886
973.2695071602179,0.6263316860418128
973.369507160218,0.6169712553215875
973.469507160218,0.6073879939391332
973.569507160218,0.5975967132889639
973.669507160218,0.5876123598669177
973.769507160218,0.5774499777045417
973.8695071602181,0.567124671131333
973.9695071602181,0.5566515679915435
974.0695071602181,0.5460457834382193
974.1695071602181,0.5353223844226042
974.2695071602182,0.5244963549920063
974.3695071602182,0.5135825625037698
974.4695071602182,0.5025957248571137
974.5695071602182,0.4915503788383755
974.6695071602182,0.48046084966862596
974.7695071602183,0.4693412218357838
974.8695071602183,0.45820531128627034
974.9695071602183,0.44706663904396027
975.0695071602183,0.4359384063167452
975.1695071602184,0.4248334711434735
975.2695071602184,0.41376432662641066
975.3695071602184,0.4027430807867119
975.4695071602184,0.39178143807276455
975.5695071602184,0.38089068254367664
975.6695071602185,0.3700816627426975
975.7695071602185,0.35936477826799534
975.8695071602185,0.34874996804102687
975.9695071602185,0.3382467002657329
976.0695071602186,0.3278639640650331
976.1695071602186,0.31761026277458465
976.2695071602186,0.30749360886755156
976.3695071602186,0.29752152047822117
976.4695071602187,0.2877010194867297
976.5695071602187,0.2780386311219313
976.6695071602187,0.26854038503459093
976.7695071602187,0.2592118177886052
976.8695071602187,0.25005797671387253
976.9695071602188,0.24108342506075647
977.0695071602188,0.23229224839281062
977.1695071602188,0.22368806215157158
977.2695071602188,0.21527402032477766
977.3695071602189,0.20705282514732568
977.4695071602189,0.19902673776264623
977.5695071602189,0.1911975897709383
977.6695071602189,0.1835667955898604
977.769507160219,0.17613536555280815
977.869507160219,0.16890391966981302
977.969507160219,0.16187270197635406
978.069507160219,0.15504159539596998
978.169507160219,0.14841013704347986
978.2695071602191,0.14197753389684198
978.3695071602191,0.13574267876719057
978.4695071602191,0.12970416649836325
978.5695071602191,0.12386031032925161
978.6695071602192,0.1182091583545491
978.7695071602192,0.11274851002191677
978.8695071602192,0.10747593260621084
978.9695071602192,0.10238877760420168
979.0695071602192,0.09748419699613281
979.1695071602193,0.09275915932350605
979.2695071602193,0.08821046553560706
979.3695071602193,0.08383476456048994
979.4695071602193,0.0796285685593937
979.5695071602194,0.07558826782685413
979.6695071602194,0.07171014530207609
979.7695071602194,0.06799039066043357
979.8695071602194,0.06442511395724042
979.9695071602195,0.0610103587991809
980.0695071602195,0.057742115021976737
980.1695071602195,0.05461633085599347
980.2695071602195,0.05162892456453383
980.3695071602195,0.04877579554252193
980.4695071602196,0.04605283486613552
980.5695071602196,0.04345593528668731
980.6695071602196,0.04098100066468105
980.7695071602196,0.03862395484246625
980.8695071602197,0.036380749956282245
980.9695071602197,0.03424737419071083
981.0695071602197,0.032219858980646374
981.1695071602197,0.030294285667835492
981.2695071602197,0.02846679162083868
981.3695071602198,0.02673357582891843
981.4695071602198,0.02509090398186438
981.5695071602198,0.0235351130491273
981.6695071602198,0.022062615372849783
981.7695071602199,0.020669902290457325
981.8695071602199,0.019353547303409744
981.9695071602199,0.01811020880951509
982.0695071602199,0.016936632416879573
982.16950716022,0.015829652858112383
982.26950716022,0.014786195523829298
982.36950716022,0.013803277634808294
982.46950716022,0.01287800907235089
982.56950716022,0.012007592886499665
982.6695071602201,0.011189325501762054
982.7695071602201,0.010420596639900439
982.8695071602201,0.009698888979172893
982.9695071602201,0.009021777569157173
983.0695071602202,0.008386929019966972
983.1695071602202,0.007792100484281667
983.2695071602202,0.007235138450165166
983.3695071602202,0.006713977362152004
983.4695071602202,0.006226638087535939
983.5695071602203,0.005771226244214174
983.6695071602203,0.005345930405824348
983.7695071602203,0.004949020199267537
983.8695071602203,0.004578844309044049
983.9695071602204,0.004233828402144542
984.0695071602204,0.003912472986542314
984.1695071602204,0.003613351215627367
984.2695071602204,0.0033351066502140315
984.3695071602205,0.0030764509890448166
984.4695071602205,0.0028361617780079617
984.5695071602205,0.0026130801075877636
984.6695071602205,0.0024061083073787424
984.7695071602205,0.002214207645819179
984.8695071602206,0.002036396042639814
984.9695071602206,0.0018717458008809184
985.0695071602206,0.0017193813647080728
985.1695071602206,0.0015784771086551509
985.2695071602207,0.001448255163343781
985.3695071602207,0.00132798328217293
985.4695071602207,0.0012169727529414151
985.5695071602207,0.0011145763578605573
985.6695071602207,0.0010201863849345584
985.7695071602208,0.0009332326932327215
985.8695071602208,0.0008531808341505348
985.9695071602208,0.0007795302303558922
986.0695071602208,0.0007118124137421626
986.1695071602209,0.0006495893233610851
986.2695071602209,0.0005924516639852804
986.3695071602209,0.0005400173256518241
986.4695071602209,0.0004919298642643379
986.569507160221,0.0004478570430806272
986.669507160221,0.0004074894346852865
986.769507160221,0.00037053908284105387
986.869507160221,0.0003367382234280969
986.969507160221,0.000305838063515984
987.0695071602211,0.0002776076174677995
987.1695071602211,0.0002518325988487676
987.2695071602211,0.0002283143668018211
987.3695071602211,0.00020686892545879334
987.4695071602212,0.00018732597487731986
987.5695071602212,0.00016952801192909533
987.6695071602212,0.0001533294795138728
987.7695071602212,0.00013859596243452426
987.8695071602212,0.00012520342824067377
987.9695071602213,0.00011303751133092779
988.0695071602213,0.00010199283859567894
988.1695071602213,9.197239488297625e-05
988.2695071602213,8.288692657822897e-05
988.3695071602214,7.465438160371452e-05
988.4695071602214,6.719938416528078e-05
988.5695071602214,6.045274260051901e-05
988.6695071602214,5.435098871438465e-05
988.7695071602215,4.883594702409814e-05
988.8695071602215,4.3854332374591626e-05
988.9695071602215,3.935737442820804e-05
989.0695071602215,3.530046757728923e-05
989.1695071602215,3.1642844875235805e-05
989.2695071602216,2.834727463012838e-05
989.3695071602216,2.5379778354673756e-05
989.4695071602216,2.2709368816696837e-05
989.5695071602216,2.030780698530796e-05
989.6695071602217,1.8149376718930788e-05
989.7695071602217,1.621067609229907e-05
989.8695071602217,1.4470424310079033e-05
989.9695071602217,1.2909283204732541e-05
990.0695071602217,1.1509692365408124e-05
990.1695071602218,1.0255716992872208e-05
990.2695071602218,9.132907622624222e-06
990.3695071602218,8.128170904256432e-06
990.4695071602218,7.2296506697216095e-06
990.5695071602219,6.426618566374022e-06
990.6695071602219,5.709373572386726e-06
990.7695071602219,5.069149752369461e-06
990.8695071602219,4.498031649679924e-06
990.969507160222,3.988876749013695e-06
991.069507160222,3.535244478360573e-06
991.169507160222,3.1313312533276105e-06
991.269507160222,2.771911099157387e-06
991.369507160222,2.4522814165295385e-06
991.4695071602221,2.168213486447329e-06
991.5695071602221,1.915907337206526e-06
991.6695071602221,1.6919506226554583e-06
991.7695071602221,1.4932811857211888e-06
991.8695071602222,1.3171530045383846e-06
991.9695071602222,1.1611052405207327e-06
992.0695071602222,1.0229341284058996e-06
992.1695071602222,9.006674677342607e-07
992.2695071602222,7.925414934382959e-07
992.3695071602223,6.969799202762304e-07
992.4695071602223,6.125749717907049e-07
992.5695071602223,5.380702193637123e-07
992.6695071602223,4.7234507082382014e-07
992.7695071602224,4.144007609918396e-07
992.8695071602224,3.633477085769072e-07
992.9695071602224,3.1839411500545117e-07
993.0695071602224,2.7883569112873235e-07
993.1695071602225,2.4404640735725966e-07
993.2695071602225,2.1347017165743587e-07
993.3695071602225,1.866133480610018e-07
993.4695071602225,1.6303803592309987e-07
993.5695071602225,1.4235603716037315e-07
993.6695071602226,1.2422344514501348e-07
993.7695071602226,1.0833579486079073e-07
993.8695071602226,9.442371937795961e-08
993.9695071602226,8.22490627087674e-08
994.0695071602227,7.160140369565428e-08
994.1695071602227,6.229494978997694e-08
994.2695071602227,5.416576342840656e-08
994.3695071602227,4.7069287233531296e-08
994.4695071602227,4.087813747967088e-08
994.5695071602228,3.5480138197840786e-08
994.6695071602228,3.077657096719999e-08
994.7695071602228,2.6680617874665428e-08
994.8695071602228,2.3115977338888402e-08
994.9695071602229,2.0015634507312746e-08
995.0695071602229,1.7320769762233216e-08
995.1695071602229,1.4979790529098613e-08
995.2695071602229,1.2947473082107649e-08
995.369507160223,1.1184202401744583e-08
995.469507160223,9.655299368576349e-09
995.569507160223,8.330425688780267e-09
995.669507160223,7.183057949968149e-09
995.769507160223,6.190023110598193e-09
995.8695071602231,5.3310885415154744e-09
995.9695071602231,4.5886004721187755e-09
996.0695071602231,3.947165353820837e-09
996.1695071602231,3.3933692467387404e-09
996.2695071602232,2.915530868221981e-09
996.3695071602232,2.5034844196633002e-09
996.4695071602232,2.1483887363095093e-09
996.5695071602232,1.8425596882977462e-09
996.6695071602232,1.579323104269126e-09
996.7695071602233,1.3528857956396166e-09
996.8695071602233,1.1582225335633006e-09
996.9695071602233,9.909770750958927e-10
997.0695071602233,8.47375553044561e-10
997.1695071602234,7.241507381780575e-10
997.2695071602234,6.184758553203168e-10
997.3695071602234,5.279067885753685e-10
997.4695071602234,4.5033164753360476e-10
997.5695071602235,3.8392678759448165e-10
997.6695071602235,3.2711848513695937e-10
997.7695071602235,2.785495636422717e-10
997.8695071602235,2.3705035134277643e-10
997.9695071602235,2.0161342572100267e-10
998.0695071602236,1.7137166627877826e-10
998.1695071602236,1.455791953917973e-10
998.2695071602236,1.235948386155619e-10
998.3695071602236,1.0486778127978918e-10
998.4695071602237,8.892513828480022e-11
998.5695071602237,7.536118930681423e-11
998.6695071602237,6.382806267542286e-11
998.7695071602237,5.4027678492769343e-11
998.8695071602237,4.5704785553825316e-11
998.9695071602238,3.86409476867722e-11
999.0695071602238,3.264935360521254e-11
999.1695071602238,2.7570340554736103e-11
999.2695071602238,2.32675362160703e-11
999.3695071602239,1.9624535735707345e-11
999.4695071602239,1.654204160529851e-11
999.5695071602239,1.3935403591540082e-11
999.6695071602239,1.1732504195312392e-11
999.769507160224,9.8719423396397e-12
999.869507160224,8.301474280558179e-12
999.969507160224,6.97667621781683e-12
1000.069507160224,5.859797854506207e-12
1000.169507160224,4.918780305152232e-12
1000.2695071602241,4.126415358781713e-12
1000.3695071602241,3.459626235740364e-12
1000.4695071602241,2.8988526950381856e-12
1000.5695071602241,2.427525705720179e-12
1000.6695071602242,2.031618937691151e-12
1000.7695071602242,1.6992660952787011e-12
1000.8695071602242,1.4204346462372855e-12
1000.9695071602242,1.1866478210459736e-12
1001.0695071602242,9.90747899469737e-13
1001.1695071602243,8.266947872167848e-13
1001.2695071602243,6.893947358778283e-13
1001.3695071602243,5.745547922588947e-13
1001.4695071602243,4.785591944650288e-13
1001.5695071602244,3.983644753632063e-13
1001.6695071602244,3.3141050126418525e-13
1001.7695071602244,2.7554507516840073e-13
1001.8695071602244,2.289600787068552e-13
1001.9695071602245,1.901374227704008e-13
1002.0695071602245,1.5780333051564206e-13
1002.1695071602245,1.3088969381424116e-13
1002.2695071602245,1.0850143033746585e-13
1002.3695071602245,8.988892771694368e-14
1002.4695071602246,7.442479737758483e-14
1002.5695071602246,6.158427696427625e-14
1002.6695071602246,5.092871959615899e-14
1002.7695071602246,4.2091692908222905e-14
1002.8695071602247,3.476728306974648e-14
1002.9695071602247,2.8700260501519145e-14
1003.0695071602247,2.3677816395424302e-14
1003.1695071602247,1.952262369969331e-14
1003.2695071602247,1.6087014111817435e-14
1003.3695071602248,1.3248094797420088e-14
1003.4695071602248,1.090365586628018e-14
1003.5695071602248,8.968742804722714e-15
1003.6695071602248,7.372787701775995e-15
1003.7695071602249,6.057209740798715e-15
1003.8695071602249,4.973409508182794e-15
1003.9695071602249,4.08109358005091e-15
1004.0695071602249,3.346875914086194e-15
1004.169507160225,2.7431110759791897e-15
1004.269507160225,2.246921506347703e-15
1004.369507160225,1.8393870869008825e-15
1004.469507160225,1.5048703663624492e-15
1004.569507160225,1.2304551036868724e-15
1004.6695071602251,1.0054794027899395e-15
1004.7695071602251,8.211477549515782e-16
1004.8695071602251,6.702088617805011e-16
1004.9695071602251,5.466882590474568e-16
1005.0695071602252,4.456665640647982e-16
1005.1695071602252,3.630956810026411e-16
1005.2695071602252,2.956465655747217e-16
1005.3695071602252,2.4058321176139123e-16
1005.4695071602252,1.9565841147538032e-16
1005.5695071602253,1.5902758100251132e-16
1005.6695071602253,1.2917756900609928e-16
1005.7695071602253,1.0486787953538086e-16
