957.6915091891383,3.63878246015085e-14
957.7915091891383,4.2459764184380195e-14
957.8915091891383,4.952500170839388e-14
957.9915091891384,5.77426693493263e-14
958.0915091891384,6.729683667488379e-14
958.1915091891384,7.840032812938489e-14
958.2915091891384,9.129911051232999e-14
958.3915091891384,1.062773333131299e-13
958.4915091891385,1.236631164681191e-13
958.5915091891385,1.4383519341199908e-13
958.6915091891385,1.6723053241596122e-13
958.7915091891385,1.9435307637779516e-13
958.8915091891386,2.2578376072451056e-13
958.9915091891386,2.6219199120850015e-13
959.0915091891386,3.0434878846517434e-13
959.1915091891386,3.53141834637178e-13
959.2915091891387,4.095926895891088e-13
959.3915091891387,4.748764807220892e-13
959.4915091891387,5.503444116939448e-13
959.5915091891387,6.375494820695227e-13
959.6915091891387,7.382758627522986e-13
959.7915091891388,8.545724317517808e-13
959.8915091891388,9.887910422828818e-13
959.9915091891388,1.1436301713381546e-12
960.0915091891388,1.3221846828016462e-12
960.1915091891389,1.5280025360927315e-12
960.2915091891389,1.765149380590095e-12
960.3915091891389,2.038282099200594e-12
960.4915091891389,2.352732503090647e-12
960.591509189139,2.7146025356716453e-12
960.691509189139,3.130872519525641e-12
960.791509189139,3.6095241774139608e-12
960.891509189139,4.159680380439845e-12
960.991509189139,4.7917638257397765e-12
961.0915091891391,5.517677125994949e-12
961.1915091891391,6.351007107178017e-12
961.2915091891391,7.307256463283898e-12
961.3915091891391,8.40410631178074e-12
961.4915091891392,9.661713636093258e-12
961.5915091891392,1.1103048097074357e-11
961.6915091891392,1.2754273250207284e-11
961.7915091891392,1.464517782594737e-11
961.8915091891392,1.680966342461802e-11
961.9915091891393,1.9286295752886807e-11
962.0915091891393,2.2118927395203556e-11
962.1915091891393,2.535740108079755e-11
962.2915091891393,2.9058343486077592e-11
962.3915091891394,3.3286060815900825e-11
962.4915091891394,3.811354874880758e-11
962.5915091891394,4.3623630825975865e-11
962.6915091891394,4.99102410279251e-11
962.7915091891394,5.707986813514644e-11
962.8915091891395,6.525318152895896e-11
962.9915091891395,7.456686037914356e-11
963.0915091891395,8.517565070959593e-11
963.1915091891395,9.725467765915957e-11
963.2915091891396,1.1100204339129258e-10
963.3915091891396,1.266417445855752e-10
963.4915091891396,1.444269473016631e-10
963.5915091891396,1.6464366128090826e-10
963.6915091891397,1.8761486048503025e-10
963.7915091891397,2.1370510191143786e-10
963.8915091891397,2.433257005220393e-10
963.9915091891397,2.7694052453221167e-10
964.0915091891397,3.1507248239002595e-10
964.1915091891398,3.5831078059905303e-10
964.2915091891398,4.073190401738452e-10
964.3915091891398,4.62844369044322e-10
964.4915091891398,5.257274982300941e-10
964.5915091891399,5.969141011819592e-10
964.6915091891399,6.774674284375049e-10
964.7915091891399,7.685824037720076e-10
964.8915091891399,8.71601343465205e-10
964.99150918914,9.880314772800224e-10
965.09150918914,1.1195644684033773e-09
965.19150918914,1.2680981500853392e-09
965.29150918914,1.4357607191990291e-09
965.39150918914,1.6249376516096592e-09
965.4915091891401,1.838301631283597e-09
965.5915091891401,2.0788458146979974e-09
965.6915091891401,2.3499207845577328e-09
965.7915091891401,2.655275582334842e-09
965.8915091891402,2.9991032479838076e-09
965.9915091891402,3.386091337638898e-09
966.0915091891402,3.821477936478144e-09
966.1915091891402,4.31111373457324e-09
966.2915091891402,4.861530788793387e-09
966.3915091891403,5.480018654078894e-09
966.4915091891403,6.174708633056729e-09
966.5915091891403,6.954666964480357e-09
966.6915091891403,7.829997848810182e-09
966.7915091891404,8.81195729391906e-09
966.8915091891404,9.913078855948347e-09
966.9915091891404,1.1147312450337503e-08
967.0915091891404,1.2530177516618809e-08
967.1915091891404,1.4078931938371596e-08
967.2915091891405,1.5812758247470403e-08
967.3915091891405,1.7752968780184624e-08
967.4915091891405,1.992323160259647e-08
967.5915091891405,2.2349819185038378e-08
967.6915091891406,2.5061881980715057e-08
967.7915091891406,2.8091749253318594e-08
967.8915091891406,3.147525970327999e-08
967.9915091891406,3.525212466338744e-08
968.0915091891407,3.9466326872986535e-08
968.1915091891407,4.416655809702528e-08
968.2915091891407,4.940669913310579e-08
968.3915091891407,5.524634604775123e-08
968.4915091891407,6.175138680370166e-08
968.5915091891408,6.899463278466687e-08
968.6915091891408,7.705651009413666e-08
968.7915091891408,8.602581590217092e-08
968.8915091891408,9.600054554026508e-08
968.9915091891409,1.0708879650115141e-07
969.0915091891409,1.19409755989611e-07
969.1915091891409,1.3309477919391785e-07
969.2915091891409,1.482885660074309e-07
969.391509189141,1.651504445281493e-07
969.491509189141,1.8385577030286956e-07
969.591509189141,2.045974509641837e-07
969.691509189141,2.2758760663518653e-07
969.791509189141,2.5305937725078325e-07
969.8915091891411,2.812688887683655e-07
969.9915091891411,3.124973911167503e-07
970.0915091891411,3.4705358166332695e-07
970.1915091891411,3.8527612896778597e-07
970.2915091891412,4.275364126394059e-07
970.3915091891412,4.742414962261811e-07
970.4915091891412,5.258373512409374e-07
970.5915091891412,5.828123516746882e-07
970.6915091891412,6.457010596635112e-07
970.7915091891413,7.150883243651332e-07
970.8915091891413,7.916137175676812e-07
970.9915091891413,8.759763310986087e-07
971.0915091891413,9.689399627292937e-07
971.1915091891414,1.071338718982662e-06
971.2915091891414,1.1840830650502855e-06
971.3915091891414,1.3081663539138463e-06
971.4915091891414,1.4446718687462616e-06
971.5915091891414,1.594780414742094e-06
971.6915091891415,1.7597784986973588e-06
971.7915091891415,1.9410671369271107e-06
971.8915091891415,2.1401713344770344e-06
971.9915091891415,2.358750281053953e-06
972.0915091891416,2.598608311670735e-06
972.1915091891416,2.861706682674383e-06
972.2915091891416,3.150176216602495e-06
972.3915091891416,3.4663308721926745e-06
972.4915091891417,3.812682298851693e-06
972.5915091891417,4.191955437974942e-06
972.6915091891417,4.607105236691129e-06
972.7915091891417,5.061334542889413e-06
972.8915091891417,5.558113253764755e-06
972.9915091891418,6.101198793587782e-06
973.0915091891418,6.69465799996471e-06
973.1915091891418,7.342890501495806e-06
973.2915091891418,8.050653673461785e-06
973.3915091891419,8.823089261960604e-06
973.4915091891419,9.665751770773803e-06
973.5915091891419,1.0584638709154585e-05
973.6915091891419,1.158622280268971e-05
973.791509189142,1.2677486273382074e-05
973.891509189142,1.3865957299121713e-05
973.991509189142,1.5159748766742865e-05
974.091509189142,1.6567599436894608e-05
974.191509189142,1.8098917642961877e-05
974.2915091891421,1.9763827650249114e-05
974.3915091891421,2.1573218805560555e-05
974.4915091891421,2.35387976111598e-05
974.5915091891421,2.567314286084411e-05
974.6915091891422,2.7989763979506643e-05
974.7915091891422,3.0503162711053618e-05
974.8915091891422,3.322889830286859e-05
974.9915091891422,3.618365633814794e-05
975.0915091891422,3.938532137033526e-05
975.1915091891423,4.285305351652936e-05
975.2915091891423,4.66073691691011e-05
975.3915091891423,5.0670225986783283e-05
975.4915091891423,5.506511232817629e-05
975.5915091891424,5.981714129187847e-05
975.6915091891424,6.495314952829084e-05
975.7915091891424,7.050180098849438e-05
975.8915091891424,7.649369577543208e-05
975.9915091891424,8.296148426188712e-05
976.0915091891425,8.993998663839672e-05
976.1915091891425,9.746631805222841e-05
976.2915091891425,0.00010558001949581679
976.3915091891425,0.00011432319459957868
976.4915091891426,0.00012374065247971848
976.5915091891426,0.00013388005678648669
976.6915091891426,0.00014479208109226455
976.7915091891426,0.0001565305707518118
976.8915091891427,0.0001691527113589383
976.9915091891427,0.0001827192039147198
977.0915091891427,0.00019729444681209723
977.1915091891427,0.0002129467247302429
977.2915091891427,0.0002297484045193847
977.3915091891428,0.0002477761381427872
977.4915091891428,0.0002671110727272822
977.5915091891428,0.000287839067757022
977.6915091891428,0.00031005091942699404
977.7915091891429,0.0003338425921532206
977.8915091891429,0.00035931545721541426
977.9915091891429,0.00038657653848518366
978.0915091891429,0.00041573876516856287
978.191509189143,0.0004469212314657547
978.291509189143,0.00048024946302336534
978.391509189143,0.0005158556900252005
978.491509189143,0.0005538791267367197
978.591509189143,0.000594466257285628
978.6915091891431,0.0006377711274267067
978.7915091891431,0.0006839556420029582
978.8915091891431,0.0007331898677773335
978.9915091891431,0.0007856523412699344
979.0915091891432,0.0008415303811944228
979.1915091891432,0.0009010204050447014
979.2915091891432,0.0009643282493385982
979.3915091891432,0.0010316694929794804
979.4915091891432,0.0011032697831494201
979.5915091891433,0.0011793651630988694
979.6915091891433,0.0012602024011477643
979.7915091891433,0.0013460393201618543
979.8915091891433,0.0014371451267156529
979.9915091891434,0.0015338007391001865
980.0915091891434,0.001636299113279509
980.1915091891434,0.0017449455658451428
980.2915091891434,0.0018600580929621455
980.3915091891434,0.0019819676842447206
980.4915091891435,0.002111018630443311
980.5915091891435,0.002247568823769057
980.6915091891435,0.0023919900496257454
980.7915091891435,0.002544668268463974
980.8915091891436,0.002706003886417507
980.9915091891436,0.0028764120133280583
981.0915091891436,0.0030563227067119864
981.1915091891436,0.003246181200171246
981.2915091891437,0.003446448114701425
981.3915091891437,0.0036575996513021716
981.4915091891437,0.003880127763250191
981.5915091891437,0.004114540306352422
981.6915091891437,0.004361361165457416
981.7915091891438,0.004621130355466572
981.8915091891438,0.0048944040950542715
981.9915091891438,0.005181754851277084
982.0915091891438,0.005483771353227802
982.1915091891439,0.005801058572870323
982.2915091891439,0.006134237671176378
982.3915091891439,0.006483945907675909
982.4915091891439,0.006850836511528797
982.591509189144,0.007235578512228178
982.691509189144,0.007638856528053981
982.791509189144,0.008061370510410889
982.891509189144,0.00850383544220698
982.991509189144,0.008966980988459397
983.0915091891441,0.009451551097350332
983.1915091891441,0.009958303550002377
983.2915091891441,0.01048800945729524
983.3915091891441,0.011041452702108299
983.4915091891442,0.011619429325443643
983.5915091891442,0.012222746854964038
983.6915091891442,0.012852223574568687
983.7915091891442,0.013508687733727471
983.8915091891442,0.01419297669540134
983.9915091891443,0.01490593602149338
984.0915091891443,0.01564841849490065
984.1915091891443,0.016421283077372766
984.2915091891443,0.01722539380252803
984.3915091891444,0.018061618603532305
984.4915091891444,0.018930828075109596
984.5915091891444,0.019833894169726245
984.6915091891444,0.020771688827972406
984.7915091891444,0.02174508254335531
984.8915091891445,0.02275494286191762
984.9915091891445,0.023802132817301768
985.0915091891445,0.024887509302095937
985.1915091891445,0.026011921376519604
985.2915091891446,0.02717620851573596
985.3915091891446,0.028381198797313923
985.4915091891446,0.029627707030603235
985.5915091891446,0.03091653283003338
985.6915091891447,0.032248458634596563
985.7915091891447,0.03362424767603052
985.8915091891447,0.035044641898473505
985.9915091891447,0.03651035983262344
986.0915091891447,0.03802209442769401
986.1915091891448,0.03958051084472091
986.2915091891448,0.04118624421503265
986.3915091891448,0.0428398973679578
986.4915091891448,0.04454203853209754
986.5915091891449,0.046293199014744414
986.6915091891449,0.04809387086427533
986.7915091891449,0.049944504520589066
986.8915091891449,0.05184550645889288
986.991509189145,0.0537972368323691
987.091509189145,0.0558000071194701
987.191509189145,0.05785407778179648
987.291509189145,0.05995965593870846
987.391509189145,0.062116893065002406
987.4915091891451,0.06432588271815348
987.5915091891451,0.06658665830177732
987.6915091891451,0.06889919087210243
987.7915091891451,0.07126338699436302
987.8915091891452,0.07367908665612423
987.9915091891452,0.0761460612446342
988.0915091891452,0.07866401159535792
988.1915091891452,0.08123256611888911
988.2915091891452,0.08385127901345449
988.3915091891453,0.08651962857021994
988.4915091891453,0.08923701557857981
988.5915091891453,0.09200276183855752
988.6915091891453,0.09481610878736857
988.7915091891454,0.09767621624709297
988.8915091891454,0.10058216130027563
988.9915091891454,0.10353293730011735
989.0915091891454,0.10652745302173745
989.1915091891454,0.10956453196078061
989.2915091891455,0.11264291178540475
989.3915091891455,0.1157612439474258
989.4915091891455,0.11891809345810661
989.5915091891455,0.12211193883376266
989.6915091891456,0.12534117221601804
989.7915091891456,0.12860409967117964
989.8915091891456,0.13189894167280775
989.9915091891456,0.13522383377114805
990.0915091891457,0.13857682745265384
990.1915091891457,0.14195589119236957
990.2915091891457,0.14535891170146673
990.3915091891457,0.14878369537172653
990.4915091891457,0.15222796991824558
990.5915091891458,0.15568938622110884
990.6915091891458,0.15916552036622467
990.7915091891458,0.16265387588495517
990.8915091891458,0.16615188619160132
990.9915091891459,0.16965691721721787
991.0915091891459,0.1731662702376424
991.1915091891459,0.17667718489302284
991.2915091891459,0.18018684239552774
991.391509189146,0.1836923689213187
991.491509189146,0.1871908391822603
991.591509189146,0.1906792801722419
991.691509189146,0.19415467508238968
991.791509189146,0.19761396737885653
991.8915091891461,0.20105406503629789
991.9915091891461,0.20447184491957193
992.0915091891461,0.20786415730564892
992.1915091891461,0.21122783053717412
992.2915091891462,0.2145596757986084
992.3915091891462,0.21785649200537208
992.4915091891462,0.22111507079593784
992.5915091891462,0.2243322016163688
992.6915091891462,0.22750467688637008
992.7915091891463,0.23062929723552694
992.8915091891463,0.23370287679803609
992.9915091891463,0.23672224855390353
993.0915091891463,0.23968426970428297
993.1915091891464,0.24258582706836568
993.2915091891464,0.24542384248900667
993.3915091891464,0.24819527823408302
993.4915091891464,0.25089714238043537
993.5915091891464,0.25352649416713186
993.6915091891465,0.2560804493047327
993.7915091891465,0.2585561852272075
993.8915091891465,0.2609509462731774
993.9915091891465,0.2632620487832177
994.0915091891466,0.2654868861000633
994.1915091891466,0.26762293345870686
994.2915091891466,0.269667752753575
994.3915091891466,0.2716189971702051
994.4915091891467,0.2734744156691192
994.5915091891467,0.2752318573099192
994.6915091891467,0.27688927540398384
994.7915091891467,0.27844473148455207
994.8915091891467,0.27989639908342023
994.9915091891468,0.2812425673039547
995.0915091891468,0.2824816441806404
995.1915091891468,0.2836121598159315
995.2915091891468,0.28463276928575487
995.3915091891469,0.28554225530562577
995.4915091891469,0.28633953064998047
995.5915091891469,0.2870236403179928
995.6915091891469,0.28759376343983734
995.791509189147,0.28804921491807156
995.891509189147,0.2883894467995442
995.991509189147,0.2886140493739821
996.091509189147,0.28872275199617503
996.191509189147,0.28871534990585473
996.2915091891471,0.28859150533511685
996.3915091891471,0.2883513238015298
996.4915091891471,0.2879950958618307
996.5915091891471,0.2875232521612255
996.6915091891472,0.2869363625658256
996.7915091891472,0.2862351350157171
996.8915091891472,0.28542041410189495
996.9915091891472,0.28449317937106544
997.0915091891472,0.2834545433630805
997.1915091891473,0.2823057493865073
997.2915091891473,0.2810481690385593
997.3915091891473,0.27968329947631254
997.4915091891473,0.27821276044680743
997.5915091891474,0.27663829108427995
997.6915091891474,0.27496174648338795
997.7915091891474,0.27318509405788005
997.8915091891474,0.2713104096947106
997.9915091891475,0.2693398737141197
998.0915091891475,0.2672757666466777
998.1915091891475,0.26512046483873575
998.2915091891475,0.2628764358981263
998.3915091891475,0.26054623399231747
998.4915091891476,0.2581324950115448
998.5915091891476,0.2556379316097204
998.6915091891476,0.25306532813615207
998.7915091891476,0.25041753547129225
998.8915091891477,0.24769746577988427
998.9915091891477,0.244908087194971
999.0915091891477,0.24205241844628794
999.1915091891477,0.2391335234465752
999.2915091891477,0.2361545058493109
999.3915091891478,0.23311850359129385
999.4915091891478,0.23002868343338725
999.5915091891478,0.22688823551257672
999.6915091891478,0.22370036791829784
999.7915091891479,0.22046830130575149
999.8915091891479,0.21719526355865004
999.9915091891479,0.21388448451352693
1000.0915091891479,0.21053919075739677
1000.191509189148,0.20716260051017432
1000.291509189148,0.2037579186028522
1000.391509189148,0.20032833156199936
1000.491509189148,0.19687700281067566
1000.591509189148,0.1934070679953707
1000.6915091891481,0.1899216304480595
1000.7915091891481,0.1864237567919366
1000.8915091891481,0.18291647269883826
1000.9915091891481,0.17940275880579493
1001.0915091891482,0.17588554679757562
1001.1915091891482,0.17236771566149406
1001.2915091891482,0.16885208812014554
1001.3915091891482,0.1653414272471351
1001.4915091891482,0.16183843327024713
1001.5915091891483,0.15834574056589212
1001.6915091891483,0.15486591484805273
1001.7915091891483,0.15140145055434043
1001.8915091891483,0.14795476843116823
1001.9915091891484,0.14452821331944357
1002.0915091891484,0.14112405214159715
1002.1915091891484,0.13774447209017995
1002.2915091891484,0.13439157901769547
1002.3915091891485,0.13106739602677858
1002.4915091891485,0.1277738622592958
1002.5915091891485,0.12451283188242053
1002.6915091891485,0.12128607326923571
1002.7915091891485,0.11809526837093479
1002.8915091891486,0.11494201227723201
1002.9915091891486,0.11182781296115579
1003.0915091891486,0.10875409120398445
1003.1915091891486,0.1057221806956952
1003.2915091891487,0.10273332830593158
1003.3915091891487,0.09978869452015694
1003.4915091891487,0.09688935403534898
1003.5915091891487,0.09403629650930428
1003.6915091891487,0.09123042745736365
1003.7915091891488,0.08847256929013705
1003.8915091891488,0.08576346248560267
1003.9915091891488,0.08310376688877691
1004.0915091891488,0.08049406313200219
1004.1915091891489,0.07793485416877495
1004.2915091891489,0.07542656691393926
1004.3915091891489,0.07296955398299898
1004.4915091891489,0.07056409552325599
1004.591509189149,0.06821040112945892
1004.691509189149,0.06590861183664984
1004.791509189149,0.0636588021829211
1004.891509189149,0.06146098233484219
1004.991509189149,0.059315100268385296
1005.0915091891491,0.0572210439982676
1005.1915091891491,0.055178643848737066
1005.2915091891491,0.05318767475895553
1005.3915091891491,0.05124785861627738
