957.6915091891383,0.0483102165533748
957.7915091891383,0.05009300400515329
957.8915091891383,0.05192685581727125
957.9915091891384,0.05381258255763279
958.0915091891384,0.05575097942813792
958.1915091891384,0.05774282478873507
958.2915091891384,0.05978887865239795
958.3915091891384,0.0618898811525851
958.4915091891385,0.06404655098485132
958.5915091891385,0.06625958382439322
958.6915091891385,0.06852965072142085
958.7915091891385,0.07085739647635984
958.8915091891386,0.07324343799699741
958.9915091891386,0.075688362639796
959.0915091891386,0.0781927265377052
959.1915091891386,0.0807570529169086
959.2915091891387,0.08338183040504754
959.3915091891387,0.08606751133356326
959.4915091891387,0.08881451003689966
959.5915091891387,0.09162320115140396
959.6915091891387,0.0944939179168548
959.7915091891388,0.09742695048363623
959.8915091891388,0.10042254422866059
959.9915091891388,0.10348089808322294
960.0915091891388,0.10660216287604539
960.1915091891389,0.10978643969483924
960.2915091891389,0.1130337782697779
960.3915091891389,0.11634417538233131
960.4915091891389,0.11971757330296673
960.591509189139,0.12315385826126457
960.691509189139,0.12665285895203937
960.791509189139,0.1302143450810863
960.891509189139,0.1338380259541999
960.991509189139,0.13752354911312673
961.0915091891391,0.14127049902212527
961.1915091891391,0.1450783958088052
961.2915091891391,0.14894669406291103
961.3915091891391,0.15287478169670038
961.4915091891392,0.15686197887054038
961.5915091891392,0.160907536987312
961.6915091891392,0.16501063775917071
961.7915091891392,0.16917039235015707
961.8915091891392,0.1733858405980904
961.9915091891393,0.17765595031910714
962.0915091891393,0.181979616698125
962.1915091891393,0.18635566176842233
962.2915091891393,0.19078283398342413
962.3915091891394,0.1952598078836747
962.4915091891394,0.19978518386185934
962.5915091891394,0.204357488028608
962.6915091891394,0.2089751721816766
962.7915091891394,0.2136366138809547
962.8915091891395,0.21834011663159197
962.9915091891395,0.22308391017737114
963.0915091891395,0.22786615090628193
963.1915091891395,0.23268492237006846
963.2915091891396,0.23753823591933293
963.3915091891396,0.2424240314555805
963.4915091891396,0.24734017830138563
963.5915091891396,0.2522844761896481
963.6915091891397,0.25725465637268796
963.7915091891397,0.2622483828517041
963.8915091891397,0.26726325372688975
963.9915091891397,0.27229680266826434
964.0915091891397,0.27734650050703646
964.1915091891398,0.28240975694707343
964.2915091891398,0.28748392239579756
964.3915091891398,0.292566289913584
964.4915091891398,0.2976540972804758
964.5915091891399,0.30274452917877737
964.6915091891399,0.30783471948983077
964.7915091891399,0.31292175370302006
964.8915091891399,0.3180026714347893
964.99150918914,0.3230744690552054
965.09150918914,0.32813410241933777
965.19150918914,0.3331784897004732
965.29150918914,0.33820451432193394
965.39150918914,0.34320902798401753
965.4915091891401,0.34818885378233183
965.5915091891401,0.3531407894135622
965.6915091891401,0.35806161046447016
965.7915091891401,0.36294807377969807
965.8915091891402,0.367796920903732
965.9915091891402,0.3726048815921596
966.0915091891402,0.3773686773871594
966.1915091891402,0.38208502525195437
966.2915091891402,0.3867506412587817
966.3915091891403,0.39136224432474886
966.4915091891403,0.39591655998978176
966.5915091891403,0.40041032423071427
966.6915091891403,0.4048402873054246
966.7915091891404,0.4092032176207922
966.8915091891404,0.4134959056181301
966.9915091891404,0.41771516766964056
967.0915091891404,0.42185784997935194
967.1915091891404,0.42592083248191265
967.2915091891405,0.42990103273255703
967.3915091891405,0.4337954097815063
967.4915091891405,0.4376009680260342
967.5915091891405,0.441314761033406
967.6915091891406,0.44493389532789657
967.7915091891406,0.44845553413510314
967.8915091891406,0.45187690107679457
967.9915091891406,0.4551952838095833
968.0915091891407,0.4584080376007612
968.1915091891407,0.46151258883471585
968.2915091891407,0.46450643844343187
968.3915091891407,0.4673871652546868
968.4915091891407,0.47015242925167033
968.5915091891408,0.4727999747378911
968.6915091891408,0.47532763340138334
968.7915091891408,0.47773332727239215
968.8915091891408,0.48001507156889195
968.9915091891409,0.4821709774244875
969.0915091891409,0.4841992544934494
969.1915091891409,0.48609821342785786
969.2915091891409,0.4878662682220569
969.391509189141,0.4895019384198658
969.491509189141,0.4910038511802479
969.591509189141,0.4923707431974031
969.691509189141,0.4936014624715237
969.791509189141,0.4946949699267413
969.8915091891411,0.4956503408730814
969.9915091891411,0.49646676630954867
970.0915091891411,0.49714355406577043
970.1915091891411,0.49768012977994425
970.2915091891412,0.49807603771115494
970.3915091891412,0.498330941384453
970.4915091891412,0.49844462406741613
970.5915091891412,0.4983908755444939
970.6915091891412,0.4980929516286278
970.7915091891413,0.49754629508489573
970.8915091891413,0.4967517252824776
970.9915091891413,0.4957104321102357
971.0915091891413,0.4944239730073963
971.1915091891414,0.49289426908182943
971.2915091891414,0.49112360032946795
971.3915091891414,0.4891145999715187
971.4915091891414,0.48687024792915173
971.5915091891414,0.48439386345830204
971.6915091891415,0.48168909697006373
971.7915091891415,0.47875992106488846
971.8915091891415,0.47561062081141
971.9915091891415,0.4722457833031852
972.0915091891416,0.4686702865289698
972.1915091891416,0.4648892875943138
972.2915091891416,0.4609082103342666
972.3915091891416,0.45673273235881323
972.4915091891417,0.4523687715743137
972.5915091891417,0.44782247222568566
972.6915091891417,0.44310019050534316
972.7915091891417,0.43820847977598715
972.8915091891417,0.43315407545522566
972.9915091891418,0.4279438796106842
973.0915091891418,0.4225849453147501
973.1915091891418,0.4170844608083763
973.2915091891418,0.411449733523451
973.3915091891419,0.40568817401312574
973.4915091891419,0.39980727983918235
973.5915091891419,0.3938146194650179
973.6915091891419,0.3877178162021399
973.791509189142,0.38152453225719624
973.891509189142,0.37524245292551955
973.991509189142,0.36887927097596074
974.091509189142,0.36244267127041474
974.191509189142,0.35594031565992423
974.2915091891421,0.3493798281975907
974.3915091891421,0.3427687807067258
974.4915091891421,0.3361146787407691
974.5915091891421,0.32942494796947447
974.6915091891422,0.3227069210237438
974.7915091891422,0.3159678248292802
974.8915091891422,0.3092147684569437
974.9915091891422,0.3024547315153428
975.0915091891422,0.29569455310879056
975.1915091891423,0.2889409213813069
975.2915091891423,0.2822003636648768
975.3915091891423,0.2754792372476759
975.4915091891423,0.26878372077548157
975.5915091891424,0.26211980629698656
975.6915091891424,0.25549329196125864
975.7915091891424,0.24890977537313372
975.8915091891424,0.24237464760991576
975.9915091891424,0.23589308790038785
976.0915091891425,0.22947005896482398
976.1915091891425,0.22311030301244464
976.2915091891425,0.2168183383905819
976.3915091891425,0.21059845687772705
976.4915091891426,0.2044547216106243
976.5915091891426,0.19839096563366543
976.6915091891426,0.19241079105702352
976.7915091891426,0.18651756880826176
976.8915091891427,0.18071443896055248
976.9915091891427,0.175004311619161
977.0915091891427,0.169389868346482
977.1915091891427,0.16387356410466855
977.2915091891427,0.15845762969377034
977.3915091891428,0.15314407466229182
977.4915091891428,0.1479346906662045
977.5915091891428,0.14283105525168727
977.6915091891428,0.1378345360362357
977.7915091891429,0.1329462952622666
977.8915091891429,0.12816729469694976
977.9915091891429,0.12349830085172012
978.0915091891429,0.11893989049476107
978.191509189143,0.11449245642969473
978.291509189143,0.11015621351376989
978.391509189143,0.10593120488899473
978.491509189143,0.10181730839991614
978.591509189143,0.09781424317209665
978.6915091891431,0.09392157632577701
978.7915091891431,0.09013872979973267
978.8915091891431,0.08646498726093156
978.9915091891431,0.08289950107627019
979.0915091891432,0.07944129932340184
979.1915091891432,0.0760892928184684
979.2915091891432,0.07284228213939788
979.3915091891432,0.06969896462433024
979.4915091891432,0.06665794132567665
979.5915091891433,0.06371772390129528
979.6915091891433,0.06087674142527772
979.7915091891433,0.05813334710187372
979.8915091891433,0.05548582486713615
979.9915091891434,0.05293239586393529
980.0915091891434,0.05047122477706867
980.1915091891434,0.04810042601627099
980.2915091891434,0.045818069736007945
980.3915091891434,0.04362218768200828
980.4915091891435,0.04151077885555107
980.5915091891435,0.039481814987570515
980.6915091891435,0.03753324581566934
980.7915091891435,0.03566300415813644
980.8915091891436,0.03386901078004555
980.9915091891436,0.03214917904746165
981.0915091891436,0.03050141936670279
981.1915091891436,0.028923643406489934
981.2915091891437,0.027413768101668012
981.3915091891437,0.0259697194379926
981.4915091891437,0.024589436018248916
981.5915091891437,0.023270872410701252
981.6915091891437,0.02201200228155974
981.7915091891438,0.02081082131379781
981.8915091891438,0.019665349915256782
981.9915091891438,0.01857363571953263
982.0915091891438,0.0175337558836557
982.1915091891439,0.016543819187045766
982.2915091891439,0.015601967936652594
982.3915091891439,0.014706379683577965
982.4915091891439,0.013855268756818367
982.591509189144,0.01304688762006896
982.691509189144,0.012279528057791915
982.791509189144,0.011551522196974164
982.891509189144,0.010861243371184581
982.991509189144,0.010207106833689228
983.0915091891441,0.009587570326496169
983.1915091891441,0.009001134512281924
983.2915091891441,0.008446343276199584
983.3915091891441,0.007921783904586895
983.4915091891442,0.007426087147582764
983.5915091891442,0.006957927172623773
983.6915091891442,0.00651602141573106
983.7915091891442,0.00609913033741367
983.8915091891442,0.005706057089908851
983.9915091891443,0.005335647102355091
984.0915091891443,0.004986787590351202
984.1915091891443,0.004658406996196386
984.2915091891443,0.0043494743659339245
984.3915091891444,0.004058998669136064
984.4915091891444,0.003786028067171928
984.5915091891444,0.003529649135495232
984.6915091891444,0.0032889860452755405
984.7915091891444,0.003063199709477681
984.8915091891445,0.0028514868982696382
984.9915091891445,0.002653079328411326
985.0915091891445,0.0024672427310464106
985.1915091891445,0.002293275902087621
985.2915091891446,0.0021305097391543766
985.3915091891446,0.0019783062687905727
985.4915091891446,0.0018360576674612524
985.5915091891446,0.001703185279600489
985.6915091891447,0.0015791386357597343
985.7915091891447,0.0014633944736871277
985.8915091891447,0.0013554557649542007
985.9915091891447,0.0012548507495378635
986.0915091891447,0.001161131980562829
986.1915091891448,0.0010738753812133495
986.2915091891448,0.0009926793156335334
986.3915091891448,0.0009171636754530092
986.4915091891448,0.0008469689833995076
986.5915091891449,0.0007817555152923209
986.6915091891449,0.0007212024415505968
986.7915091891449,0.0006650069891983313
986.8915091891449,0.0006128836252036167
986.991509189145,0.0005645632618533262
987.091509189145,0.0005197924847358744
987.191509189145,0.0004783328037840125
987.291509189145,0.00043995992771660115
987.391509189145,0.0004044630621129261
987.4915091891451,0.00037164423125522067
987.5915091891451,0.0003413176237843715
987.6915091891451,0.000313308962130306
987.7915091891451,0.00028745489560183784
987.8915091891452,0.0002636024169508073
987.9915091891452,0.0002416083021617409
988.0915091891452,0.00022133857316086056
988.1915091891452,0.00020266798308677585
988.2915091891452,0.00018547952371932567
988.3915091891453,0.00016966395462256057
988.4915091891453,0.00015511935352245993
988.5915091891453,0.0001417506874093972
988.6915091891453,0.00012946940382935974
988.7915091891454,0.0001181930418061431
988.8915091891454,0.00010784486181900075
988.9915091891454,9.835349424618453e-05
989.0915091891454,8.965260567425556e-05
989.1915091891454,8.168058246569651e-05
989.2915091891455,7.438023097296814e-05
989.3915091891455,6.769849378549444e-05
989.4915091891455,6.158618139688645e-05
989.5915091891455,5.599771868281114e-05
989.6915091891456,5.0890905585052634e-05
989.7915091891456,4.6226691404304436e-05
989.8915091891456,4.196896211286678e-05
989.9915091891456,3.8084340108524667e-05
990.0915091891457,3.4541995842265875e-05
990.1915091891457,3.1313470765004856e-05
990.2915091891457,2.8372511051947053e-05
990.3915091891457,2.5694911577512512e-05
990.4915091891457,2.3258369628702815e-05
990.5915091891458,2.104234786031305e-05
990.6915091891458,1.9027946011339576e-05
990.7915091891458,1.7197780918212062e-05
990.8915091891458,1.5535874376976926e-05
990.9915091891459,1.4027548423192313e-05
991.0915091891459,1.2659327614976011e-05
991.1915091891459,1.1418847921301497e-05
991.2915091891459,1.029477183419451e-05
991.391509189146,9.276709339883456e-06
991.491509189146,8.355144400144706e-06
991.591509189146,7.5213666110107715e-06
991.691509189146,6.767407721633536e-06
991.791509189146,6.0859827113788816e-06
991.8915091891461,5.470435138140669e-06
991.9915091891461,4.914686485376975e-06
992.0915091891461,4.413189249463991e-06
992.1915091891461,3.960883522618963e-06
992.2915091891462,3.5531568398457352e-06
992.3915091891462,3.1858070710964906e-06
992.4915091891462,2.855008152112997e-06
992.5915091891462,2.557278459205897e-06
992.6915091891462,2.289451644549937e-06
992.7915091891463,2.0486497594175232e-06
992.8915091891463,1.8322585031448254e-06
992.9915091891463,1.6379044455299728e-06
993.0915091891463,1.4634340798071187e-06
993.1915091891464,1.306894572332329e-06
993.2915091891464,1.1665160836660878e-06
993.3915091891464,1.0406955438537964e-06
993.4915091891464,9.279817724008726e-07
993.5915091891464,8.270618407255166e-07
993.6915091891465,7.367485817626112e-07
993.7915091891465,6.559691578997447e-07
993.8915091891465,5.837546045649685e-07
993.9915091891465,5.19230272569341e-07
994.0915091891466,4.6160709774976373e-07
994.1915091891466,4.1017363157329833e-07
994.2915091891466,3.642887711672059e-07
994.3915091891466,3.233751317434321e-07
994.4915091891467,2.869130086061474e-07
994.5915091891467,2.544348798799856e-07
994.6915091891467,2.2552040478821427e-07
994.7915091891467,1.9979187575750132e-07
994.8915091891467,1.7691008584198683e-07
994.9915091891468,1.5657057595656932e-07
995.0915091891468,1.385002291997581e-07
995.1915091891468,1.2245418214187777e-07
995.2915091891468,1.0821302536606886e-07
995.3915091891469,9.55802677883398e-08
995.4915091891469,8.438004135926365e-08
995.5915091891469,7.44550246738137e-08
995.6915091891469,6.566456579680544e-08
995.791509189147,5.7882986258603326e-08
995.891509189147,5.0998049697807305e-08
995.991509189147,4.490958003283346e-08
996.091509189147,3.952821534044401e-08
996.191509189147,3.477428481379803e-08
996.2915091891471,3.0576797272508725e-08
996.3915091891471,2.687253070909128e-08
996.4915091891471,2.3605213286369263e-08
996.5915091891471,2.0724787054711635e-08
996.6915091891472,1.818674644195304e-08
996.7915091891472,1.5951544287697788e-08
996.8915091891472,1.398405885227938e-08
996.9915091891472,1.2253115833524596e-08
997.0915091891472,1.073105997589421e-08
997.1915091891473,9.393371360549538e-09
997.2915091891473,8.218321925122237e-09
997.3915091891473,7.186668181919197e-09
997.4915091891473,6.281376486196414e-09
997.5915091891474,5.487377554975532e-09
997.6915091891474,4.791347254447828e-09
997.7915091891474,4.181510962881402e-09
997.8915091891474,3.647469078520452e-09
997.9915091891475,3.180041480445828e-09
998.0915091891475,2.771128966803688e-09
998.1915091891475,2.413589891092937e-09
998.2915091891475,2.1011303950744264e-09
998.3915091891475,1.8282067979342726e-09
998.4915091891476,1.5899388470776133e-09
998.5915091891476,1.3820326677101744e-09
998.6915091891476,1.2007123674325824e-09
998.7915091891476,1.042659359574791e-09
998.8915091891477,9.049585659881224e-10
998.9915091891477,7.850507474551574e-10
999.0915091891477,6.80690288655876e-10
999.1915091891477,5.899078355501191e-10
999.2915091891477,5.10977246839361e-10
999.3915091891478,4.423863785291571e-10
999.4915091891478,3.828112721414774e-10
999.5915091891478,3.310933633840899e-10
999.6915091891478,2.862193695817346e-10
999.7915091891479,2.4730355137510816e-10
999.8915091891479,2.1357207752029756e-10
999.9915091891479,1.8434925145603315e-10
1000.0915091891479,1.5904538499664648e-10
1000.191509189148,1.371461283695931e-10
1000.291509189148,1.182030871335199e-10
1000.391509189148,1.0182557554404041e-10
1000.491509189148,8.767337291346506e-11
1000.591509189148,7.545036464853625e-11
1000.6915091891481,6.489896313745196e-11
1000.7915091891481,5.579521566592537e-11
1000.8915091891481,4.79445172267295e-11
1000.9915091891481,4.1177855587677746e-11
1001.0915091891482,3.534852442491502e-11
1001.1915091891482,3.0329247824696045e-11
1001.2915091891482,2.6009666109042125e-11
1001.3915091891482,2.2294138839931656e-11
1001.4915091891482,1.909982608476893e-11
1001.5915091891483,1.6355013656128353e-11
1001.6915091891483,1.3997652136844563e-11
1001.7915091891483,1.1974083126232762e-11
1001.8915091891483,1.0237929347148255e-11
1001.9915091891484,8.749128083757675e-12
1002.0915091891484,7.473089918265899e-12
1002.1915091891484,6.379966938905063e-12
1002.2915091891484,5.444016534657566e-12
1002.3915091891485,4.6430486042359985e-12
1002.4915091891485,3.9579455143032436e-12
1002.5915091891485,3.372245468381774e-12
1002.6915091891485,2.8717811143626697e-12
1002.7915091891485,2.444366243627566e-12
1002.8915091891486,2.0795243351000438e-12
1002.9915091891486,1.7682534877396478e-12
1003.0915091891486,1.5028229781089952e-12
1003.1915091891486,1.2765972872260779e-12
1003.2915091891487,1.083883973179581e-12
1003.3915091891487,9.198022319793126e-13
1003.4915091891487,7.801693968312933e-13
1003.5915091891487,6.614029825331119e-13
1003.6915091891487,5.604361932181565e-13
1003.7915091891488,4.746450837398586e-13
1003.8915091891488,4.017858024336031e-13
1003.9915091891488,3.3994055009928094e-13
1004.0915091891488,2.874710705773049e-13
1004.1915091891489,2.42978645557941e-13
1004.2915091891489,2.0526970318118378e-13
1004.3915091891489,1.7332626911189944e-13
1004.4915091891489,1.4628059236022466e-13
1004.591509189149,1.233933681329401e-13
1004.691509189149,1.0403505817714943e-13
1004.791509189149,8.766987692921592e-14
1004.891509189149,7.384207063679437e-14
1004.991509189149,6.216416764187381e-14
1005.0915091891491,5.230692221404285e-14
1005.1915091891491,4.399071259376595e-14
1005.2915091891491,3.697818702099936e-14
1005.3915091891491,3.1067980162008993e-14
