957.6915091891383,1.0001235676707279
957.7915091891383,1.0019063551225125
957.8915091891383,1.0037402069346375
957.9915091891384,1.0056259336750073
958.0915091891384,1.007564330545522
958.1915091891384,1.0095561759061302
958.2915091891384,1.011602229769806
958.3915091891384,1.0137032322700081
958.4915091891385,1.0158599021022916
958.5915091891385,1.0180729349418538
958.6915091891385,1.0203430018389048
958.7915091891385,1.022670747593871
958.8915091891386,1.02505678911454
958.9915091891386,1.027501713757375
959.0915091891386,1.0300060776553261
959.1915091891386,1.0325704040345784
959.2915091891387,1.0351951815227738
959.3915091891387,1.037880862451355
959.4915091891387,1.0406278611547668
959.5915091891387,1.0434365522693583
959.6915091891387,1.0463072690349098
959.7915091891388,1.0492403016018075
959.8915091891388,1.0522358953469662
959.9915091891388,1.0552942492016832
960.0915091891388,1.0584155139946843
960.1915091891389,1.0615997908136838
960.2915091891389,1.0648471293888597
960.3915091891389,1.0681575265016863
960.4915091891389,1.071530924422636
960.591509189139,1.0749672093812959
960.691509189139,1.0784662100724869
960.791509189139,1.0820276962020126
960.891509189139,1.0856513770756764
960.991509189139,1.089336900235235
961.0915091891391,1.0930838501449596
961.1915091891391,1.0968917469324728
961.2915091891391,1.100760045187535
961.3915091891391,1.1046881328224212
961.4915091891392,1.1086753299975187
961.5915091891392,1.1127208881157318
961.6915091891392,1.1168239888892417
961.7915091891392,1.1209837434821188
961.8915091891392,1.1251991917322168
961.9915091891393,1.12946930145571
962.0915091891393,1.1337929678375607
962.1915091891393,1.1381690129110964
962.2915091891393,1.1425961851297992
962.3915091891394,1.1470731590342775
962.4915091891394,1.1515985350172895
962.5915091891394,1.1561708391895484
962.6915091891394,1.1607885233489035
962.7915091891394,1.1654499650553514
962.8915091891395,1.1701534678141619
962.9915091891395,1.1748972613692548
963.0915091891395,1.1796795021087743
963.1915091891395,1.1844982735846399
963.2915091891396,1.1893515871476517
963.3915091891396,1.194237382699539
963.4915091891396,1.1991535295631293
963.5915091891396,1.2040978274716085
963.6915091891397,1.2090680076776195
963.7915091891397,1.2140617341827258
963.8915091891397,1.2190766050875321
963.9915091891397,1.2241101540625214
964.0915091891397,1.2291598519394256
964.1915091891398,1.2342231084227009
964.2915091891398,1.2392972739204333
964.3915091891398,1.2443796414937451
964.4915091891398,1.24946744892352
964.5915091891399,1.254557880893008
964.6915091891399,1.259648071284615
964.7915091891399,1.264735105588919
964.8915091891399,1.2698160234237073
964.99150918914,1.2748878211605537
965.09150918914,1.2799474546562188
965.19150918914,1.284991842085888
965.29150918914,1.2900178668750113
965.39150918914,1.2950223807262717
965.4915091891401,1.3000022067379502
965.5915091891401,1.3049541426097246
965.6915091891401,1.3098749639317075
965.7915091891401,1.3147614275522903
965.8915091891402,1.319610275020152
965.9915091891402,1.3244182360955676
966.0915091891402,1.329182032325954
966.1915091891402,1.3338983806803848
966.2915091891402,1.338563997237629
966.3915091891403,1.343175600922084
966.4915091891403,1.3477299172818071
966.5915091891403,1.3522236823026978
966.6915091891403,1.3566536462527392
966.7915091891404,1.3610165775500662
966.8915091891404,1.3653092666485256
966.9915091891404,1.3695285299342697
967.0915091891404,1.373671213626846
967.1915091891404,1.3777341976781612
967.2915091891405,1.381714399662632
967.3915091891405,1.3856087786517919
967.4915091891405,1.3894143390665825
967.5915091891405,1.3931281345005417
967.6915091891406,1.3967472715070952
967.7915091891406,1.400268913344169
967.8915091891406,1.403690283669371
967.9915091891406,1.4070086701790245
968.0915091891407,1.4102214281844048
968.1915091891407,1.4133259841185906
968.2915091891407,1.4163198389674476
968.3915091891407,1.4192005716183496
968.4915091891407,1.4219658421203738
968.5915091891408,1.4246133948498405
968.6915091891408,1.42714106157521
968.7915091891408,1.4295467644155249
968.8915091891408,1.431828518686754
968.9915091891409,1.4339844356306006
969.0915091891409,1.4360127250205221
969.1915091891409,1.4379116976399537
969.2915091891409,1.4396797676279396
969.391509189141,1.441315454687627
969.491509189141,1.4428173861533349
969.591509189141,1.4441842989121707
969.691509189141,1.445415041176447
969.791509189141,1.4465085741034351
969.8915091891411,1.4474639732592869
969.9915091891411,1.4482804299242564
970.0915091891411,1.4489572522366687
970.1915091891411,1.4494938661733898
970.2915091891412,1.4498898163648843
970.3915091891412,1.4501447667432659
970.4915091891412,1.450258501022084
970.5915091891412,1.4502048094741622
970.6915091891412,1.4499069484470042
970.7915091891413,1.4493603612905368
970.8915091891413,1.4485658680135118
970.9915091891413,1.4475246592038835
971.0915091891413,1.4462382930646758
971.1915091891414,1.444708691537865
971.2915091891414,1.4429381355298496
971.3915091891414,1.4409292592551892
971.4915091891414,1.4386850437183372
971.5915091891414,1.4362088093560335
971.6915091891415,1.433504207865879
971.7915091891415,1.4305752132493421
971.8915091891415,1.427426112100061
971.9915091891415,1.424061493170783
972.0915091891416,1.420486236254598
972.1915091891416,1.4167055004183131
972.2915091891416,1.4127247116278
972.3915091891416,1.408549549807002
972.4915091891417,1.4041859353739292
972.5915091891417,1.3996400152984403
972.6915091891417,1.3949181487278965
972.7915091891417,1.3900268922278467
972.8915091891417,1.384972984685796
972.9915091891418,1.3797633319267946
973.0915091891418,1.3744049910900666
973.1915091891418,1.3689051548161943
973.2915091891418,1.363271135294441
973.3915091891419,1.3575103482197044
973.4915091891419,1.3516302967082698
973.5915091891419,1.3456385552210437
973.6915091891419,1.3395427535422593
973.791509189142,1.3333505608607863
973.891509189142,1.3270696700001354
973.991509189142,1.320707781842044
974.091509189142,1.3142725899871683
974.191509189142,1.307771765694884
974.2915091891421,1.3012129431425576
974.3915091891421,1.294603705042848
974.4915091891421,1.2879515686556968
974.5915091891421,1.281263972229652
974.6915091891422,1.2745482619050401
974.7915091891422,1.267811679109308
974.8915091891422,1.2610613484725632
974.9915091891422,1.2543042662889976
975.0915091891422,1.2475472895474775
975.1915091891423,1.2407971255521402
975.2915091891423,1.2340603221513626
975.3915091891423,1.2273432585909794
975.4915091891423,1.2206521370051264
975.5915091891424,1.213992974555595
975.6915091891424,1.2073715962281035
975.7915091891424,1.2007936282914389
975.8915091891424,1.194264492423008
975.9915091891424,1.1877894005019665
976.0915091891425,1.181373350068779
976.1915091891425,1.1750211204478136
976.2915091891425,1.1687372695273943
976.3915091891425,1.1625261311896433
976.4915091891426,1.1563918133804207
976.5915091891426,1.1503381968077686
976.6915091891426,1.1443689342554324
976.7915091891426,1.1384874504963303
976.8915091891427,1.1326969427892282
976.9915091891427,1.1270003819403924
977.0915091891427,1.121400513910611
977.1915091891427,1.1158998619467155
977.2915091891427,1.1105007292156064
977.3915091891428,1.1052052019177512
977.4915091891428,1.1000151528562485
977.5915091891428,1.094932245436761
977.6915091891428,1.0899579380729794
977.7915091891429,1.0850934889717365
977.8915091891429,1.080339961271482
977.9915091891429,1.075698228507522
978.0915091891429,1.0711689803772464
978.191509189143,1.0667527287784773
978.291509189143,1.0624498140941099
978.391509189143,1.0582604116963366
978.491509189143,1.0541845386439697
978.591509189143,1.050222060546699
978.6915091891431,1.0463726985705204
978.7915091891431,1.0426360365590523
978.8915091891431,1.0390115282460255
978.9915091891431,1.0354985045348568
979.0915091891432,1.032096180821913
979.1915091891432,1.0288036643408298
979.2915091891432,1.025619961506053
979.3915091891432,1.0225439852346263
979.4915091891432,1.0195745622261427
979.5915091891433,1.0167104401817109
979.6915091891433,1.0139502949437422
979.7915091891433,1.0112927375393523
979.8915091891433,1.0087363211111684
979.9915091891434,1.006279547720352
980.0915091891434,1.003920875007665
980.1915091891434,1.001658722699433
980.2915091891434,0.9994914789462868
980.3915091891434,0.9974175064835696
980.4915091891435,0.9954351486033111
980.5915091891435,0.9935427349286563
980.6915091891435,0.9917385869826117
980.7915091891435,0.9900210235439171
980.8915091891436,0.9883883657837798
980.9915091891436,0.9868389421781064
981.0915091891436,0.9853710931907315
981.1915091891436,0.9839831757239779
981.2915091891437,0.9826735673336862
981.3915091891437,0.9814406702066114
981.4915091891437,0.9802829148988158
981.5915091891437,0.9791987638343703
981.6915091891437,0.9781867145643338
981.7915091891438,0.9772453027865811
981.8915091891438,0.9763731051276278
981.9915091891438,0.9755687416881264
982.0915091891438,0.9748308783542002
982.1915091891439,0.9741582288772328
982.2915091891439,0.9735495567251456
982.3915091891439,0.9730036767085706
982.4915091891439,0.9725194563856638
982.591509189144,0.9720958172496138
982.691509189144,0.9717317357031626
982.791509189144,0.9714262438247018
982.891509189144,0.9711784299307082
982.991509189144,0.9709874389394653
983.0915091891441,0.9708524725411631
983.1915091891441,0.970772789179601
983.2915091891441,0.9707477038508115
983.3915091891441,0.9707765877240119
983.4915091891442,0.9708588675903431
983.5915091891442,0.9709940251449045
983.6915091891442,0.9711815961076165
983.7915091891442,0.9714211691884578
983.8915091891442,0.9717123849026269
983.9915091891443,0.9720549342411652
984.0915091891443,0.9724485572025685
984.1915091891443,0.9728930411908858
984.2915091891443,0.9733882192857787
984.3915091891444,0.973933968389985
984.4915091891444,0.9745302072595982
984.5915091891444,0.9751768944225382
984.6915091891444,0.9758740259905646
984.7915091891444,0.9766216333701496
984.8915091891445,0.9774197808775039
984.9915091891445,0.9782685632630298
985.0915091891445,0.979168103150459
985.1915091891445,0.9801185483959239
985.2915091891446,0.981120069372207
985.3915091891446,0.9821728561834212
985.4915091891446,0.9832771158153811
985.5915091891446,0.9844330692269505
985.6915091891447,0.985640948387673
985.7915091891447,0.9869009932670343
985.8915091891447,0.9882134487807444
985.9915091891447,0.989578561699478
986.0915091891447,0.9909965775255736
986.1915091891448,0.9924677373432509
986.2915091891448,0.9939922746479829
986.3915091891448,0.9955704121607275
986.4915091891448,0.9972023586328137
986.5915091891449,0.9988883056473534
986.6915091891449,1.0006284244231427
986.7915091891449,1.0024228626271041
986.8915091891449,1.0042717412014133
986.991509189145,1.006175151211539
987.091509189145,1.0081331507215228
987.191509189145,1.0101457617028973
987.291509189145,1.0122129669837419
987.391509189145,1.014334707244432
987.4915091891451,1.0165108780667254
987.5915091891451,1.0187413270428785
987.6915091891451,1.0210258509515495
987.7915091891451,1.0233641930072817
987.8915091891452,1.0257560401903918
987.9915091891452,1.0282010206641126
988.0915091891452,1.0306987012858355
988.1915091891452,1.0332485852192925
988.2915091891452,1.0358501096544905
988.3915091891453,1.0385026436421592
988.4915091891453,1.0412054860494189
988.5915091891453,1.0439578636432836
988.6915091891453,1.0467589293085147
988.7915091891454,1.0496077604062157
988.8915091891454,1.0525033572794114
988.9915091891454,1.0554446419116803
989.0915091891454,1.0584304567447285
989.1915091891454,1.061459563660563
989.2915091891455,1.0645306431336945
989.3915091891455,1.067642293558528
989.4915091891455,1.07079303075682
989.5915091891455,1.073981287669762
989.6915091891456,1.0772054142389198
989.7915091891456,1.0804636774799006
989.8915091891456,1.0837542617522373
989.9915091891456,1.0870752692285732
990.0915091891457,1.0904247205658129
990.1915091891457,1.0938005557804513
990.2915091891457,1.0972006353298354
990.3915091891457,1.1006227414006207
990.4915091891457,1.104064579405191
990.5915091891458,1.1075237796862858
990.6915091891458,1.1109978994295526
990.7915091891458,1.11448442478319
990.8915091891458,1.117980773183295
990.9915091891459,1.1214842958829578
991.0915091891459,1.124992280682574
991.1915091891459,1.1285019548582609
991.2915091891459,1.1320104882846787
991.391509189146,1.1355149967479754
991.491509189146,1.1390125454439772
991.591509189146,1.1425001526561696
991.691509189146,1.145974793607428
991.791509189146,1.1494334044788845
991.8915091891461,1.1528728865887528
991.9915091891461,1.156290110723374
992.0915091891461,1.159681921612215
992.1915091891461,1.1630451425380135
992.2915091891462,1.166376580072765
992.3915091891462,1.1696730289297599
992.4915091891462,1.1729312769214066
992.5915091891462,1.1761481100121447
992.6915091891462,1.1793203174553313
992.7915091891463,1.182444697002603
992.8915091891463,1.185518060173856
992.9915091891463,1.1885372375756658
993.0915091891463,1.1914990842556794
993.1915091891464,1.1944004850802548
993.2915091891464,1.197238360122407
993.3915091891464,1.2000096700469436
993.4915091891464,1.2027114214795245
993.5915091891464,1.2053406723462894
993.6915091891465,1.207894537170631
993.7915091891465,1.210370192313682
993.8915091891465,1.2127648811450986
993.9915091891465,1.215075919130807
994.0915091891466,1.2173006988244777
994.1915091891466,1.219436694749655
994.2915091891466,1.2214814681596629
994.3915091891466,1.2234326716626536
994.4915091891467,1.2252880536994444
994.5915091891467,1.2270454628621157
994.6915091891467,1.2287028520417054
994.7915091891467,1.2302582823937445
994.8915091891467,1.2317099271108227
994.9915091891468,1.2330560749918473
995.0915091891468,1.2342951337981862
995.1915091891468,1.2354256333874303
995.2915091891468,1.2364462286160969
995.3915091891469,1.2373557020032102
995.4915091891469,1.2381529661473385
995.5915091891469,1.2388370658903343
995.6915091891469,1.2394071802217197
995.791509189147,1.2398626239183745
995.891509189147,1.2402028489149106
995.991509189147,1.2404274454008788
996.091509189147,1.240536142641707
996.191509189147,1.2405287357974562
996.2915091891471,1.2404048870292308
996.3915091891471,1.240164701791377
996.4915091891471,1.2398084705843606
996.5915091891471,1.2393366240033292
996.6915091891472,1.2387497318698888
996.7915091891472,1.2380485020845782
996.8915091891472,1.2372337792032706
996.9915091891472,1.2363065427414979
997.0915091891472,1.2352679052114572
997.1915091891473,1.2341191098971953
997.2915091891473,1.232861528374198
997.3915091891473,1.2314966577802975
997.4915091891473,1.2300261178455005
997.5915091891474,1.2284516476889742
997.6915091891474,1.226775102392052
997.7915091891474,1.2249984493567077
997.8915091891474,1.2231237644594963
997.9915091891475,1.2211532280114779
998.0915091891475,1.2190891205351233
998.1915091891475,1.2169338183696423
998.2915091891475,1.2146897891165733
998.3915091891475,1.212359586937841
998.4915091891476,1.2099458477188003
998.5915091891476,1.2074512841090699
998.6915091891476,1.2048786804541811
998.7915091891476,1.2022308876312682
998.8915091891477,1.1995108178021594
998.9915091891477,1.1967214390973384
999.0915091891477,1.193865770244295
999.1915091891477,1.1909468751537997
999.2915091891477,1.187967857477605
999.3915091891478,1.1849318551509969
999.4915091891478,1.1818420349335153
999.5915091891478,1.1787015869609867
999.6915091891478,1.175513719321834
999.7915091891479,1.1722816526703717
999.8915091891479,1.1690086148895389
999.9915091891479,1.1656978358151928
1000.0915091891479,1.1623525420337588
1000.191509189148,1.1589759517646372
1000.291509189148,1.155571269838372
1000.391509189148,1.1521416827811417
1000.491509189148,1.1486903540156657
1000.591509189148,1.1452204191881377
1000.6915091891481,1.141734981630275
1000.7915091891481,1.1382371079650484
1000.8915091891481,1.1347298238640995
1000.9915091891481,1.1312161099642895
1001.0915091891482,1.127698897950241
1001.1915091891482,1.12418106680914
1001.2915091891482,1.1206654392634718
1001.3915091891482,1.117154778386746
1001.4915091891482,1.1136517844066636
1001.5915091891483,1.1101590916995638
1001.6915091891483,1.1066792659793672
1001.7915091891483,1.1032148016836312
1001.8915091891483,1.0997681195587228
1001.9915091891484,1.0963415644455095
1002.0915091891484,1.092937403266387
1002.1915091891484,1.0895578232138767
1002.2915091891484,1.0862049301404562
1002.3915091891485,1.0828807471487383
1002.4915091891485,1.0795872133805704
1002.5915091891485,1.0763261830031094
1002.6915091891485,1.073099424389424
1002.7915091891485,1.069908619490696
1002.8915091891486,1.0667553633966282
1002.9915091891486,1.0636411640802408
1003.0915091891486,1.060567442322804
1003.1915091891486,1.0575355318142885
1003.2915091891487,1.0545466794243321
1003.3915091891487,1.0516020456383934
1003.4915091891487,1.0487027051534459
1003.5915091891487,1.0458496476272823
1003.6915091891487,1.0430437785752407
1003.7915091891488,1.0402859204079284
1003.8915091891488,1.0375768136033212
1003.9915091891488,1.0349171180064336
1004.0915091891488,1.0323074142496063
1004.1915091891489,1.0297482052863347
1004.2915091891489,1.0272399180314613
1004.3915091891489,1.024782905100489
1004.4915091891489,1.022377446640719
1004.591509189149,1.020023752246899
1004.691509189149,1.0177219629540706
1004.791509189149,1.0154721533003255
1004.891509189149,1.0132743334522327
1004.991509189149,1.0111284513857641
1005.0915091891491,1.0090343951156366
1005.1915091891491,1.0069919949660977
1005.2915091891491,1.0050010258763091
1005.3915091891491,1.0030612097336251
