958.5055166285262,0.049003531261899984
958.6055166285262,0.051106157126757625
958.7055166285262,0.053280651485251934
958.8055166285262,0.0555285430798717
958.9055166285262,0.05785134801691154
959.0055166285263,0.06025056710195543
959.1055166285263,0.06272768309032428
959.2055166285263,0.0652841578547283
959.3055166285263,0.0679214294726606
959.4055166285264,0.07064090923637117
959.5055166285264,0.07344397858856754
959.6055166285264,0.07633198598729687
959.7055166285264,0.07930624370377952
959.8055166285264,0.08236802455727661
959.9055166285265,0.08551855859139221
960.0055166285265,0.0887590296965252
960.1055166285265,0.09209057218350254
960.2055166285265,0.0955142673137368
960.3055166285266,0.09903113979156312
960.4055166285266,0.10264215422471536
960.5055166285266,0.10634821155920215
960.6055166285266,0.11015014549513905
960.7055166285267,0.11404871889037782
960.8055166285267,0.11804462015905465
960.9055166285267,0.12213845967244479
961.0055166285267,0.12633076616977013
961.1055166285267,0.13062198318684984
961.2055166285268,0.13501246551071594
961.3055166285268,0.13950247566853258
961.4055166285268,0.14409218045935732
961.5055166285268,0.1487816475374672
961.6055166285269,0.15357084205613777
961.7055166285269,0.15845962338090763
961.8055166285269,0.16344774188148856
961.9055166285269,0.1685348358115837
962.005516628527,0.17372042828595757
962.105516628527,0.1790039243641608
962.205516628527,0.18438460825034314
962.305516628527,0.1898616406185998
962.405516628527,0.1954340560732743
962.5055166285271,0.201100760753598
962.6055166285271,0.20686053009197375
962.7055166285271,0.21271200673510915
962.8055166285271,0.21865369863707654
962.9055166285272,0.22468397733321627
963.0055166285272,0.23080107640361536
963.1055166285272,0.23700309013467105
963.2055166285272,0.24328797238700509
963.3055166285272,0.24965353567771523
963.4055166285273,0.25609745048464283
963.5055166285273,0.2626172447799992
963.6055166285273,0.26921030380032723
963.7055166285273,0.27587387005937686
963.8055166285274,0.28260504361005223
963.9055166285274,0.289400782561134
964.0055166285274,0.2962579038540013
964.1055166285274,0.3031730843040729
964.2055166285274,0.3101428619111555
964.3055166285275,0.3171636374423309
964.4055166285275,0.32423167629043587
964.5055166285275,0.3313431106105866
964.6055166285275,0.33849394173657826
964.7055166285276,0.34568004287835113
964.8055166285276,0.3528971621010523
964.9055166285276,0.36014092558555283
965.0055166285276,0.36740684116958794
965.1055166285277,0.37469030216798815
965.2055166285277,0.3819865914697601
965.3055166285277,0.3892908859090527
965.4055166285277,0.39659826090632216
965.5055166285277,0.4039036953752772
965.6055166285278,0.4112020768904553
965.7055166285278,0.41848820710954826
965.8055166285278,0.42575680744386796
965.9055166285278,0.4330025249696185
966.0055166285279,0.4402199385719233
966.1055166285279,0.4474035653128516
966.2055166285279,0.45454786701399064
966.3055166285279,0.4616472570434319
966.405516628528,0.4686961072963756
966.505516628528,0.4756887553579112
966.605516628528,0.4826195118359116
966.705516628528,0.4894826678513775
966.805516628528,0.4962725026729952
966.9055166285281,0.5029832914821272
967.0055166285281,0.5096093132539382
967.1055166285281,0.5161448587398781
967.2055166285281,0.5225842385362952
967.3055166285282,0.5289217912235391
967.4055166285282,0.5351518915595417
967.5055166285282,0.5412689587115254
967.6055166285282,0.5472674645092005
967.7055166285282,0.5531419417025558
967.8055166285283,0.5588869922071448
967.9055166285283,0.5644972953196048
968.0055166285283,0.5699676158860316
968.1055166285283,0.5752928124057611
968.2055166285284,0.5804678450530912
968.3055166285284,0.5854877835994988
968.4055166285284,0.5903478152189856
968.5055166285284,0.5950432521593091
968.6055166285284,0.5995695392620259
968.7055166285285,0.6039222613144984
968.8055166285285,0.6080971502172827
968.9055166285285,0.6120900919506354
969.0055166285285,0.615897133324241
969.1055166285286,0.6195144884946733
969.2055166285286,0.6229385452355592
969.3055166285286,0.626165870945921
969.4055166285286,0.6291932183827096
969.5055166285287,0.6320175311041356
969.6055166285287,0.6346359486110278
969.7055166285287,0.637045811174115
969.8055166285287,0.6392446643358294
969.9055166285287,0.6412302630759672
970.0055166285288,0.64300057563131
970.1055166285288,0.6445537869601093
970.2055166285288,0.6458883018431684
970.3055166285288,0.6470027476140989
970.4055166285289,0.6478959765122188
970.5055166285289,0.6485670676524379
970.6055166285289,0.6490153286074046
970.7055166285289,0.6492402965981051
970.805516628529,0.6492257299303567
970.905516628529,0.6488731130251013
971.005516628529,0.6481661665148188
971.105516628529,0.6471060489406705
971.205516628529,0.6456944960392369
971.3055166285291,0.6439338160068323
971.4055166285291,0.6418268832099965
971.5055166285291,0.6393771303661524
971.6055166285291,0.6365885392242057
971.7055166285292,0.6334656297804979
971.8055166285292,0.630013448070997
971.9055166285292,0.6262375525858737
972.0055166285292,0.6221439993576544
972.1055166285292,0.6177393257789423
972.2055166285293,0.6130305332102156
972.3055166285293,0.6080250684424554
972.4055166285293,0.602730804083272
972.5055166285293,0.5971560179388021
972.6055166285294,0.591309371466904
972.7055166285294,0.5851998873800742
972.8055166285294,0.5788369264790495
972.9055166285294,0.5722301638002114
973.0055166285294,0.5653895641616863
973.1055166285295,0.5583253571944254
973.2055166285295,0.5510480119455434
973.3055166285295,0.5435682111418015
973.4055166285295,0.5358968252013429
973.5055166285296,0.528044886081615
973.6055166285296,0.5200235610508718
973.7055166285296,0.511844126469724
973.8055166285296,0.5035179416679318
973.9055166285297,0.4950564229999926
974.0055166285297,0.486471018161114
974.1055166285297,0.47777318084286785
974.2055166285297,0.4689743458052173
974.3055166285297,0.4600859044387275
974.4055166285298,0.4511191808876074
974.5055166285298,0.44208540880082564
974.6055166285298,0.432995708774906
974.7055166285298,0.4238610665481671
974.8055166285299,0.4146923120021428
974.9055166285299,0.4055000990217347
975.0055166285299,0.39629488626132303
975.1055166285299,0.38708691885962704
975.20551662853,0.37788621114157733
975.30551662853,0.368702530340875
975.40551662853,0.35954538137227726
975.50551662853,0.3504239926780002
975.60551662853,0.3413473031679848
975.7055166285301,0.33232395026915335
975.8055166285301,0.3233622590942169
975.9055166285301,0.31447023273609487
976.0055166285301,0.305655543689602
976.1055166285302,0.296925526397759
976.2055166285302,0.28828717091591105
976.3055166285302,0.27974711768281363
976.4055166285302,0.27131165338397667
976.5055166285302,0.2629867078888631
976.6055166285303,0.2547778522400341
976.7055166285303,0.24669029766902162
976.8055166285303,0.23872889561061034
976.9055166285303,0.23089813868432602
977.0055166285304,0.22320216260927067
977.1055166285304,0.21564474901601283
977.2055166285304,0.2082293291170476
977.3055166285304,0.20095898819538552
977.4055166285304,0.19383647086910785
977.5055166285305,0.18686418708824928
977.6055166285305,0.1800442188191276
977.7055166285305,0.17337832737023465
977.8055166285305,0.16686796131303197
977.9055166285306,0.1605142649504496
978.0055166285306,0.15431808728556498
978.1055166285306,0.14827999144283308
978.2055166285306,0.14240026449434165
978.3055166285307,0.13667892764386683
978.4055166285307,0.1311157467219975
978.5055166285307,0.12571024294627217
978.6055166285307,0.12046170390111324
978.7055166285307,0.11536919469335245
978.8055166285308,0.1104315692402893
978.9055166285308,0.10564748164851676
979.0055166285308,0.10101539764316211
979.1055166285308,0.09653360600871726
979.2055166285309,0.0922002300042613
979.3055166285309,0.0880132387175956
979.4055166285309,0.08397045832460212
979.5055166285309,0.08006958322199578
979.605516628531,0.07630818700354972
979.705516628531,0.07268373325182408
979.805516628531,0.0691935861194103
979.905516628531,0.06583502067570166
980.005516628531,0.06260523299721037
980.1055166285311,0.059501349981457376
980.2055166285311,0.05652043886645685
980.3055166285311,0.05365951643979336
980.4055166285311,0.05091555792323559
980.5055166285312,0.04828550552074122
980.6055166285312,0.04576627661957411
980.7055166285312,0.04335477163606974
980.8055166285312,0.04104788149934481
980.9055166285312,0.03884249476794224
981.0055166285313,0.036735504376033665
981.1055166285313,0.034723814007358134
981.2055166285313,0.032804344096559586
981.3055166285313,0.030974037458989467
981.4055166285314,0.02922986455136579
981.5055166285314,0.027568828366920175
981.6055166285314,0.02598796896982244
981.7055166285314,0.024484367674744472
981.8055166285314,0.023055150878412017
981.9055166285315,0.021697493550895328
982.0055166285315,0.020408622395206875
982.1055166285315,0.019185818684507822
982.2055166285315,0.018026420786876957
982.3055166285316,0.016927826388165947
982.4055166285316,0.015887494423957847
982.5055166285316,0.014902946732061667
982.6055166285316,0.01397176943731812
982.7055166285317,0.013091614080764313
982.8055166285317,0.01226019850540817
982.9055166285317,0.011475307511004059
983.0055166285317,0.010734793290298621
983.1055166285317,0.010036575659237096
983.2055166285318,0.009378642093586789
983.3055166285318,0.008759047584350116
983.4055166285318,0.00817591432420929
983.5055166285318,0.007627431237070042
983.6055166285319,0.007111853362558312
983.7055166285319,0.006627501107074208
983.8055166285319,0.00617275937272524
983.9055166285319,0.005746076575149998
984.005516628532,0.005345963560906922
984.105516628532,0.00497099243474427
984.205516628532,0.004619795306689739
984.305516628532,0.0042910629685049785
984.405516628532,0.003983543508643838
984.5055166285321,0.0036960408744370005
984.6055166285321,0.0034274133898019956
984.7055166285321,0.003176572236349041
984.8055166285321,0.0029424799053222642
984.9055166285322,0.0027241486273846755
985.0055166285322,0.0025206387868258605
985.1055166285322,0.0023310573263457287
985.2055166285322,0.002154556148147542
985.3055166285322,0.001990330516660152
985.4055166285323,0.0018376174678049187
985.5055166285323,0.0016956942293277226
985.6055166285323,0.0015638766563325522
985.7055166285323,0.0014415176857809954
985.8055166285324,0.0013280058133625723
985.9055166285324,0.0012227635957948295
986.0055166285324,0.0011252461812802975
986.1055166285324,0.0010349398705299063
986.2055166285325,0.00095136071045999
986.3055166285325,0.0008740531223825627
986.4055166285325,0.0008025885662364445
986.5055166285325,0.0007365642421500263
986.6055166285325,0.0006756018303849903
986.7055166285326,0.0006193462704840625
986.8055166285326,0.0005674645802346609
986.9055166285326,0.0005196447148639153
987.0055166285326,0.0004755944666986314
987.1055166285327,0.0004350404053560542
987.2055166285327,0.0003977268583773162
987.3055166285327,0.0003634149320748591
987.4055166285327,0.00033188157223733886
987.5055166285327,0.0003029186642201865
987.6055166285328,0.00027633217184647955
987.7055166285328,0.000251941314450604
987.8055166285328,0.0002295777813158169
987.9055166285328,0.00020908498268563957
988.0055166285329,0.00019031733646753614
988.1055166285329,0.00017313958969494318
988.2055166285329,0.00015742617376987507
988.3055166285329,0.00014306059247249205
988.405516628533,0.00012993484169560962
988.505516628533,0.00011794885984063957
988.605516628533,0.0001070100077963498
988.705516628533,9.703257741258681e-05
988.805516628533,8.793732737726166e-05
988.9055166285331,7.965104540594658e-05
989.0055166285331,7.210613565892465e-05
989.1055166285331,6.524023031004213e-05
989.2055166285331,5.899582420479713e-05
989.3055166285332,5.331993156138429e-05
989.4055166285332,4.8163763687499496e-05
989.5055166285332,4.348242670726092e-05
989.6055166285332,3.9234638316265334e-05
989.7055166285332,3.538246260827482e-05
989.8055166285333,3.189106204401379e-05
989.9055166285333,2.8728465660782327e-05
990.0055166285333,2.5865352650807072e-05
990.1055166285333,2.3274850466218284e-05
990.2055166285334,2.093234663904994e-05
990.3055166285334,1.8815313535513174e-05
990.4055166285334,1.69031452948114e-05
990.5055166285334,1.5177006233789183e-05
990.6055166285335,1.3619690029589252e-05
990.7055166285335,1.2215489023104963e-05
990.8055166285335,1.0950073016241774e-05
990.9055166285335,9.810376965740157e-06
991.0055166285335,8.78449700547603e-06
991.1055166285336,7.861594257664063e-06
991.2055166285336,7.031805921181961e-06
991.3055166285336,6.28616315225211e-06
991.4055166285336,5.616515278917998e-06
991.5055166285337,5.015459916098579e-06
991.6055166285337,4.476278572467861e-06
991.7055166285337,3.992877363967208e-06
991.8055166285337,3.559732471402418e-06
991.9055166285337,3.1718400012972052e-06
992.0055166285338,2.8246699299691394e-06
992.1055166285338,2.514123830665034e-06
992.2055166285338,2.236496102548819e-06
992.3055166285338,1.988438438386817e-06
992.4055166285339,1.7669272849382436e-06
992.5055166285339,1.5692340663505214e-06
992.6055166285339,1.392897956299759e-06
992.7055166285339,1.235700999229119e-06
992.805516628534,1.0956453948462184e-06
992.905516628534,9.709327730703866e-07
993.005516628534,8.599452988990865e-07
993.105516628534,7.612284582170938e-07
993.205516628534,6.734753864308749e-07
993.3055166285341,5.955126120026108e-07
993.4055166285341,5.262870965120808e-07
993.5055166285341,4.64854461819327e-07
993.6055166285341,4.103683032650608e-07
993.7055166285342,3.620704956575876e-07
993.8055166285342,3.192824060825491e-07
993.9055166285342,2.8139693436223424e-07
994.0055166285342,2.4787130831151727e-07
994.1055166285342,2.1822056681334562e-07
994.2055166285343,1.920116691936879e-07
994.3055166285343,1.6885817443804943e-07
994.4055166285343,1.4841543848278906e-07
994.5055166285343,1.3037628215708625e-07
994.6055166285344,1.144670863672083e-07
994.7055166285344,1.0044427482453636e-07
994.8055166285344,8.809114804242645e-08
994.9055166285344,7.721503548335579e-08
995.0055166285345,6.764473564487788e-08
995.1055166285345,5.922821654778684e-08
995.2055166285345,5.183055154869775e-08
995.3055166285345,4.533206765730928e-08
995.4055166285345,3.9626685610306135e-08
995.5055166285346,3.46204328528232e-08
995.6055166285346,3.0230112317370476e-08
995.7055166285346,2.6382111481150832e-08
995.8055166285346,2.3011337637018664e-08
995.9055166285347,2.0060266641495785e-08
996.0055166285347,1.7478093615114267e-08
996.1055166285347,1.5219975175104016e-08
996.2055166285347,1.3246353786663586e-08
996.3055166285347,1.1522355734719458e-08
996.4055166285348,1.0017255050628934e-08
996.5055166285348,8.703996484591937e-09
996.6055166285348,7.558771301010651e-09
996.7055166285348,6.560640296582793e-09
996.8055166285349,5.691199005014055e-09
996.9055166285349,4.9342805629431596e-09
997.0055166285349,4.275692173657796e-09
997.1055166285349,3.702981522741297e-09
997.205516628535,3.2052298768896044e-09
997.305516628535,2.77286893741718e-09
997.405516628535,2.3975188267725933e-09
997.505516628535,2.071844862781324e-09
997.605516628535,1.7894310241340546e-09
997.7055166285351,1.5446682344222382e-09
997.8055166285351,1.3326557931411544e-09
997.9055166285351,1.1491144626884642e-09
998.0055166285351,9.90309882445097e-10
998.1055166285352,8.529851263273607e-10
998.2055166285352,7.343013503743149e-10
998.3055166285352,6.317855934672352e-10
998.4055166285352,5.43284898516954e-10
998.5055166285352,4.669260146252446e-10
998.6055166285353,4.010800239395314e-10
998.7055166285353,3.443313111832009e-10
998.8055166285353,2.954503600692106e-10
998.9055166285353,2.533699198171549e-10
999.0055166285354,2.1716413753989e-10
999.1055166285354,1.8603029901811743e-10
999.2055166285354,1.5927286194802658e-10
999.3055166285354,1.362895026754735e-10
999.4055166285355,1.165589302136031e-10
999.5055166285355,9.963025042282523e-11
999.6055166285355,8.511368901162262e-11
999.7055166285355,7.267250485187912e-11
999.8055166285355,6.201594531480254e-11
999.9055166285356,5.2893113211214745e-11
1000.0055166285356,4.508763072114652e-11
1000.1055166285356,3.8412999653376135e-11
1000.2055166285356,3.2708569692391154e-11
1000.3055166285357,2.783603715284648e-11
1000.4055166285357,2.367640633474607e-11
1000.5055166285357,2.0127354003310448e-11
1000.6055166285357,1.7100944936819325e-11
1000.7055166285357,1.4521653010323047e-11
1000.8055166285358,1.2324648016811433e-11
1000.9055166285358,1.0454313462522738e-11
1001.0055166285358,8.862964991549169e-12
1001.1055166285358,7.509742969538667e-12
1001.2055166285359,6.35965615164519e-12
1001.3055166285359,5.382756333141588e-12
1001.4055166285359,4.553426482935033e-12
1001.5055166285359,3.8497671354210665e-12
1001.605516628536,3.2530678043036567e-12
1001.705516628536,2.7473519181886664e-12
1001.805516628536,2.318985292821824e-12
1001.905516628536,1.9563394760355593e-12
1002.005516628536,1.6495024528059384e-12
1002.1055166285361,1.3900302004475188e-12
1002.2055166285361,1.17073345649906e-12
1002.3055166285361,9.85494820638499e-13
1002.4055166285361,8.291119713865036e-13
1002.5055166285362,6.971633510363191e-13
1002.6055166285362,5.858931692541113e-13
1002.7055166285362,4.921130068357852e-13
1002.8055166285362,4.131176746839693e-13
1002.9055166285362,3.466133066250457e-13
1003.0055166285363,2.9065594472867147e-13
1003.1055166285363,2.4359911801019174e-13
1003.2055166285363,2.040491247575155e-13
1003.3055166285363,1.7082690956375278e-13
1003.4055166285364,1.429355822463057e-13
1003.5055166285364,1.1953276048642938e-13
1003.6055166285364,9.99070340995368e-14
1003.7055166285364,8.345794884191833e-14
1003.8055166285365,6.967899374450262e-14
