958.5055166285262,1.7659000279318184e-13
958.6055166285262,2.055782625249416e-13
958.7055166285262,2.3922768859384797e-13
958.8055166285262,2.782715917225821e-13
958.9055166285262,3.235560131200753e-13
959.0055166285263,3.760566333076371e-13
959.1055166285263,4.3689815132537157e-13
959.2055166285263,5.073764851731601e-13
959.3055166285263,5.889841926659813e-13
959.4055166285264,6.834395666455266e-13
959.5055166285264,7.927199205154429e-13
959.6055166285264,9.19099650283739e-13
959.7055166285264,1.0651937387448472e-12
959.8055166285264,1.234007457283941e-12
959.9055166285265,1.4289931223477255e-12
960.0055166285265,1.654114878367714e-12
960.1055166285265,1.9139226084879518e-12
960.2055166285265,2.2136362206811193e-12
960.3055166285266,2.559241721793606e-12
960.4055166285266,2.9576006780449813e-12
960.5055166285266,3.416574870093047e-12
960.6055166285266,3.945168186837234e-12
960.7055166285267,4.553688067877143e-12
960.8055166285267,5.253929103549365e-12
960.9055166285267,6.059381737724127e-12
961.0055166285267,6.9854693964979315e-12
961.1055166285267,8.049817790522892e-12
961.2055166285268,9.272560615475807e-12
961.3055166285268,1.0676686410219604e-11
961.4055166285268,1.2288431932361191e-11
961.5055166285268,1.4137728083731782e-11
961.6055166285269,1.6258705172213662e-11
961.7055166285269,1.8690265140637283e-11
961.8055166285269,2.1476729338521936e-11
961.9055166285269,2.4668571469690302e-11
962.005516628527,2.8323246530957243e-11
962.105516628527,3.250612787823383e-11
962.205516628527,3.7291566032045876e-11
962.305516628527,4.276408448184735e-11
962.405516628527,4.9019729586613725e-11
962.5055166285271,5.616759371900371e-11
962.6055166285271,6.433153308505292e-11
962.7055166285271,7.365210419644375e-11
962.8055166285271,8.428874580603552e-11
962.9055166285272,9.64222362705571e-11
963.0055166285272,1.1025745981129809e-10
963.1055166285272,1.2602651904183933e-10
963.2055166285272,1.4399223546265224e-10
963.3055166285272,1.644520844311167e-10
963.4055166285273,1.8774261645199292e-10
963.5055166285273,2.142444225523362e-10
963.6055166285273,2.443877080661059e-10
963.7055166285273,2.786585464231712e-10
963.8055166285274,3.176058925867684e-10
963.9055166285274,3.618494446917287e-10
964.0055166285274,4.120884522887728e-10
964.1055166285274,4.691115804923447e-10
964.2055166285274,5.338079513632472e-10
964.3055166285275,6.07179497145201e-10
964.4055166285275,6.903547746387661e-10
964.5055166285275,7.846044061698579e-10
964.6055166285275,8.913583304391626e-10
964.7055166285276,1.0122250661807072e-09
964.8055166285276,1.1490132131849547e-09
964.9055166285276,1.3037554390407282e-09
965.0055166285276,1.478735226124191e-09
965.1055166285277,1.6765166821320795e-09
965.2055166285277,1.8999777490593517e-09
965.3055166285277,2.152347180217145e-09
965.4055166285277,2.4372456929559213e-09
965.5055166285277,2.7587317465036517e-09
965.6055166285278,3.1213524400782156e-09
965.7055166285278,3.530200076540633e-09
965.8055166285278,3.990974991704165e-09
965.9055166285278,4.510055309415032e-09
966.0055166285279,5.094574348119041e-09
966.1055166285279,5.752506476303077e-09
966.2055166285279,6.49276229246508e-09
966.3055166285279,7.3252940906758254e-09
966.405516628528,8.26121266594492e-09
966.505516628528,9.312916615128227e-09
966.605516628528,1.04942353997023e-08
966.705516628528,1.182058755711215e-08
966.805516628528,1.3309155578361885e-08
966.9055166285281,1.4979079111895325e-08
967.0055166285281,1.685166830851245e-08
967.1055166285281,1.8950639290032928e-08
967.2055166285281,2.1302373906681842e-08
967.3055166285282,2.3936206145814816e-08
967.4055166285282,2.6884737768780574e-08
967.5055166285282,3.0184185984671715e-08
967.6055166285282,3.387476622073881e-08
967.7055166285282,3.80011133207397e-08
967.8055166285283,4.261274479591388e-08
967.9055166285283,4.7764570070197644e-08
968.0055166285283,5.351745000334135e-08
968.1055166285283,5.993881134452626e-08
968.2055166285284,6.710332116671852e-08
968.3055166285284,7.50936267602864e-08
968.4055166285284,8.400116692537396e-08
968.5055166285284,9.392706109832065e-08
968.6055166285284,1.0498308328026615e-07
968.7055166285285,1.1729272830836828e-07
968.8055166285285,1.309923786242291e-07
968.9055166285285,1.4623258035276026e-07
969.0055166285285,1.6317943821051702e-07
969.1055166285286,1.8201613951828512e-07
969.2055166285286,2.029446184013468e-07
969.3055166285286,2.2618737212540634e-07
969.4055166285286,2.5198944243975707e-07
969.5055166285287,2.806205757852064e-07
969.6055166285287,3.123775772758567e-07
969.7055166285287,3.475868744845885e-07
969.8055166285287,3.8660730825550603e-07
969.9055166285287,4.2983316903646e-07
970.0055166285288,4.776974985745986e-07
970.1055166285288,5.306756782518484e-07
970.2055166285288,5.892893268588518e-07
970.3055166285288,6.541105322194024e-07
970.4055166285289,7.257664427867324e-07
970.5055166285289,8.049442471421382e-07
970.6055166285289,8.923965712394639e-07
970.7055166285289,9.889473252600287e-07
970.805516628529,1.095498034075605e-06
970.905516628529,1.2130346875661285e-06
971.005516628529,1.3426351494079364e-06
971.105516628529,1.485477165441169e-06
971.205516628529,1.6428470153455947e-06
971.3055166285291,1.8161488541057693e-06
971.4055166285291,2.0069147926329243e-06
971.5055166285291,2.2168157699352027e-06
971.6055166285291,2.4476732723930317e-06
971.7055166285292,2.7014719590051393e-06
971.8055166285292,2.980373254925373e-06
971.9055166285292,3.2867299792129333e-06
972.0055166285292,3.623102076470691e-06
972.1055166285292,3.992273525948907e-06
972.2055166285293,4.397270505745203e-06
972.3055166285293,4.84138089393639e-06
972.4055166285293,5.3281751928330254e-06
972.5055166285293,5.861528967051611e-06
972.6055166285294,6.445646890750256e-06
972.7055166285294,7.085088504168403e-06
972.8055166285294,7.784795784545909e-06
972.9055166285294,8.550122641566109e-06
973.0055166285294,9.386866452665954e-06
973.1055166285295,1.0301301758876662e-05
973.2055166285295,1.1300216247291592e-05
973.3055166285295,1.2390949151795368e-05
973.4055166285295,1.3581432209318285e-05
973.5055166285296,1.4880233314589404e-05
973.6055166285296,1.6296603022137942e-05
973.7055166285296,1.7840524050117983e-05
973.8055166285296,1.952276394638988e-05
973.9055166285297,2.1354931083163774e-05
974.0055166285297,2.334953415237362e-05
974.1055166285297,2.5520045339782574e-05
974.2055166285297,2.7880967361596765e-05
974.3055166285297,3.044790455305557e-05
974.4055166285298,3.323763820404465e-05
974.5055166285298,3.6268206342211024e-05
974.6055166285298,3.955898816931091e-05
974.7055166285298,4.31307933615574e-05
974.8055166285299,4.700595644951536e-05
974.9055166285299,5.120843649757258e-05
975.0055166285299,5.576392230715675e-05
975.1055166285299,6.069994337162292e-05
975.20551662853,6.604598681404597e-05
975.30551662853,7.183362054198149e-05
975.40551662853,7.809662285553739e-05
975.50551662853,8.487111874677979e-05
975.60551662853,9.219572312951187e-05
975.7055166285301,0.000100111691238767
975.8055166285301,0.00010866307643886092
975.9055166285301,0.0001178968956775101
976.0055166285301,0.00012786330282125205
976.1055166285302,0.00013861577010415094
976.2055166285302,0.00015021127791744546
976.3055166285302,0.0001627105131623294
976.4055166285302,0.00017617807638138937
976.5055166285302,0.00019068269787623872
976.6055166285303,0.00020629746300955778
976.7055166285303,0.0002231000468789599
976.8055166285303,0.00024117295853777953
976.9055166285303,0.0002606037949239653
977.0055166285304,0.0002814855046426464
977.1055166285304,0.0003039166617305622
977.2055166285304,0.0003280017495113483
977.3055166285304,0.0003538514546295185
977.4055166285304,0.0003815829713278821
977.5055166285305,0.0004113203160079436
977.6055166285305,0.0004431946520855243
977.7055166285305,0.00047734462512433965
977.8055166285305,0.0005139167081985227
977.9055166285306,0.0005530655574009941
978.0055166285306,0.0005949543773781824
978.1055166285306,0.0006397552967327579
978.2055166285306,0.0006876497530947834
978.3055166285307,0.0007388288876179592
978.4055166285307,0.0007934939486113961
978.5055166285307,0.0008518567039686703
978.6055166285307,0.0009141398620046315
978.7055166285307,0.0009805775002567493
978.8055166285308,0.0010514155017515782
978.9055166285308,0.0011269119981782308
979.0055166285308,0.0012073378193497549
979.1055166285308,0.001292976948269845
979.2055166285309,0.001384126981056676
979.3055166285309,0.0014810995909077637
979.4055166285309,0.0015842209952197674
979.5055166285309,0.0016938324249052403
979.605516628531,0.0018102905948745277
979.705516628531,0.0019339681745755245
979.805516628531,0.0020652542574070127
979.905516628531,0.002204554827742992
980.005516628531,0.002352293224225814
980.1055166285311,0.0025089105979057137
980.2055166285311,0.0026748663637231524
980.3055166285311,0.0028506386437489014
980.4055166285311,0.0030367247005153317
980.5055166285312,0.0032336413586907934
980.6055166285312,0.003441925413268166
980.7055166285312,0.0036621340223584506
980.8055166285312,0.003894845082601503
980.9055166285312,0.004140657585128467
981.0055166285313,0.004400191949935286
981.1055166285313,0.004674090336453492
981.2055166285313,0.004963016928034298
981.3055166285313,0.005267658187995032
981.4055166285314,0.005588723084813652
981.5055166285314,0.005926943283997926
981.6055166285314,0.006283073304101316
981.7055166285314,0.006657890634308436
981.8055166285314,0.007052195810968909
981.9055166285315,0.00746681245042124
982.0055166285315,0.007902587235417076
982.1055166285315,0.008360389852432601
982.2055166285315,0.008841112877137833
982.3055166285316,0.009345671605286493
982.4055166285316,0.009875003826290153
982.5055166285316,0.010430069536750314
982.6055166285316,0.011011850591241818
982.7055166285317,0.011621350287670983
982.8055166285317,0.012259592884572398
982.9055166285317,0.01292762304776002
983.0055166285317,0.013626505223811461
983.1055166285317,0.01435732293793942
983.2055166285318,0.015121178013891788
983.3055166285318,0.015919189713622023
983.4055166285318,0.01675249379458427
983.5055166285318,0.01762224148263442
983.6055166285319,0.01852959835865757
983.7055166285319,0.019475743157196114
983.8055166285319,0.02046186647551965
983.9055166285319,0.021489169391759388
984.005516628532,0.02255886199092394
984.105516628532,0.023672161797823443
984.205516628532,0.024830292116150433
984.305516628532,0.02603448027320344
984.405516628532,0.027285955769988227
984.5055166285321,0.028585948336695574
984.6055166285321,0.029935685893829597
984.7055166285321,0.031336392419549906
984.8055166285321,0.032789285724090775
984.9055166285322,0.034295575132432296
985.0055166285322,0.03585645907672195
985.1055166285322,0.037473122600276666
985.2055166285322,0.039146734775338615
985.3055166285322,0.04087844603710757
985.4055166285323,0.04266938543693208
985.5055166285323,0.04452065781790472
985.6055166285323,0.04643334091647854
985.7055166285323,0.048408482394095155
985.8055166285324,0.05044709680319314
985.9055166285324,0.05255016249234458
986.0055166285324,0.05471861845564796
986.1055166285324,0.05695336113188438
986.2055166285325,0.059255241159321057
986.3055166285325,0.06162506009241883
986.4055166285325,0.06406356708706822
986.5055166285325,0.06657145556133874
986.6055166285325,0.06914935983907836
986.7055166285326,0.07179785178404152
986.8055166285326,0.07451743743255376
986.9055166285326,0.07730855363303697
987.0055166285326,0.08017156470101981
987.1055166285327,0.08310675909854158
987.2055166285327,0.0861143461471223
987.3055166285327,0.08919445278371545
987.4055166285327,0.09234712036928329
987.5055166285327,0.09557230155983065
987.6055166285328,0.09886985724990804
987.7055166285328,0.10223955359873901
987.8055166285328,0.10568105914924483
987.9055166285328,0.1091939420503268
988.0055166285329,0.11277766739282194
988.1055166285329,0.11643159466957208
988.2055166285329,0.12015497537003564
988.3055166285329,0.1239469507198262
988.405516628533,0.12780654957548104
988.505516628533,0.13173268648464542
988.605516628533,0.13572415992170234
988.705516628533,0.1397796507086858
988.805516628533,0.14389772063108225
988.9055166285331,0.1480768112578552
989.0055166285331,0.15231524297471866
989.1055166285331,0.15661121423933466
989.2055166285331,0.16096280106672536
989.3055166285332,0.16536795675276061
989.4055166285332,0.16982451184312017
989.5055166285332,0.17433017435462617
989.6055166285332,0.17888253025530373
989.7055166285332,0.18347904420895264
989.8055166285333,0.1881170605894042
989.9055166285333,0.19279380476899566
990.0055166285333,0.19750638468512052
990.1055166285333,0.20225179268800844
990.2055166285334,0.20702690767215798
990.3055166285334,0.2118284974930857
990.4055166285334,0.21665322167027368
990.5055166285334,0.2214976343763929
990.6055166285335,0.22635818771205793
990.7055166285335,0.23123123526452766
990.8055166285335,0.23611303594791241
990.9055166285335,0.24099975812158514
991.0055166285335,0.24588748398261964
991.1055166285336,0.2507722142272009
991.2055166285336,0.25564987297507497
991.3055166285336,0.2605163129502237
991.4055166285336,0.26536732091007936
991.5055166285337,0.27019862331472594
991.6055166285337,0.27500589222667965
991.7055166285337,0.2797847514310017
991.8055166285337,0.2845307827646732
991.9055166285337,0.2892395326433635
992.0055166285338,0.293906518772944
992.1055166285338,0.2985272370323553
992.2055166285338,0.30309716851371643
992.3055166285338,0.3076117867048839
992.4055166285339,0.31206656479902367
992.5055166285339,0.31645698311515325
992.6055166285339,0.3207785366130554
992.7055166285339,0.32502674248544355
992.805516628534,0.32919714780979853
992.905516628534,0.3332853372418786
993.005516628534,0.33728694073254495
993.105516628534,0.3411976412492366
993.205516628534,0.3450131824831822
993.3055166285341,0.3487293765232438
993.4055166285341,0.3523421114771601
993.5055166285341,0.35584735902088643
993.6055166285341,0.35924118185672393
993.7055166285342,0.3625197410609883
993.8055166285342,0.3656793033020865
993.9055166285342,0.36871624791005875
994.0055166285342,0.3716270737788872
994.1055166285342,0.37440840608318743
994.2055166285343,0.37705700279127174
994.3055166285343,0.37956976095701106
994.4055166285343,0.3819437227734184
994.5055166285343,0.3841760813714352
994.6055166285344,0.38626418634801557
994.7055166285344,0.3882055490082743
994.8055166285344,0.3899978473071916
994.9055166285344,0.39163893047714016
995.0055166285345,0.39312682332832855
995.1055166285345,0.39445973021012726
995.2055166285345,0.3956360386221544
995.3055166285345,0.3966543224649596
995.4055166285345,0.3975133449211304
995.5055166285346,0.398212060958676
995.6055166285346,0.3987496194495936
995.7055166285346,0.39912536489760614
995.8055166285346,0.39933883877016313
995.9055166285347,0.399389164479618
996.0055166285347,0.399253252797669
996.1055166285347,0.39891962061787206
996.2055166285347,0.3983887636616487
996.3055166285347,0.3976614701232969
996.4055166285348,0.3967388187198504
996.5055166285348,0.39562217602494715
996.6055166285348,0.3943131930959294
996.7055166285348,0.39281380140582955
996.8055166285349,0.391126208094271
996.9055166285349,0.38925289055362894
997.0055166285349,0.38719659036903803
997.1055166285349,0.3849603066329968
997.205516628535,0.3825472886573836
997.305516628535,0.3799610281076732
997.405516628535,0.37720525058599963
997.505516628535,0.37428390669145883
997.605516628535,0.3712011625876641
997.7055166285351,0.3679613901090613
997.8055166285351,0.3645691564388668
997.9055166285351,0.36102921339270877
998.0055166285351,0.3573464863431236
998.1055166285352,0.3535260628209851
998.2055166285352,0.34957318083071603
998.3055166285352,0.3454932169167538
998.4055166285352,0.3412916740192073
998.5055166285352,0.33697416915695544
998.6055166285353,0.33254642097659437
998.7055166285353,0.32801423720564676
998.8055166285353,0.32338350204829874
998.9055166285353,0.3186601635616359
999.0055166285354,0.31385022104990723
999.1055166285354,0.3089597125137654
999.2055166285354,0.30399470219071045
999.3055166285354,0.2989612682221125
999.4055166285355,0.2938654904812121
999.5055166285355,0.2887134385953975
999.6055166285355,0.28351116019484834
999.7055166285355,0.27826466941831585
999.8055166285355,0.2729799357053977
999.9055166285356,0.26766287290315455
1000.0055166285356,0.2623193287133319
1000.1055166285356,0.2569550745047848
1000.2055166285356,0.25157579551397796
1000.3055166285357,0.2461870814546511
1000.4055166285357,0.24079441755590678
1000.5055166285357,0.23540317604611144
1000.6055166285357,0.230018608098103
1000.7055166285357,0.22464583624927884
1000.8055166285358,0.21928984730821113
1000.9055166285358,0.21395548575750462
1001.0055166285358,0.2086474476606862
1001.1055166285358,0.20337027507900568
1001.2055166285359,0.19812835100213844
1001.3055166285359,0.1929258947949233
1001.4055166285359,0.18776695816044842
1001.5055166285359,0.18265542161802223
1001.605516628536,0.1775949914928438
1001.705516628536,0.17258919741251938
1001.805516628536,0.16764139030397038
1001.905516628536,0.16275474088274328
1002.005516628536,0.1579322386252724
1002.1055166285361,0.1531766912132645
1002.2055166285361,0.14849072443807318
1002.3055166285361,0.1438767825517171
1002.4055166285361,0.13933712905006848
1002.5055166285362,0.1348738478727025
1002.6055166285362,0.13048884500295335
1002.7055166285362,0.1261838504508722
1002.8055166285362,0.12196042060102655
1002.9055166285362,0.1178199409064172
1003.0055166285363,0.11376362890922383
1003.1055166285363,0.10979253756861404
1003.2055166285363,0.1059075588754733
1003.3055166285363,0.1021094277336212
1003.4055166285364,0.09839872608688119
1003.5055166285364,0.09477588727125863
1003.6055166285364,0.09124120057145332
1003.7055166285364,0.08779481596098772
1003.8055166285365,0.08443674900536426
