958.5055166285262,1.3146780424192515
958.6055166285262,1.3167806682841383
958.7055166285262,1.318955162642666
958.8055166285262,1.321203054237325
958.9055166285262,1.3235258591744101
959.0055166285263,1.3259250782595065
959.1055166285263,1.3284021942479363
959.2055166285263,1.3309586690124107
959.3055166285263,1.3335959406304245
959.4055166285264,1.3363154203942296
959.5055166285264,1.3391184897465354
959.6055166285264,1.3420064971453909
959.7055166285264,1.3449807548620196
959.8055166285264,1.3480425357156856
959.9055166285265,1.3511930697499963
960.0055166285265,1.3544335408553543
960.1055166285265,1.3577650833425914
960.2055166285265,1.3611887784731254
960.3055166285266,1.3647056509512974
960.4055166285266,1.368316665384848
960.5055166285266,1.3720227227197936
960.6055166285266,1.3758246566562593
960.7055166285267,1.3797232300521065
960.8055166285267,1.3837191313214836
960.9055166285267,1.3878129708356792
961.0055166285267,1.3920052773339306
961.1055166285267,1.3962964943520746
961.2055166285268,1.4006869766771635
961.3055166285268,1.4051769868363841
961.4055166285268,1.4097666916288207
961.5055166285268,1.4144561587087798
961.6055166285269,1.4192453532295715
961.7055166285269,1.4241341345567728
961.8055166285269,1.4291222530601404
961.9055166285269,1.4342093469934274
962.005516628527,1.4393949394714558
962.105516628527,1.444678435553842
962.205516628527,1.4500591194448096
962.305516628527,1.455536151818539
962.405516628527,1.461108567279469
962.5055166285271,1.4667752719669407
962.6055166285271,1.4725350413134803
962.7055166285271,1.4783865179659363
962.8055166285271,1.4843282098785402
962.9055166285272,1.4903584885868135
963.0055166285272,1.4964755876710478
963.1055166285272,1.5026776014178727
963.2055166285272,1.5089624836881723
963.3055166285272,1.5153280469993424
963.4055166285273,1.5217719618295604
963.5055166285273,1.5282917561514187
963.6055166285273,1.53488481520189
963.7055166285273,1.5415483814952105
963.8055166285274,1.5482795550848332
963.9055166285274,1.5550752940801584
964.0055166285274,1.5619324154232648
964.1055166285274,1.5688475959303596
964.2055166285274,1.5758173736021384
964.3055166285275,1.5828381492066854
964.4055166285275,1.5899061881379657
964.5055166285275,1.597017622552366
964.6055166285275,1.6041684537851115
964.7055166285276,1.6113545550477513
964.8055166285276,1.6185716744072405
964.9055166285276,1.6258154380464833
965.0055166285276,1.6330813538054982
965.1055166285277,1.6403648150016799
965.2055166285277,1.6476611045269127
965.3055166285277,1.6549653992185749
965.4055166285277,1.6622727745007428
965.5055166285277,1.669578209291184
965.6055166285278,1.6768765911689827
965.7055166285278,1.6841627217969233
965.8055166285278,1.691431322592018
965.9055166285278,1.6986770406368488
966.0055166285279,1.7058944548236727
966.1055166285279,1.713078082222533
966.2055166285279,1.720222384663928
966.3055166285279,1.727321775525901
966.405516628528,1.7343706267147634
966.505516628528,1.7413632758280029
966.605516628528,1.748294033487322
966.705516628528,1.7551571908291401
966.805516628528,1.7619470271393258
966.9055166285281,1.7686578176183811
967.0055166285281,1.7752838412627816
967.1055166285281,1.7818193888476923
967.2055166285281,1.788258770995844
967.3055166285282,1.7945963263169202
967.4055166285282,1.8008264296014544
967.5055166285282,1.8069435000528864
967.6055166285282,1.8129420095411417
967.7055166285282,1.8188164908608442
967.8055166285283,1.8245615459770645
967.9055166285283,1.8301718542413499
968.0055166285283,1.8356421805606566
968.1055166285283,1.8409673835017475
968.2055166285284,1.8461424233135872
968.3055166285284,1.8511623698503006
968.4055166285284,1.8560224103773275
968.5055166285284,1.8607178572435452
968.6055166285284,1.865244155402284
968.7055166285285,1.8695968897644017
968.8055166285285,1.8737717923668362
968.9055166285285,1.8777647493403906
969.0055166285285,1.8815718076608543
969.1055166285286,1.8851891816679878
969.2055166285286,1.8886132593373528
969.3055166285286,1.8918406082904682
969.4055166285286,1.894867981529327
969.5055166285287,1.8976923228818863
969.6055166285287,1.90031077214578
969.7055166285287,1.9027206699181645
969.8055166285287,1.9049195621003125
969.9055166285287,1.9069052040663113
970.0055166285288,1.9086755644859834
970.1055166285288,1.9102288287929627
970.2055166285288,1.9115634022896701
970.3055166285288,1.912677912881806
970.4055166285289,1.9135712134358367
970.5055166285289,1.91424238375386
970.6055166285289,1.9146907321611508
970.7055166285289,1.9149157967026054
970.805516628529,1.9149013365855656
970.905516628529,1.914548837216964
971.005516628529,1.9138420203071433
971.105516628529,1.9127820455750109
971.205516628529,1.9113706500434273
971.3055166285291,1.9096101433128614
971.4055166285291,1.9075034012819643
971.5055166285291,1.9050538583390972
971.6055166285291,1.902265498054653
971.7055166285292,1.899142842409632
971.8055166285292,1.895690939601427
971.9055166285292,1.891915350473028
972.0055166285292,1.8878221336169059
972.1055166285292,1.8834178292096433
972.2055166285293,1.8787094416378962
972.3055166285293,1.8737044209805243
972.4055166285293,1.8684106434156398
972.5055166285293,1.862836390624944
972.6055166285294,1.8569903282709697
972.7055166285294,1.8508814836257534
972.8055166285294,1.844519222432009
972.9055166285294,1.8379132250800279
973.0055166285294,1.831073462185314
973.1055166285295,1.8240101696533593
973.2055166285295,1.8167338233189656
973.3055166285295,1.8092551132481285
973.4055166285295,1.801584917790727
973.5055166285296,1.7937342774721046
973.6055166285296,1.7857143688110688
973.7055166285296,1.777536478150949
973.8055166285296,1.7692119755890532
973.9055166285297,1.7607522890882508
974.0055166285297,1.7521688788524414
974.1055166285297,1.7434732120453826
974.2055166285297,1.7346767379297539
974.3055166285297,1.7257908635004555
974.4055166285298,1.7168269296829863
974.5055166285298,1.7077961881643429
974.6055166285298,1.6987097789202503
974.7055166285298,1.6895787084987037
974.8055166285299,1.6804138291157673
974.9055166285299,1.6712258186154072
975.0055166285299,1.6620251613408052
975.1055166285299,1.6528221299601737
975.20551662853,1.6436267682855663
975.30551662853,1.634448875118592
975.40551662853,1.6252979891523078
975.50551662853,1.616183374953922
975.60551662853,1.6071140100482892
975.7055166285301,1.598098573117567
975.8055166285301,1.5891454333278308
975.9055166285301,1.5802626407889473
976.0055166285301,1.5714579181495982
976.1055166285302,1.562738653325038
976.2055166285302,1.5541118933510034
976.3055166285302,1.545584339353151
976.4055166285302,1.537162342617533
976.5055166285302,1.5288519017439144
976.6055166285303,1.5206586608602186
976.7055166285303,1.5125879088730756
976.8055166285303,1.504644579726323
976.9055166285303,1.496833253636425
977.0055166285304,1.4891581592710883
977.1055166285304,1.4816231768349184
977.2055166285304,1.474231842023734
977.3055166285304,1.46698735080719
977.4055166285304,1.4598925649976107
977.5055166285305,1.4529500185614321
977.6055166285305,1.446161924628388
977.7055166285305,1.439530183152534
977.8055166285305,1.4330563891784056
977.9055166285306,1.4267418416650255
978.0055166285306,1.4205875528201182
978.1055166285306,1.4145942578967408
978.2055166285306,1.4087624254046114
978.3055166285307,1.4030922676886597
978.4055166285307,1.3975837518277838
978.5055166285307,1.3922366108074158
978.6055166285307,1.3870503549202928
978.7055166285307,1.382024283350784
978.8055166285308,1.3771574958992159
978.9055166285308,1.37244890480387
979.0055166285308,1.3678972466196868
979.1055166285308,1.363501094114162
979.2055166285309,1.359258868142493
979.3055166285309,1.3551688494656784
979.4055166285309,1.3512291904769969
979.5055166285309,1.347437926804076
979.605516628531,1.3437929887555993
979.705516628531,1.3402922125835746
979.805516628531,1.3369333515339923
979.905516628531,1.3337140866606196
980.005516628531,1.3306320373786111
980.1055166285311,1.327684771736538
980.2055166285311,1.324869816387355
980.3055166285311,1.3221846662407173
980.4055166285311,1.3196267937809258
980.5055166285312,1.317193658036607
980.6055166285312,1.3148827131900174
980.7055166285312,1.3126914168156032
980.8055166285312,1.3106172377391214
980.9055166285312,1.3086576635102456
981.0055166285313,1.306810207483144
981.1055166285313,1.3050724155009865
981.2055166285313,1.3034418721817689
981.3055166285313,1.3019162068041594
981.4055166285314,1.3004930987933545
981.5055166285314,1.299170282808093
981.6055166285314,1.2979455534310989
981.7055166285314,1.2968167694662278
981.8055166285314,1.2957818578465559
981.9055166285315,1.2948388171584915
982.0055166285315,1.293985720787799
982.1055166285315,1.2932207196941155
982.2055166285315,1.2925420448211897
982.3055166285316,1.2919480091506275
982.4055166285316,1.291437009407423
982.5055166285316,1.291007527425987
982.6055166285316,1.290658131185735
982.7055166285317,1.2903874755256104
982.8055166285317,1.2901943025471556
982.9055166285317,1.290077441715939
983.0055166285317,1.2900358096712852
983.1055166285317,1.2900684097543516
983.2055166285318,1.2901743312646536
983.3055166285318,1.2903527484551471
983.4055166285318,1.2906029192759685
983.5055166285318,1.2909241838768795
983.6055166285319,1.2913159628783908
983.7055166285319,1.2917777554214454
983.8055166285319,1.2923091370054198
983.9055166285319,1.2929097571240844
984.005516628532,1.2935793367090058
984.105516628532,1.2943176653897428
984.205516628532,1.2951245985800153
984.305516628532,1.2960000543988834
984.405516628532,1.296944010435807
984.5055166285321,1.2979565003683076
984.6055166285321,1.2990376104408066
984.7055166285321,1.300187475813074
984.8055166285321,1.301406276786588
984.9055166285322,1.3026942349169919
985.0055166285322,1.3040516090207228
985.1055166285322,1.3054786910837974
985.2055166285322,1.3069758020806612
985.3055166285322,1.3085432877109426
985.4055166285323,1.310181514061912
985.5055166285323,1.3118908632044075
985.6055166285323,1.3136717287299862
985.7055166285323,1.315524511237051
985.8055166285324,1.3174496137737308
985.9055166285324,1.3194474372453144
986.0055166285324,1.3215183757941034
986.1055166285324,1.3236628121595893
986.2055166285325,1.325881113026956
986.3055166285325,1.3281736243719764
986.4055166285325,1.3305406668104796
986.5055166285325,1.3329825309606638
986.6055166285325,1.3354994728266383
986.7055166285326,1.3380917092117006
986.8055166285326,1.3407594131699634
986.9055166285326,1.343502709505076
987.0055166285326,1.3463216703248935
987.1055166285327,1.3492163106610726
987.2055166285327,1.3521865841626746
987.3055166285327,1.3552323788729652
987.4055166285327,1.3583535130986957
987.5055166285327,1.361549731381226
987.6055166285328,1.3648207005789295
987.7055166285328,1.3681660060703646
987.8055166285328,1.3715851480877357
987.9055166285328,1.3750775381901874
988.0055166285329,1.3786424958864645
988.1055166285329,1.382279245416442
988.2055166285329,1.3859869127009805
988.3055166285329,1.3897645224694737
988.405516628533,1.3936109955743516
988.505516628533,1.3975251465016612
988.605516628533,1.4015056810866737
988.705516628533,1.4055511944432735
988.805516628533,1.4096601691156345
988.9055166285331,1.4138309734604362
989.0055166285331,1.4180618602675525
989.1055166285331,1.4223509656268196
989.2055166285331,1.4266963080481052
989.3055166285332,1.431095787841497
989.4055166285332,1.4355471867639826
989.5055166285332,1.4400481679385084
989.6055166285332,1.4445962760507949
989.7055166285332,1.449188937828736
989.8055166285333,1.4538234628086233
989.9055166285333,1.4584970443918315
990.0055166285333,1.4632067611949464
990.1055166285333,1.4679495786956496
990.2055166285334,1.472722351175972
990.3055166285334,1.4775218239637962
990.4055166285334,1.4823446359727435
990.5055166285334,1.4871873225398016
990.6055166285335,1.4920463185592625
990.7055166285335,1.4969179619107258
990.8055166285335,1.5017984971781035
990.9055166285335,1.506684079655726
991.0055166285335,1.5115707796368
991.1055166285336,1.5164545869786337
991.2055166285336,1.5213314159381712
991.3055166285336,1.526197110270551
991.4055166285336,1.5310474485825334
991.5055166285337,1.535878149931817
991.6055166285337,1.540684879662427
991.7055166285337,1.5454632554655405
991.8055166285337,1.5502088536543197
991.9055166285337,1.5549172156405398
992.0055166285338,1.559583854600049
992.1055166285338,1.564204262313361
992.2055166285338,1.568773916166994
992.3055166285338,1.5732882863004973
992.4055166285339,1.5777428428834837
992.5055166285339,1.5821330635063946
992.6055166285339,1.5864544406681866
992.7055166285339,1.590702489343618
992.805516628534,1.5948727546123684
992.905516628534,1.5989608193318268
993.005516628534,1.602962311835019
993.105516628534,1.6068729136348698
993.205516628534,1.6106883671157437
993.3055166285341,1.6144044831930309
993.4055166285341,1.6180171489214317
993.5055166285341,1.6215223350325232
993.6055166285341,1.6249161033822022
993.7055166285342,1.628194614288659
993.8055166285342,1.6313541337416675
993.9055166285342,1.6343910404641682
994.0055166285342,1.6373018328073705
994.1055166285342,1.6400831354609293
994.2055166285343,1.6427317059601159
994.3055166285343,1.6452444409723606
994.4055166285343,1.647618382346032
994.5055166285343,1.6498507229048924
994.6055166285344,1.6519388119722769
994.7055166285344,1.6538801606097242
994.8055166285344,1.6556724465555146
994.9055166285344,1.6573135188493506
995.0055166285345,1.6588014021302393
995.1055166285345,1.660134300595519
995.2055166285345,1.6613106016098809
995.3055166285345,1.6623288789542023
995.4055166285345,1.663187895704991
995.5055166285346,1.6638866067362839
995.6055166285346,1.6644241608368808
995.7055166285346,1.6647999024368927
995.8055166285346,1.6650133729386758
995.9055166285347,1.6650636956970595
996.0055166285347,1.6649277814329375
996.1055166285347,1.6645941469950223
996.2055166285347,1.6640632880651776
996.3055166285347,1.6633359928028275
996.4055166285348,1.6624133398942804
996.5055166285348,1.6612966958861186
996.6055166285348,1.6599877118118758
996.7055166285348,1.6584883191236448
996.8055166285349,1.656800724942645
996.9055166285349,1.6549274066450845
997.0055166285349,1.6528711058019052
997.1055166285349,1.6506348214931532
997.205516628535,1.6482218030197884
997.305516628535,1.6456355420377171
997.405516628535,1.6428797641406936
997.505516628535,1.6399584199204786
997.605516628535,1.6368756755342702
997.7055166285351,1.6336359028109046
997.8055166285351,1.6302436689286977
997.9055166285351,1.6267037256989982
998.0055166285351,1.6230209984906085
998.1055166285352,1.619200574831145
998.2055166285352,1.6152476927221924
998.3055166285352,1.6111677287057145
998.4055166285352,1.606966185719667
998.5055166285352,1.6026486807810565
998.6055166285353,1.5982209325348493
998.7055166285353,1.593688748707153
998.8055166285353,1.589058013500924
998.9055166285353,1.584334674972181
999.0055166285354,1.5795247324242463
999.1055166285354,1.5746342238569708
999.2055166285354,1.5696692135071584
999.3055166285354,1.564635779515577
999.4055166285355,1.5595400017549461
999.5055166285355,1.5543879498522029
999.6055166285355,1.549185671437137
999.7055166285355,1.5439391806481633
999.8055166285355,1.5386544469245886
999.9055166285356,1.5333373841132227
1000.0055166285356,1.5279938399155946
1000.1055166285356,1.5226295857003729
1000.2055166285356,1.5172503067038616
1000.3055166285357,1.5118615926396621
1000.4055166285357,1.506468928736758
1000.5055166285357,1.5010776872234137
1000.6055166285357,1.495693119272379
1000.7055166285357,1.4903203474209754
1000.8055166285358,1.4849643584777108
1000.9055166285358,1.4796299969251339
1001.0055166285358,1.4743219588267242
1001.1055166285358,1.4690447862436904
1001.2055166285359,1.4638028621656731
1001.3055166285359,1.458600405957481
1001.4055166285359,1.4534414693221769
1001.5055166285359,1.448329932779047
1001.605516628536,1.4432695026532718
1001.705516628536,1.4382637085724417
1001.805516628536,1.4333159014634644
1001.905516628536,1.4284292520418747
1002.005516628536,1.423606749784097
1002.1055166285361,1.4188512023718296
1002.2055166285361,1.414165235596419
1002.3055166285361,1.4095512937098775
1002.4055166285361,1.4050116402080726
1002.5055166285362,1.4005483590305747
1002.6055166285362,1.3961633561607143
1002.7055166285362,1.3918583616085394
1002.8055166285362,1.3876349317586147
1002.9055166285362,1.3834944520639387
1003.0055166285363,1.3794381400666895
1003.1055166285363,1.3754670487260325
1003.2055166285363,1.3715820700328523
1003.3055166285363,1.367783938890967
1003.4055166285364,1.364073237244199
1003.5055166285364,1.3604503984285532
1003.6055166285364,1.3569157117287283
1003.7055166285364,1.353469327118246
1003.8055166285365,1.3501112601626089
